0.00 1
0.00 2
0.05 3
0.11 4
0.19 5
0.36 6
0.62 7
0.63 8
0.67 9
0.85 10
1.05 11
1.30 12
1.67 13
2.63 14
2.74 15
2.75 16
2.96 17
3.16 18
4.47 19
4.81 20
5.43 21
5.55 22
6.29 23
7.04 24
7.69 25
7.91 26
8.03 27
9.74 28
11.51 29
13.37 30
13.80 31
19.34 32
20.63 33
20.96 34
22.64 35
24.35 36
25.95 37
27.11 38
27.63 39
29.62 40
30.28 41
30.68 42
31.30 43
38.02 44
40.12 45
41.84 46
42.39 47
42.72 48
43.34 49
50.36 50
50.62 51
54.24 52
55.37 53
55.86 54
61.38 55
63.86 56
63.92 57
64.48 58
66.13 59
73.46 60
74.17 61
79.21 62
81.38 63
82.84 64
89.68 65
92.59 66
99.34 67
101.33 68
103.56 69
103.76 70
108.40 71
110.64 72
110.73 73
117.30 74
117.75 75
118.32 76
120.77 77
126.84 78
132.63 79
132.64 80
134.59 81
139.99 82
140.87 83
146.19 84
146.38 85
147.37 86
148.24 87
154.23 88
157.70 89
159.95 90
159.96 91
160.59 92
162.89 93
162.96 94
163.44 95
166.53 96
172.91 97
175.86 98
176.75 99
184.28 100
188.95 101
190.84 102
199.37 103
200.65 104
201.70 105
205.83 106
214.94 107
217.01 108
224.25 109
227.96 110
229.68 111
235.64 112
237.69 113
238.24 114
241.51 115
254.12 116
257.84 117
261.52 118
264.81 119
269.17 120
269.91 121
271.32 122
272.38 123
279.29 124
287.83 125
292.98 126
301.64 127
312.61 128
313.10 129
316.80 130
333.92 131
344.21 132
348.19 133
355.49 134
355.53 135
357.47 136
359.03 137
366.22 138
369.03 139
372.05 140
372.97 141
373.18 142
376.11 143
391.52 144
400.53 145
418.53 146
420.48 147
421.91 148
425.57 149
435.12 150
445.71 151
446.20 152
454.87 153
455.40 154
458.96 155
467.06 156
468.10 157
496.50 158
517.85 159
530.39 160
542.90 161
544.04 162
547.04 163
553.40 164
555.02 165
617.52 166
634.07 167
634.79 168
642.64 169
644.32 170
685.49 171
695.21 172
700.63 173
708.07 174
718.09 175
725.48 176
733.24 177
757.49 178
795.49 179
807.97 180
827.86 181
845.34 182
870.37 183
915.08 184
917.30 185
918.53 186
996.41 187
1102.78 188
1182.11 189
1210.18 190
1227.60 191
1232.96 192
1239.53 193
1262.54 194
1265.11 195
1294.07 196
1320.95 197
1340.22 198
1348.90 199
1362.47 200
1379.45 201
1379.45 202
1391.68 203
1404.59 204
1458.62 205
1459.98 206
1583.47 207
1605.58 208
1613.87 209
1637.26 210
1640.16 211
1650.47 212
1705.87 213
1742.50 214
1752.80 215
1762.12 216
1798.65 217
1803.90 218
1819.87 219
1826.99 220
1861.98 221
1873.96 222
1877.81 223
1890.87 224
1903.87 225
1982.92 226
1988.64 227
2061.78 228
2169.02 229
2228.13 230
2313.33 231
2327.24 232
2361.78 233
2367.52 234
2381.32 235
2474.03 236
2478.73 237
2591.99 238
2606.16 239
2608.26 240
2694.06 241
2788.66 242
2800.73 243
2804.23 244
2841.20 245
2959.17 246
3001.86 247
3017.16 248
3019.41 249
3132.04 250
3270.65 251
3580.74 252
3612.61 253
3630.35 254
3641.73 255
3711.46 256
4251.12 257
4341.02 258
4425.59 259
4530.72 260
5169.91 261
5337.79 262
5451.68 263
5453.03 264
5576.46 265
5635.46 266
5652.94 267
5741.92 268
5753.12 269
6430.81 270
