2 xxx 20.91304347826086956521 4.81 .230
3 xxx 11.20284267542728371095 1650.47 147.326
4 xxx 27.66424750784228324222 5652.94 204.341
7 xxx 2.95560416934757431476 229.68 77.710
10 xxx 1.89454884798558373020 117.75 62.152
12 xxx 973.03225806451612903225 301.64 .310
13 xxx 85.39831302717900656044 1640.16 19.206
15 xxx 24.77052927729910321786 140.87 5.687
17 xxx 4.99355836124710126256 271.32 54.334
18 xxx 11.54394097259137978693 542.90 47.029
19 xxx 7.28293356229146515090 1340.22 184.022
21 xxx 76.83497884344146685472 272.38 3.545
22 xxx 17.46853600944510035419 2959.17 169.400
24 xxx .42772123032426720062 7.69 17.979
27 xxx 5.00242483026188166828 20.63 4.124
31 xxx 16.85428598253685099990 359.03 21.302
34 xxx 581395.34883720930232558139 50000 .086
36 xxx 4.80140689316213061374 312.61 65.108
37 xxx 27163.28767123287671232876 1982.92 .073
38 xxx 2.36395942844451025394 63.86 27.014
40 xxx 12.43036473820905634810 1320.95 106.268
43 xxx 1.11863879695239787645 50.36 45.019
44 xxx 4.06288022582372122450 333.92 82.188
45 xxx .39218482601254991443 2.75 7.012
46 xxx 45.14540126239855725879 400.53 8.872
47 xxx 11.76875120509030143325 366.22 31.118
49 xxx 14.02810544671248333162 547.04 38.996
50 xxx 1.62853654652582408832 30.68 18.839
51 xxx 1.28277474500012628221 355.53 277.157
53 xxx .45582047685834502103 1.30 2.852
54 xxx 2.67577474175274908363 8.03 3.001
55 xxx 45.43779313407154552771 1637.26 36.033
56 xxx 3.92641401857692390967 544.04 138.559
59 xxx 1.38694208779048321652 63.92 46.087
61 xxx 28.58197505460190249273 1583.47 55.401
64 xxx 2.72837105139085337105 92.59 33.936
65 xxx 2.15695464250377545175 82.84 38.406
67 xxx 527.50751334459712025836 35280.23 66.881
69 xxx 39.92391304347826086956 73.46 1.840
71 xxx 5098.39910268175792801060 50000 9.807
72 xxx .95058768420987753240 154.23 162.247
78 xxx 1.76041537890963036222 42.72 24.267
79 xxx 10.51600099230960059538 42.39 4.031
80 xxx 14.05663493588781117684 468.10 33.301
