2 xxx 217391.30434782608695652173 50000 .230
3 xxx 1.30798365529505993510 192.7 147.326
4 xxx 88.47416817966046950930 18078.9 204.341
7 xxx 3.47960365461330588083 270.4 77.710
10 xxx 2.45205303127815677693 152.4 62.152
12 xxx .32258064516129032258 0.1 .310
13 xxx 163.11569301260022909507 3132.8 19.206
15 xxx 13.20555653244241251978 75.1 5.687
17 xxx 4.36559060625023005852 237.2 54.334
18 xxx 12.83888664441089540496 603.8 47.029
19 xxx 12.98160002608383780200 2388.9 184.022
21 xxx 14104.37235543018335684062 50000 3.545
22 xxx 80.51534828807556080283 13639.3 169.400
24 xxx 1.52956226708938205684 27.5 17.979
27 xxx 12124.15130940834141610087 50000 4.124
31 xxx 45.67176790911651488123 972.9 21.302
34 xxx .01162790697674418604 0.001 .086
36 xxx 12.65743073047858942065 824.1 65.108
37 xxx .01369863013698630136 0.001 .073
38 xxx 6.37447249574294810098 172.2 27.014
40 xxx 18.18985960025595663793 1933.0 106.268
43 xxx 9.10282325240454030520 409.8 45.019
44 xxx 8.77987054071153939747 721.6 82.188
45 xxx 42.17056474614945807187 295.7 7.012
46 xxx 239.33724075743913435527 2123.4 8.872
47 xxx 12.85108297448422135098 399.9 31.118
49 xxx 16.29910760077956713509 635.6 38.996
50 xxx 3.11056850151281915175 58.6 18.839
51 xxx 5.43879461821278192504 1507.4 277.157
53 xxx .80645161290322580645 2.3 2.852
54 xxx 246.21792735754748417194 738.9 3.001
55 xxx 23.90863930286126606166 861.5 36.033
56 xxx 14.37221688955607358598 1991.4 138.559
59 xxx 1.87037559398528869312 86.2 46.087
61 xxx 30.15830039168968069168 1670.8 55.401
64 xxx 7.36091466289486091466 249.8 33.936
65 xxx 77.36811956465135655887 2971.4 38.406
67 xxx 86.76156157952183729310 5802.7 66.881
69 xxx 38.04347826086956521739 70.0 1.840
71 xxx 724.78841643723870704598 7108.0 9.807
72 xxx 24.29382361461228867097 3941.6 162.247
78 xxx 3.26369143280998887377 79.2 24.267
79 xxx 67.20416770032250062019 270.9 4.031
80 xxx 10.95762890003303204107 364.9 33.301
