2 xxx 384615.38461538461538461538 50000 .130
7 xxx 1.81079108265752342175 270.4 149.327
10 xxx 2.12448595525196905276 152.4 71.735
12 xxx .40650406504065040650 0.1 .246
13 xxx 124.58938158679657983694 3132.8 25.145
15 xxx 5.36658567957696155495 75.1 13.994
17 xxx 3.16739664565751522273 237.2 74.888
18 xxx 5.23818199168900571706 603.8 115.269
24 xxx 1.32071847084814138891 27.5 20.822
27 xxx 3733.29351153587695064585 50000 13.393
31 xxx 27.37478897017445132245 972.9 35.540
34 xxx .01886792452830188679 0.001 .053
36 xxx 4.10059162764777007627 824.1 200.971
37 xxx .02380952380952380952 0.001 .042
38 xxx 2.75356988662711674688 172.2 62.537
43 xxx 4.46604692727688837062 409.8 91.759
44 xxx 3.76060536574180233891 721.6 191.884
45 xxx 13.27497194163860830527 295.7 22.275
46 xxx 128.92531876138433515482 2123.4 16.470
47 xxx 5.77181208053691275167 399.9 69.285
49 xxx 7.46254637674353073780 635.6 85.172
50 xxx 1.82930636199038521570 58.6 32.034
53 xxx .75163398692810457516 2.3 3.060
54 xxx 247.45478901540522438044 738.9 2.986
55 xxx 9.47942914360537406058 861.5 90.881
59 xxx 1.06054454410118234722 86.2 81.279
61 xxx 8.84306575138007505067 1670.8 188.939
64 xxx 3.77889386421396587195 249.8 66.104
67 xxx 24.34151191130388821538 5802.7 238.387
69 xxx 10.39192399049881235154 70.0 6.736
71 xxx 1075.50310183083673778181 7108.0 6.609
72 xxx 21.45824146510095978485 3941.6 183.687
78 xxx 2.24318123884782054550 79.2 35.307
79 xxx 74.73103448275862068965 270.9 3.625
80 xxx 4.82601737842377431855 364.9 75.611
