0.177582 1
0.189187 2
0.201904 3
0.335047 4
0.674636 5
0.680877 6
0.711220 7
2.594757 8
3.042633 9
3.058735 10
3.184792 11
3.785553 12
4.061848 13
6.152829 14
13.786377 15
14.965210 16
15.133606 17
15.333900 18
15.463760 19
16.462921 20
16.877563 21
17.821869 22
18.366119 23
19.475700 24
21.215424 25
21.334656 26
23.112257 27
23.188391 28
23.307762 29
28.068726 30
28.246765 31
31.447409 32
35.571228 33
44.434174 34
45.616028 35
50.195534 36
57.769821 37
59.320496 38
59.608643 39
64.056953 40
70.179932 41
84.222839 42
88.600708 43
94.091431 44
112.942200 45
121.443420 46
129.946869 47
161.620056 48
187.879608 49
197.199615 50
207.184906 51
232.793915 52
257.874817 53
262.178589 54
