2.047 2
3.048 13
4.049 16
5.049 16
6.050 16
7.051 16
8.051 16
9.052 16
10.053 16
11.054 16
12.054 16
13.113 16
14.114 16
15.115 16
16.116 16
17.116 16
18.117 16
19.118 16
20.119 16
21.120 16
22.120 16
23.121 16
24.122 16
25.134 16
26.034 15
27.035 16
28.036 16
29.037 16
30.038 16
31.039 16
32.040 16
33.040 16
34.041 16
35.042 16
36.042 16
37.043 16
38.044 16
39.045 16
40.046 16
41.047 16
42.048 16
43.048 16
44.049 16
45.050 16
46.051 16
47.051 16
48.052 16
49.053 16
50.053 16
51.054 16
52.055 16
53.056 15
54.057 16
55.058 16
56.058 16
57.059 16
58.060 16
59.061 16
60.062 16
61.063 16
62.064 16
63.064 16
64.165 16
65.166 16
66.166 16
67.167 17
68.168 16
69.169 16
70.170 16
71.171 16
72.172 16
73.173 16
74.174 16
75.174 16
76.176 16
77.177 16
78.080 16
79.181 16
80.182 16
81.183 16
82.184 16
83.185 16
84.185 16
85.086 16
86.187 16
87.088 16
88.189 16
89.090 16
90.191 16
91.192 16
92.193 16
93.194 16
94.195 16
95.196 16
96.197 16
97.198 16
98.199 16
99.200 16
100.201 16
101.102 16
102.103 16
103.104 16
104.205 16
105.206 16
106.207 16
107.208 16
108.109 16
109.210 16
110.211 16
111.211 16
112.212 16
113.213 16
114.114 16
115.215 16
116.217 16
117.217 16
118.218 16
119.219 16
120.220 16
121.221 16
122.221 16
123.222 16
124.223 16
125.224 16
126.225 16
127.226 16
128.226 16
129.227 16
130.228 16
131.228 16
132.229 16
133.230 16
134.231 16
135.232 16
136.232 16
137.233 16
138.234 16
139.234 16
140.235 16
141.236 16
142.237 16
143.237 16
144.238 16
145.239 16
146.239 16
147.240 16
148.241 16
149.242 16
150.242 16
151.243 16
152.244 16
153.244 16
154.245 16
155.246 16
156.247 16
157.248 16
158.249 16
159.249 16
160.250 16
161.251 16
162.252 16
163.252 16
164.253 16
165.254 16
166.254 16
167.255 16
168.255 16
169.256 16
170.257 16
171.258 16
172.259 16
173.259 16
174.260 16
175.261 16
176.262 16
177.262 16
178.263 16
179.264 16
180.264 16
181.265 16
182.266 16
183.267 16
184.268 16
185.268 16
186.269 16
187.270 16
188.270 16
189.271 16
190.272 16
191.273 16
192.274 16
193.274 16
194.275 16
195.276 16
196.276 16
197.277 16
198.277 16
199.278 16
200.279 16
201.280 16
202.281 16
203.281 16
204.282 16
205.283 16
206.284 16
207.284 16
208.285 16
209.286 16
210.287 16
211.288 16
212.288 15
213.289 16
214.290 16
215.291 16
216.291 16
217.292 16
218.293 16
219.293 16
220.294 16
221.295 16
222.295 16
223.296 16
224.297 16
225.298 16
226.299 16
227.299 16
228.300 16
229.301 16
230.301 16
231.302 16
232.302 16
233.303 16
234.304 16
235.305 16
236.305 16
237.306 16
238.307 16
239.308 16
240.309 16
241.310 16
242.311 16
243.311 16
244.312 16
245.313 16
246.314 16
247.315 16
248.315 16
249.316 16
250.317 16
251.318 16
252.318 16
253.319 16
254.320 16
255.321 16
256.321 16
257.322 16
258.322 16
259.323 16
260.323 16
261.324 16
262.324 16
263.325 16
264.326 16
265.327 16
266.327 16
267.328 16
268.328 16
269.329 16
270.330 16
271.330 16
272.331 16
273.332 16
274.333 16
275.333 16
276.334 16
277.334 16
278.335 16
279.336 16
280.337 16
281.338 16
282.338 16
283.339 16
284.340 16
285.341 16
286.341 16
287.341 16
288.342 16
289.343 16
290.344 16
291.345 16
292.346 16
293.347 16
294.347 16
295.348 16
296.348 16
297.349 16
298.350 16
299.351 16
300.351 16
301.352 16
302.353 16
303.354 16
304.354 16
305.355 16
306.356 16
307.357 15
308.358 16
309.359 16
310.360 16
311.361 16
312.362 16
313.363 16
314.364 16
315.364 16
316.365 16
317.366 16
318.366 15
319.367 16
320.368 16
321.369 16
322.370 16
323.371 16
324.372 16
325.372 16
326.373 16
327.374 16
328.375 16
329.376 16
330.377 16
331.378 16
332.379 16
333.380 16
334.381 16
335.382 16
336.393 16
337.394 16
338.395 16
339.396 16
340.397 16
341.398 16
342.398 16
343.399 16
344.400 16
345.400 16
346.401 17
347.402 15
348.403 16
349.404 16
350.405 16
351.406 16
352.406 16
353.408 16
354.408 16
355.409 16
356.410 16
357.411 16
358.412 16
359.413 16
360.414 16
361.415 16
362.416 16
363.417 16
364.418 16
365.419 16
366.420 16
367.421 16
368.421 16
369.422 16
370.423 16
371.424 16
372.425 16
373.426 16
374.427 16
375.428 16
376.428 16
377.429 16
378.430 16
379.431 16
380.432 16
381.433 16
382.434 16
383.435 16
384.436 16
385.437 16
386.438 16
387.439 16
388.440 16
389.441 16
390.442 16
391.443 16
392.444 16
393.445 16
394.446 16
395.447 16
396.448 16
397.448 16
398.449 16
399.450 16
400.450 16
401.451 16
402.452 16
403.452 16
404.453 16
405.454 16
406.454 16
407.456 16
408.456 16
409.457 16
410.458 16
411.458 16
412.459 16
413.460 15
414.461 14
415.462 16
416.463 16
417.463 16
418.464 16
419.465 16
420.466 16
421.467 16
422.467 16
423.468 16
424.469 16
425.470 16
426.471 16
427.472 16
428.473 16
429.473 16
430.474 16
431.475 16
432.476 16
433.477 16
434.478 16
435.479 16
436.480 16
437.481 16
438.482 16
439.483 16
440.483 16
441.484 16
442.485 16
443.486 16
444.487 16
445.487 16
446.488 16
447.488 16
448.489 16
449.490 16
450.491 16
451.492 16
452.493 16
453.494 16
454.494 16
455.494 16
456.495 16
457.495 16
458.496 16
459.497 16
460.498 16
461.498 16
462.499 16
463.500 16
464.500 16
465.501 16
466.502 16
467.503 16
468.504 16
469.505 16
470.506 16
471.506 16
472.507 16
473.508 16
474.509 16
475.509 16
476.510 16
477.511 16
478.512 16
479.512 16
480.513 16
481.514 16
482.515 16
483.516 16
484.516 16
485.517 16
486.518 16
487.519 16
488.520 16
489.520 16
490.521 16
491.522 16
492.522 16
493.523 16
494.524 16
495.525 16
496.525 16
497.526 16
498.527 16
499.528 16
500.528 16
501.529 16
502.530 16
503.531 16
504.531 16
505.533 16
506.534 16
507.535 16
508.536 16
509.536 16
510.537 16
511.538 16
512.539 16
513.541 15
514.542 16
515.543 16
516.544 16
517.545 16
518.546 16
519.547 16
520.548 16
521.549 16
522.550 16
523.551 16
524.552 16
525.553 16
526.554 16
527.555 16
528.556 16
529.557 16
530.558 16
531.559 16
532.560 16
533.561 16
534.562 16
535.563 16
536.564 16
537.565 16
538.566 16
539.567 16
540.568 15
541.668 16
542.669 16
543.670 16
544.671 16
545.672 16
546.673 16
547.674 16
548.675 16
549.676 16
550.677 16
551.677 16
552.678 16
553.680 16
554.680 16
555.681 16
556.682 16
557.683 16
558.684 16
559.685 16
560.685 15
561.824 16
562.825 16
563.825 16
564.826 16
565.827 16
566.828 16
567.829 16
568.830 16
569.831 16
570.833 16
571.834 16
572.835 16
573.836 16
574.837 16
575.838 16
576.839 16
577.840 16
578.841 16
579.842 16
580.843 16
581.844 16
582.844 16
583.845 16
584.846 16
585.847 16
586.849 16
587.850 16
588.851 16
589.852 16
590.853 16
591.854 16
592.855 16
593.856 16
594.857 16
595.858 16
596.860 16
597.861 16
598.862 16
599.863 16
600.863 16
601.864 16
602.865 16
603.866 13
604.867 13
605.868 13
606.869 13
607.870 13
608.871 13
609.872 13
610.873 13
611.974 13
612.875 12
613.876 12
614.878 12
615.878 12
616.880 12
617.881 12
618.882 11
619.883 11
620.884 11
621.885 11
622.886 11
623.887 11
624.888 11
625.889 11
626.890 11
627.891 11
628.892 11
629.893 11
630.894 11
631.894 11
632.895 11
633.896 11
634.897 11
635.898 11
636.899 11
637.899 11
638.900 11
639.901 11
640.902 11
641.903 11
642.904 10
643.905 10
644.906 10
645.907 10
646.908 10
647.909 10
648.910 10
649.911 10
650.912 10
651.914 10
653.015 9
653.915 9
654.917 9
655.917 9
656.918 9
657.919 9
658.920 9
659.921 9
660.922 9
661.923 9
662.924 9
663.925 9
664.925 9
665.926 9
667.227 9
667.928 8
668.929 8
669.930 8
670.930 8
671.931 8
672.993 6
673.994 6
674.994 6
675.995 6
676.996 6
677.997 6
678.998 6
680.000 6
681.001 6
682.002 6
683.003 6
684.004 6
685.005 6
686.006 6
687.008 6
688.008 6
689.009 6
690.010 6
691.011 6
692.012 6
693.013 6
694.014 6
695.016 6
696.017 6
697.017 6
698.019 6
699.019 6
700.020 6
701.121 6
702.122 5
703.123 5
704.124 5
705.125 5
706.126 5
707.127 5
708.128 4
709.128 4
710.129 4
711.130 4
712.131 4
713.132 4
714.133 4
715.134 4
716.135 4
717.136 4
718.137 4
719.138 4
720.139 4
721.140 4
722.140 4
723.141 3
724.142 3
725.143 3
726.144 3
727.145 3
728.193 3
729.194 2
730.195 2
731.196 2
732.198 2
733.198 2
734.199 2
735.200 2
736.201 2
737.203 2
738.204 2
739.204 2
740.206 2
741.206 2
742.207 2
743.209 2
744.210 2
745.211 2
746.212 2
747.213 2
748.214 2
749.215 2
750.216 2
751.217 2
752.217 2
753.218 2
754.220 2
755.220 2
756.221 2
757.222 2
758.223 2
759.224 2
760.225 2
761.225 2
762.226 2
763.227 2
764.228 2
765.229 2
766.230 2
767.231 2
768.232 2
769.233 2
770.234 2
771.235 2
772.235 2
773.237 2
774.237 2
775.238 2
776.239 2
777.240 2
778.241 2
779.242 2
780.243 2
781.244 2
782.245 2
783.246 2
784.247 2
785.248 2
786.249 2
787.250 2
788.251 2
789.252 2
790.253 2
791.254 2
792.255 2
793.256 2
794.256 2
795.257 2
796.258 2
797.259 2
798.260 2
799.261 2
800.262 2
801.263 2
802.264 2
803.265 2
804.266 2
805.267 2
806.269 2
807.270 2
808.271 2
809.272 2
810.273 2
811.274 2
812.275 2
813.409 2
814.310 1
815.311 1
816.312 1
817.313 1
818.314 1
819.314 1
820.315 1
821.316 1
822.317 1
823.318 1
824.419 1
825.420 1
826.421 1
827.422 1
828.423 1
829.424 1
830.426 1
831.427 1
832.428 1
833.429 1
834.430 1
835.431 1
836.432 1
837.432 1
838.434 1
839.435 1
840.436 1
841.437 0
