2.047 0.249
3.048 0.898
4.049 0.949
5.049 0.949
6.050 0.949
7.051 0.949
8.051 0.949
9.052 0.939
10.053 0.949
11.054 0.949
12.054 0.949
13.113 0.949
14.114 0.949
15.115 0.949
16.116 0.949
17.116 0.949
18.117 0.933
19.118 0.949
20.119 0.949
21.120 0.949
22.120 0.949
23.121 0.949
24.122 0.949
25.134 0.949
26.034 0.939
27.035 0.949
28.036 0.949
29.037 0.949
30.038 0.949
31.039 0.949
32.040 0.949
33.040 0.949
34.041 0.949
35.042 0.949
36.042 0.949
37.043 0.949
38.044 0.949
39.045 0.949
40.046 0.947
41.047 0.949
42.048 0.949
43.048 0.949
44.049 0.949
45.050 0.949
46.051 0.949
47.051 0.949
48.052 0.949
49.053 0.943
50.053 0.949
51.054 0.949
52.055 0.949
53.056 0.935
54.057 0.949
55.058 0.949
56.058 0.949
57.059 0.949
58.060 0.949
59.061 0.949
60.062 0.949
61.063 0.949
62.064 0.949
63.064 0.949
64.165 0.949
65.166 0.949
66.166 0.949
67.167 0.932
68.168 0.949
69.169 0.949
70.170 0.949
71.171 0.949
72.172 0.949
73.173 0.949
74.174 0.949
75.174 0.949
76.176 0.949
77.177 0.949
78.080 0.949
79.181 0.949
80.182 0.949
81.183 0.949
82.184 0.949
83.185 0.932
84.185 0.949
85.086 0.949
86.187 0.949
87.088 0.949
88.189 0.949
89.090 0.949
90.191 0.949
91.192 0.949
92.193 0.949
93.194 0.949
94.195 0.949
95.196 0.949
96.197 0.949
97.198 0.949
98.199 0.949
99.200 0.949
100.201 0.949
101.102 0.949
102.103 0.949
103.104 0.949
104.205 0.949
105.206 0.949
106.207 0.949
107.208 0.949
108.109 0.949
109.210 0.949
110.211 0.949
111.211 0.924
112.212 0.949
113.213 0.949
114.114 0.949
115.215 0.949
116.217 0.949
117.217 0.949
118.218 0.949
119.219 0.949
120.220 0.949
121.221 0.949
122.221 0.949
123.222 0.949
124.223 0.949
125.224 0.949
126.225 0.949
127.226 0.949
128.226 0.949
129.227 0.949
130.228 0.939
131.228 0.949
132.229 0.949
133.230 0.949
134.231 0.949
135.232 0.949
136.232 0.949
137.233 0.949
138.234 0.949
139.234 0.949
140.235 0.949
141.236 0.949
142.237 0.949
143.237 0.949
144.238 0.949
145.239 0.949
146.239 0.949
147.240 0.949
148.241 0.949
149.242 0.949
150.242 0.949
151.243 0.949
152.244 0.949
153.244 0.949
154.245 0.949
155.246 0.949
156.247 0.949
157.248 0.949
158.249 0.949
159.249 0.949
160.250 0.949
161.251 0.949
162.252 0.949
163.252 0.949
164.253 0.949
165.254 0.949
166.254 0.949
167.255 0.949
168.255 0.949
169.256 0.949
170.257 0.949
171.258 0.949
172.259 0.949
173.259 0.949
174.260 0.949
175.261 0.949
176.262 0.949
177.262 0.949
178.263 0.949
179.264 0.949
180.264 0.949
181.265 0.949
182.266 0.949
183.267 0.949
184.268 0.949
185.268 0.949
186.269 0.949
187.270 0.949
188.270 0.949
189.271 0.949
190.272 0.949
191.273 0.949
192.274 0.949
193.274 0.949
194.275 0.949
195.276 0.949
196.276 0.949
197.277 0.949
198.277 0.949
199.278 0.949
200.279 0.949
201.280 0.949
202.281 0.949
203.281 0.949
204.282 0.949
205.283 0.949
206.284 0.949
207.284 0.949
208.285 0.949
209.286 0.949
210.287 0.949
211.288 0.949
212.288 0.933
213.289 0.926
214.290 0.949
215.291 0.949
216.291 0.949
217.292 0.949
218.293 0.949
219.293 0.949
220.294 0.949
221.295 0.949
222.295 0.949
223.296 0.949
224.297 0.949
225.298 0.949
226.299 0.949
227.299 0.949
228.300 0.949
229.301 0.949
230.301 0.949
231.302 0.949
232.302 0.949
233.303 0.949
234.304 0.949
235.305 0.949
236.305 0.949
237.306 0.949
238.307 0.949
239.308 0.949
240.309 0.949
241.310 0.949
242.311 0.949
243.311 0.949
244.312 0.949
245.313 0.949
246.314 0.949
247.315 0.949
248.315 0.949
249.316 0.949
250.317 0.949
251.318 0.949
252.318 0.949
253.319 0.949
254.320 0.949
255.321 0.949
256.321 0.949
257.322 0.949
258.322 0.949
259.323 0.949
260.323 0.932
261.324 0.949
262.324 0.949
263.325 0.949
264.326 0.949
265.327 0.949
266.327 0.949
267.328 0.949
268.328 0.949
269.329 0.949
270.330 0.949
271.330 0.949
272.331 0.949
273.332 0.949
274.333 0.949
275.333 0.949
276.334 0.949
277.334 0.949
278.335 0.949
279.336 0.949
280.337 0.949
281.338 0.949
282.338 0.949
283.339 0.949
284.340 0.949
285.341 0.949
286.341 0.949
287.341 0.949
288.342 0.949
289.343 0.949
290.344 0.949
291.345 0.949
292.346 0.949
293.347 0.949
294.347 0.949
295.348 0.949
296.348 0.949
297.349 0.949
298.350 0.949
299.351 0.949
300.351 0.949
301.352 0.949
302.353 0.937
303.354 0.939
304.354 0.949
305.355 0.949
306.356 0.949
307.357 0.947
308.358 0.949
309.359 0.949
310.360 0.949
311.361 0.949
312.362 0.949
313.363 0.949
314.364 0.949
315.364 0.949
316.365 0.949
317.366 0.949
318.366 0.943
319.367 0.949
320.368 0.949
321.369 0.949
322.370 0.949
323.371 0.949
324.372 0.949
325.372 0.924
326.373 0.949
327.374 0.949
328.375 0.949
329.376 0.949
330.377 0.949
331.378 0.949
332.379 0.949
333.380 0.949
334.381 0.949
335.382 0.949
336.393 0.949
337.394 0.947
338.395 0.949
339.396 0.949
340.397 0.949
341.398 0.949
342.398 0.949
343.399 0.949
344.400 0.949
345.400 0.949
346.401 0.939
347.402 0.945
348.403 0.949
349.404 0.949
350.405 0.949
351.406 0.949
352.406 0.949
353.408 0.920
354.408 0.949
355.409 0.949
356.410 0.949
357.411 0.949
358.412 0.949
359.413 0.949
360.414 0.949
361.415 0.949
362.416 0.949
363.417 0.949
364.418 0.949
365.419 0.949
366.420 0.949
367.421 0.906
368.421 0.945
369.422 0.949
370.423 0.949
371.424 0.949
372.425 0.949
373.426 0.949
374.427 0.949
375.428 0.949
376.428 0.949
377.429 0.949
378.430 0.949
379.431 0.949
380.432 0.949
381.433 0.949
382.434 0.949
383.435 0.949
384.436 0.949
385.437 0.949
386.438 0.949
387.439 0.949
388.440 0.949
389.441 0.949
390.442 0.949
391.443 0.949
392.444 0.949
393.445 0.949
394.446 0.949
395.447 0.949
396.448 0.949
397.448 0.949
398.449 0.949
399.450 0.949
400.450 0.949
401.451 0.949
402.452 0.949
403.452 0.949
404.453 0.949
405.454 0.949
406.454 0.949
407.456 0.910
408.456 0.949
409.457 0.949
410.458 0.949
411.458 0.949
412.459 0.949
413.460 0.941
414.461 0.949
415.462 0.949
416.463 0.949
417.463 0.949
418.464 0.949
419.465 0.949
420.466 0.949
421.467 0.949
422.467 0.945
423.468 0.949
424.469 0.933
425.470 0.949
426.471 0.949
427.472 0.949
428.473 0.922
429.473 0.949
430.474 0.949
431.475 0.949
432.476 0.949
433.477 0.949
434.478 0.949
435.479 0.949
436.480 0.949
437.481 0.949
438.482 0.949
439.483 0.918
440.483 0.949
441.484 0.949
442.485 0.949
443.486 0.949
444.487 0.949
445.487 0.949
446.488 0.949
447.488 0.949
448.489 0.949
449.490 0.949
450.491 0.949
451.492 0.949
452.493 0.949
453.494 0.949
454.494 0.930
455.494 0.949
456.495 0.949
457.495 0.949
458.496 0.949
459.497 0.949
460.498 0.949
461.498 0.949
462.499 0.949
463.500 0.949
464.500 0.916
465.501 0.949
466.502 0.949
467.503 0.918
468.504 0.949
469.505 0.949
470.506 0.949
471.506 0.949
472.507 0.949
473.508 0.949
474.509 0.947
475.509 0.916
476.510 0.949
477.511 0.949
478.512 0.949
479.512 0.949
480.513 0.949
481.514 0.949
482.515 0.949
483.516 0.949
484.516 0.949
485.517 0.949
486.518 0.949
487.519 0.949
488.520 0.949
489.520 0.949
490.521 0.949
491.522 0.949
492.522 0.949
493.523 0.949
494.524 0.949
495.525 0.949
496.525 0.949
497.526 0.949
498.527 0.949
499.528 0.949
500.528 0.949
501.529 0.949
502.530 0.949
503.531 0.949
504.531 0.949
505.533 0.949
506.534 0.949
507.535 0.949
508.536 0.949
509.536 0.949
510.537 0.949
511.538 0.949
512.539 0.932
513.541 0.912
514.542 0.908
515.543 0.949
516.544 0.949
517.545 0.949
518.546 0.949
519.547 0.949
520.548 0.949
521.549 0.949
522.550 0.949
523.551 0.949
524.552 0.949
525.553 0.949
526.554 0.949
527.555 0.949
528.556 0.949
529.557 0.949
530.558 0.949
531.559 0.949
532.560 0.949
533.561 0.949
534.562 0.949
535.563 0.949
536.564 0.949
537.565 0.949
538.566 0.949
539.567 0.949
540.568 0.947
541.668 0.898
542.669 0.932
543.670 0.949
544.671 0.949
545.672 0.949
546.673 0.949
547.674 0.949
548.675 0.949
549.676 0.949
550.677 0.949
551.677 0.949
552.678 0.949
553.680 0.949
554.680 0.949
555.681 0.949
556.682 0.949
557.683 0.949
558.684 0.949
559.685 0.949
560.685 0.924
561.824 0.900
562.825 0.920
563.825 0.949
564.826 0.949
565.827 0.949
566.828 0.949
567.829 0.949
568.830 0.949
569.831 0.949
570.833 0.949
571.834 0.949
572.835 0.949
573.836 0.949
574.837 0.949
575.838 0.949
576.839 0.949
577.840 0.949
578.841 0.949
579.842 0.949
580.843 0.949
581.844 0.949
582.844 0.949
583.845 0.949
584.846 0.949
585.847 0.949
586.849 0.949
587.850 0.949
588.851 0.957
589.852 0.894
590.853 0.900
591.854 0.910
592.855 0.943
593.856 0.949
594.857 0.949
595.858 0.949
596.860 0.949
597.861 0.949
598.862 0.949
599.863 0.949
600.863 0.949
601.864 0.949
602.865 0.949
603.866 0.922
604.867 0.949
605.868 0.949
606.869 0.949
607.870 0.949
608.871 0.949
609.872 0.949
610.873 0.949
611.974 0.947
612.875 0.947
613.876 0.949
614.878 0.949
615.878 0.949
616.880 0.949
617.881 0.928
618.882 0.949
619.883 0.949
620.884 0.949
621.885 0.949
622.886 0.949
623.887 0.949
624.888 0.949
625.889 0.949
626.890 0.949
627.891 0.949
628.892 0.949
629.893 0.949
630.894 0.949
631.894 0.949
632.895 0.949
633.896 0.949
634.897 0.949
635.898 0.949
636.899 0.949
637.899 0.949
638.900 0.949
639.901 0.949
640.902 0.949
641.903 0.922
642.904 0.947
643.905 0.949
644.906 0.949
645.907 0.949
646.908 0.949
647.909 0.949
648.910 0.949
649.911 0.949
650.912 0.949
651.914 0.949
653.015 0.939
653.915 0.945
654.917 0.949
655.917 0.949
656.918 0.949
657.919 0.949
658.920 0.949
659.921 0.949
660.922 0.949
661.923 0.949
662.924 0.949
663.925 0.949
664.925 0.949
665.926 0.949
667.227 0.949
667.928 0.939
668.929 0.949
669.930 0.949
670.930 0.949
671.931 0.949
672.993 0.765
673.994 0.949
674.994 0.949
675.995 0.949
676.996 0.949
677.997 0.949
678.998 0.949
680.000 0.949
681.001 0.949
682.002 0.949
683.003 0.949
684.004 0.949
685.005 0.949
686.006 0.949
687.008 0.949
688.008 0.949
689.009 0.949
690.010 0.949
691.011 0.949
692.012 0.949
693.013 0.949
694.014 0.949
695.016 0.949
696.017 0.949
697.017 0.949
698.019 0.949
699.019 0.949
700.020 0.949
701.121 0.943
702.122 0.949
703.123 0.949
704.124 0.949
705.125 0.949
706.126 0.949
707.127 0.949
708.128 0.853
709.128 0.949
710.129 0.949
711.130 0.949
712.131 0.949
713.132 0.949
714.133 0.949
715.134 0.949
716.135 0.949
717.136 0.949
718.137 0.949
719.138 0.949
720.139 0.949
721.140 0.949
722.140 0.949
723.141 0.732
724.142 0.949
725.143 0.949
726.144 0.949
727.145 0.949
728.193 0.937
729.194 0.937
730.195 0.949
731.196 0.949
732.198 0.949
733.198 0.949
734.199 0.949
735.200 0.949
736.201 0.949
737.203 0.949
738.204 0.949
739.204 0.949
740.206 0.949
741.206 0.949
742.207 0.949
743.209 0.949
744.210 0.949
745.211 0.949
746.212 0.949
747.213 0.949
748.214 0.949
749.215 0.949
750.216 0.949
751.217 0.949
752.217 0.949
753.218 0.949
754.220 0.949
755.220 0.949
756.221 0.949
757.222 0.949
758.223 0.949
759.224 0.949
760.225 0.949
761.225 0.949
762.226 0.949
763.227 0.949
764.228 0.949
765.229 0.949
766.230 0.949
767.231 0.949
768.232 0.949
769.233 0.949
770.234 0.949
771.235 0.949
772.235 0.949
773.237 0.949
774.237 0.949
775.238 0.949
776.239 0.949
777.240 0.949
778.241 0.949
779.242 0.949
780.243 0.949
781.244 0.949
782.245 0.949
783.246 0.949
784.247 0.949
785.248 0.949
786.249 0.949
787.250 0.949
788.251 0.949
789.252 0.949
790.253 0.949
791.254 0.949
792.255 0.949
793.256 0.949
794.256 0.949
795.257 0.949
796.258 0.949
797.259 0.949
798.260 0.949
799.261 0.949
800.262 0.949
801.263 0.949
802.264 0.949
803.265 0.949
804.266 0.949
805.267 0.949
806.269 0.949
807.270 0.949
808.271 0.949
809.272 0.949
810.273 0.949
811.274 0.949
812.275 0.949
813.409 0.930
814.310 0.840
815.311 0.949
816.312 0.949
817.313 0.949
818.314 0.949
819.314 0.949
820.315 0.949
821.316 0.949
822.317 0.949
823.318 0.949
824.419 0.949
825.420 0.949
826.421 0.949
827.422 0.949
828.423 0.949
829.424 0.949
830.426 0.949
831.427 0.949
832.428 0.949
833.429 0.949
834.430 0.949
835.431 0.949
836.432 0.949
837.432 0.949
838.434 0.949
839.435 0.949
840.436 0.949
841.437 0.000
