.067 1
.082 2
.120 3
.234 4
.298 5
.684 6
.716 7
.756 8
.950 9
1.935 10
2.039 11
2.420 12
3.010 13
3.688 14
3.917 15
4.107 16
5.040 17
5.904 18
5.914 19
7.428 20
7.558 21
8.987 22
9.113 23
9.131 24
9.899 25
11.464 26
11.728 27
12.358 28
12.820 29
12.940 30
13.934 31
14.035 32
14.914 33
16.723 34
16.988 35
17.806 36
18.153 37
20.086 38
20.359 39
20.732 40
21.131 41
22.906 42
31.089 43
33.065 44
34.810 45
42.446 46
52.017 47
55.159 48
56.416 49
57.171 50
60.229 51
64.276 52
65.814 53
71.118 54
82.096 55
88.906 56
94.836 57
108.511 58
114.559 59
139.490 60
187.115 61
205.003 62
250.189 63
