1.356 1
1.692 2
2.072 3
2.395 4
3.183 5
11.301 6
12.434 7
14.006 8
14.244 9
15.777 10
16.661 11
16.945 12
17.140 13
18.314 14
18.834 15
19.099 16
19.739 17
22.061 18
22.933 19
23.944 20
25.130 21
25.994 22
27.156 23
29.193 24
29.762 25
30.059 26
30.508 27
30.775 28
32.571 29
33.914 30
36.663 31
37.044 32
38.602 33
39.105 34
39.483 35
40.112 36
43.513 37
43.637 38
43.673 39
43.952 40
44.264 41
44.581 42
44.779 43
45.029 44
45.115 45
45.215 46
45.907 47
46.298 48
46.330 49
46.399 50
47.124 51
49.761 52
51.107 53
51.600 54
54.354 55
57.348 56
63.889 57
64.835 58
65.055 59
66.831 60
69.197 61
72.820 62
75.045 63
75.057 64
75.769 65
77.003 66
77.023 67
77.029 68
80.110 69
80.490 70
80.779 71
81.255 72
81.879 73
84.106 74
85.112 75
89.242 76
90.184 77
94.288 78
95.399 79
95.450 80
95.725 81
98.712 82
99.800 83
101.580 84
102.016 85
102.740 86
103.629 87
103.859 88
106.013 89
108.722 90
108.763 91
109.706 92
111.970 93
113.231 94
114.262 95
115.539 96
120.575 97
120.954 98
122.223 99
123.668 100
126.241 101
130.613 102
130.913 103
135.887 104
138.860 105
139.168 106
142.478 107
145.247 108
148.145 109
153.063 110
153.652 111
157.108 112
159.082 113
163.264 114
165.462 115
165.561 116
166.543 117
170.222 118
173.761 119
174.996 120
182.507 121
188.701 122
199.102 123
199.185 124
200.374 125
204.651 126
206.185 127
206.448 128
206.491 129
208.211 130
208.700 131
211.565 132
214.635 133
221.615 134
221.768 135
222.518 136
228.506 137
232.633 138
233.725 139
236.775 140
239.639 141
239.735 142
249.355 143
250.979 144
254.058 145
261.155 146
262.314 147
264.881 148
292.942 149
293.373 150
297.043 151
300.729 152
303.462 153
317.491 154
317.617 155
318.264 156
318.990 157
325.627 158
328.227 159
328.924 160
330.479 161
354.886 162
363.242 163
363.329 164
363.971 165
382.499 166
388.584 167
392.045 168
399.257 169
400.822 170
408.689 171
417.148 172
418.341 173
419.091 174
421.859 175
427.596 176
429.434 177
448.336 178
455.506 179
458.798 180
464.930 181
473.430 182
475.430 183
486.180 184
491.412 185
507.249 186
520.449 187
521.362 188
550.381 189
574.764 190
575.651 191
607.965 192
615.970 193
618.425 194
685.706 195
696.833 196
701.216 197
723.544 198
732.692 199
733.480 200
735.113 201
753.361 202
764.510 203
765.692 204
765.896 205
768.103 206
781.447 207
821.423 208
850.702 209
864.009 210
870.224 211
920.560 212
931.278 213
943.840 214
944.262 215
958.035 216
994.360 217
1033.476 218
1038.885 219
1048.184 220
1056.783 221
1063.005 222
1077.411 223
1092.111 224
1096.582 225
1108.731 226
1129.825 227
1143.294 228
1154.722 229
1157.569 230
1208.763 231
1237.492 232
1259.385 233
1286.036 234
1308.099 235
1328.291 236
1330.127 237
1376.063 238
1389.589 239
1404.264 240
1461.321 241
1498.808 242
1546.736 243
1638.926 244
1688.660 245
1693.168 246
1728.038 247
1813.013 248
1825.134 249
1825.446 250
1844.911 251
1887.834 252
1914.630 253
1964.947 254
2021.602 255
2051.291 256
2067.465 257
2078.187 258
2141.276 259
2146.191 260
2184.766 261
2200.871 262
2201.579 263
2230.938 264
2233.993 265
2244.318 266
2262.297 267
2263.264 268
2291.654 269
2371.528 270
2379.473 271
2383.080 272
2416.728 273
2561.967 274
2569.654 275
2586.897 276
2680.383 277
2825.371 278
2891.322 279
2932.082 280
3036.892 281
3223.311 282
3465.014 283
