0.203240 1
0.219320 2
0.220828 3
0.361757 4
0.391686 5
0.811101 6
0.945675 7
0.967896 8
1.267202 9
1.351476 10
1.357109 11
1.700054 12
2.120197 13
2.335026 14
2.456202 15
2.466896 16
2.558853 17
2.731106 18
3.034111 19
3.215334 20
3.229031 21
3.292221 22
3.334063 23
3.955734 24
3.962863 25
4.008251 26
4.104580 27
4.111782 28
4.298344 29
5.030251 30
5.533718 31
5.536015 32
5.762482 33
5.895080 34
6.011272 35
6.258253 36
6.326946 37
7.401505 38
8.402229 39
11.181976 40
14.622662 41
15.372181 42
16.903080 43
20.629845 44
20.977924 45
23.441113 46
26.053030 47
26.825245 48
27.260189 49
27.971224 50
28.216860 51
28.716915 52
29.269258 53
30.138596 54
31.261387 55
32.854630 56
33.172752 57
37.626942 58
37.814934 59
37.900032 60
39.494095 61
43.611137 62
48.357235 63
50.187618 64
51.205116 65
51.315712 66
51.920673 67
52.901489 68
54.243015 69
54.346268 70
56.345081 71
58.993172 72
62.364761 73
64.144882 74
64.592133 75
65.114670 76
68.261917 77
69.714928 78
70.658852 79
74.146652 80
74.809814 81
75.579353 82
77.364838 83
77.909729 84
79.413910 85
80.483894 86
80.881622 87
81.059662 88
82.021049 89
83.155159 90
86.940155 91
87.106949 92
88.271072 93
89.211578 94
90.404099 95
91.271469 96
92.359573 97
93.148048 98
98.236954 99
100.882416 100
103.796379 101
104.965286 102
105.833549 103
109.395218 104
109.798096 105
113.265244 106
114.232239 107
115.445816 108
117.102852 109
119.961357 110
120.691803 111
120.801239 112
128.826447 113
133.355774 114
133.483063 115
133.609039 116
138.740036 117
139.661072 118
140.806244 119
150.507248 120
157.298492 121
160.709427 122
162.592377 123
166.270981 124
173.722488 125
177.478973 126
182.238968 127
184.344025 128
185.292786 129
185.913635 130
186.568253 131
189.366592 132
197.730087 133
200.309235 134
200.312805 135
207.824066 136
213.091980 137
213.960556 138
215.566452 139
221.679916 140
224.512985 141
224.757248 142
229.069748 143
230.781754 144
233.781631 145
238.769638 146
250.701172 147
256.195892 148
259.818024 149
271.580841 150
272.399109 151
273.743317 152
276.762848 153
291.961334 154
301.060394 155
302.075531 156
302.311981 157
302.588013 158
316.957794 159
318.349518 160
319.456360 161
321.970764 162
324.194519 163
329.472382 164
352.025330 165
354.176025 166
359.310486 167
363.789886 168
369.376526 169
376.062500 170
380.040680 171
381.962921 172
397.581573 173
401.165863 174
403.420929 175
412.617188 176
416.374756 177
419.734222 178
428.740570 179
434.333557 180
435.798065 181
467.234711 182
469.115753 183
480.370941 184
488.563019 185
500.651581 186
507.239655 187
509.131317 188
517.440430 189
538.614014 190
565.951477 191
572.160400 192
582.857849 193
614.478943 194
645.336182 195
650.833313 196
658.429016 197
691.005798 198
694.720947 199
705.765625 200
717.156555 201
731.868042 202
746.524048 203
746.813660 204
747.539001 205
762.674500 206
779.645203 207
780.164917 208
819.873352 209
834.741516 210
862.937683 211
864.155579 212
902.134033 213
934.729431 214
939.754456 215
941.340088 216
958.481140 217
1003.111267 218
1021.216309 219
1024.838867 220
1027.587402 221
1041.024292 222
1043.666016 223
1053.556885 224
1062.760864 225
1086.137085 226
1092.790894 227
1104.956055 228
1117.680908 229
1129.278809 230
1187.454590 231
1226.362427 232
1227.195312 233
1263.807617 234
1276.403809 235
1293.122681 236
1309.864502 237
1339.573364 238
1376.261108 239
1401.366211 240
1452.549805 241
1477.719604 242
1517.588379 243
1623.150024 244
1660.895752 245
1674.415161 246
1712.104980 247
1769.155762 248
1806.337646 249
1809.361328 250
1826.437134 251
1869.875122 252
1901.435913 253
1929.087036 254
1975.694824 255
2021.883789 256
2024.581177 257
2047.412598 258
2120.882568 259
2133.536133 260
2144.889404 261
2155.955322 262
2189.855957 263
2194.583984 264
2203.968750 265
2215.915039 266
2226.903809 267
2250.097656 268
2268.740967 269
2324.850830 270
2338.313477 271
2361.185303 272
2371.335205 273
2531.907715 274
2539.174072 275
2572.654053 276
2636.500488 277
2802.466553 278
2879.063965 279
2891.969727 280
3006.191650 281
3180.647705 282
3423.559082 283
