2.014 0.276
3.015 0.947
4.016 0.933
5.016 0.941
6.017 0.932
7.018 0.930
8.018 0.914
9.019 0.951
10.021 0.926
11.022 0.947
12.023 0.947
13.046 0.949
14.047 0.933
15.050 0.935
16.050 0.930
17.051 0.943
18.052 0.933
19.053 0.951
20.054 0.947
21.054 0.943
22.056 0.951
23.057 0.943
24.060 0.949
25.061 0.945
26.062 0.949
27.065 0.947
28.066 0.943
29.067 0.941
30.068 0.937
31.068 0.939
32.069 0.943
33.071 0.947
34.072 0.939
35.072 0.947
36.073 0.939
37.074 0.933
38.075 0.945
39.076 0.939
40.077 0.941
41.078 0.945
42.079 0.926
43.181 0.924
44.185 0.933
45.186 0.933
46.187 0.937
47.102 0.937
48.129 0.947
49.130 0.949
50.143 0.949
51.144 0.949
52.145 0.951
53.146 0.947
54.147 0.949
55.148 0.947
56.149 0.949
57.149 0.949
58.150 0.947
59.151 0.949
60.152 0.949
61.153 0.949
62.254 0.945
63.255 0.949
64.256 0.949
65.257 0.949
66.258 0.951
67.559 0.947
68.560 0.949
69.561 0.947
71.565 0.949
72.565 0.949
73.569 0.949
74.570 0.949
75.570 0.949
76.571 0.949
77.572 0.949
78.573 0.947
79.574 0.949
80.575 0.949
81.576 0.947
82.580 0.949
83.581 0.947
84.582 0.949
85.583 0.951
86.584 0.949
87.585 0.949
88.586 0.949
89.587 0.949
90.588 0.949
91.589 0.949
92.590 0.949
93.592 0.949
94.593 0.949
95.594 0.949
96.595 0.949
97.596 0.949
98.597 0.949
99.598 0.949
100.599 0.949
101.600 0.949
102.601 0.949
103.602 0.951
104.603 0.949
105.604 0.947
106.605 0.949
107.605 0.947
108.606 0.949
109.621 0.949
110.616 0.949
111.617 0.949
112.618 0.949
113.621 0.945
114.622 0.949
115.623 0.951
116.624 0.949
117.625 0.949
118.626 0.949
119.627 0.949
120.628 0.949
121.628 0.949
122.630 0.947
123.631 0.949
124.631 0.949
125.632 0.949
126.633 0.949
127.634 0.953
128.634 0.949
129.635 0.949
130.636 0.949
131.637 0.949
132.638 0.947
133.638 0.949
134.639 0.949
135.639 0.949
136.643 0.949
137.643 0.949
138.644 0.949
139.645 0.949
140.646 0.949
141.647 0.949
142.648 0.949
143.648 0.949
144.649 0.949
145.650 0.949
146.651 0.949
147.652 0.949
148.653 0.949
149.654 0.947
150.655 0.949
151.656 0.949
152.657 0.949
153.658 0.949
154.658 0.947
155.659 0.949
156.660 0.949
157.661 0.949
158.665 0.945
159.665 0.949
160.666 0.947
161.667 0.949
162.668 0.949
163.669 0.949
164.670 0.947
165.670 0.949
166.671 0.949
167.672 0.947
168.673 0.949
169.674 0.949
170.675 0.949
171.676 0.951
172.677 0.949
173.678 0.949
174.679 0.949
175.679 0.949
176.680 0.949
177.681 0.949
178.682 0.949
179.683 0.949
180.684 0.949
181.685 0.949
182.686 0.949
183.687 0.949
184.687 0.949
185.688 0.949
186.689 0.949
187.690 0.949
188.691 0.949
189.692 0.949
190.692 0.949
191.693 0.949
192.694 0.949
193.694 0.949
194.695 0.949
195.696 0.949
196.697 0.949
197.698 0.949
198.699 0.949
199.700 0.949
200.701 0.947
201.702 0.949
202.702 0.949
203.703 0.949
204.704 0.949
205.708 0.949
206.708 0.949
207.709 0.945
208.710 0.949
209.711 0.951
210.712 0.949
211.713 0.949
212.714 0.949
213.715 0.949
214.716 0.949
215.718 0.949
216.718 0.949
217.719 0.949
218.720 0.949
219.721 0.949
220.722 0.949
221.723 0.949
222.724 0.949
223.725 0.949
224.726 0.949
225.727 0.949
226.728 0.949
227.729 0.949
228.730 0.949
229.731 0.949
230.732 0.949
231.733 0.949
232.734 0.949
233.735 0.949
234.736 0.949
235.737 0.949
236.738 0.949
237.739 0.949
238.740 0.949
239.741 0.949
240.742 0.949
241.742 0.949
242.743 0.949
243.744 0.949
244.745 0.949
245.746 0.949
246.747 0.949
247.748 0.949
248.749 0.949
249.750 0.949
250.751 0.949
251.752 0.949
252.752 0.949
253.753 0.949
254.754 0.949
255.755 0.947
256.756 0.949
257.757 0.949
258.759 0.949
259.760 0.949
260.760 0.949
261.761 0.949
262.761 0.949
263.762 0.945
264.763 0.949
265.763 0.949
266.764 0.949
267.765 0.949
268.765 0.949
269.766 0.949
270.767 0.949
271.768 0.949
272.768 0.949
273.769 0.949
274.769 0.949
275.770 0.949
276.771 0.949
277.772 0.949
278.773 0.949
279.774 0.949
280.775 0.949
281.776 0.949
282.777 0.949
283.778 0.949
284.779 0.949
285.780 0.949
286.781 0.949
287.781 0.949
288.782 0.949
289.783 0.949
290.784 0.949
291.785 0.949
292.786 0.949
293.787 0.949
294.788 0.949
295.789 0.949
296.790 0.949
297.791 0.949
298.792 0.947
299.793 0.949
300.794 0.949
301.795 0.949
302.796 0.949
303.796 0.949
304.797 0.949
305.798 0.949
306.799 0.949
307.800 0.949
308.801 0.949
309.801 0.949
310.802 0.949
311.803 0.949
312.804 0.949
313.805 0.949
314.805 0.949
315.806 0.949
316.807 0.949
317.808 0.949
318.809 0.949
319.810 0.949
320.810 0.949
321.811 0.949
322.812 0.949
323.813 0.949
324.814 0.949
325.815 0.949
326.816 0.949
327.816 0.949
328.817 0.949
329.818 0.949
330.818 0.949
331.819 0.949
332.820 0.949
333.820 0.949
334.821 0.949
335.822 0.949
336.823 0.949
337.823 0.949
338.824 0.949
339.824 0.949
340.825 0.949
341.826 0.949
342.827 0.949
343.828 0.949
344.828 0.949
345.829 0.949
346.830 0.949
347.831 0.949
348.832 0.949
349.833 0.949
350.834 0.949
351.834 0.949
352.835 0.949
353.836 0.949
354.837 0.949
355.838 0.949
356.839 0.949
357.840 0.949
358.840 0.949
359.841 0.949
360.842 0.949
361.843 0.949
362.843 0.949
363.844 0.949
364.845 0.945
365.846 0.949
366.846 0.949
367.847 0.949
368.848 0.949
369.849 0.949
370.849 0.949
371.850 0.949
372.851 0.949
373.852 0.949
374.852 0.949
375.853 0.949
376.854 0.949
377.855 0.949
378.856 0.949
379.857 0.949
380.858 0.949
381.859 0.949
382.859 0.949
383.860 0.949
384.861 0.949
385.861 0.949
386.862 0.949
387.863 0.949
388.863 0.949
389.864 0.949
390.864 0.949
391.865 0.949
392.865 0.949
393.866 0.949
394.867 0.949
395.868 0.949
396.869 0.949
397.869 0.949
398.870 0.949
399.871 0.949
400.872 0.947
401.873 0.949
402.874 0.947
403.875 0.949
404.876 0.949
405.876 0.949
406.877 0.949
407.878 0.949
408.879 0.949
409.879 0.949
410.880 0.949
411.881 0.949
412.882 0.949
413.882 0.949
414.883 0.949
415.883 0.949
416.884 0.949
417.885 0.949
418.885 0.947
419.886 0.949
420.886 0.949
421.887 0.949
422.888 0.949
423.888 0.949
424.889 0.949
425.890 0.949
426.890 0.949
427.891 0.949
428.892 0.949
429.892 0.949
430.893 0.951
431.894 0.949
432.894 0.949
433.896 0.949
434.896 0.949
435.897 0.949
436.897 0.949
437.898 0.949
438.899 0.949
439.900 0.949
440.901 0.949
441.902 0.949
442.902 0.949
443.903 0.949
444.904 0.949
445.905 0.949
446.906 0.949
447.907 0.949
448.908 0.949
449.909 0.943
450.910 0.949
451.910 0.949
452.911 0.949
453.812 0.949
454.813 0.949
455.814 0.949
456.815 0.947
457.816 0.949
458.817 0.949
459.818 0.949
460.819 0.949
461.820 0.949
462.821 0.949
463.822 0.949
464.823 0.949
465.824 0.949
466.825 0.949
467.826 0.949
468.826 0.949
469.827 0.949
470.828 0.949
471.829 0.949
472.830 0.949
473.831 0.949
474.831 0.949
475.832 0.949
476.833 0.947
477.834 0.949
478.835 0.949
479.836 0.949
480.837 0.949
481.838 0.949
482.839 0.949
483.840 0.949
484.841 0.949
485.842 0.949
486.843 0.949
487.844 0.949
488.845 0.949
489.846 0.949
490.846 0.949
491.847 0.949
492.848 0.949
493.849 0.949
494.849 0.949
495.850 0.949
496.851 0.949
497.852 0.949
498.853 0.949
499.854 0.949
500.855 0.949
501.856 0.949
502.857 0.949
503.858 0.949
504.858 0.949
505.859 0.949
506.860 0.949
507.861 0.949
508.861 0.949
509.862 0.949
510.863 0.949
511.864 0.949
512.865 0.949
513.866 0.949
514.867 0.949
515.868 0.949
516.869 0.949
517.870 0.949
518.871 0.949
519.871 0.949
520.872 0.949
521.873 0.949
522.974 0.947
523.975 0.949
524.976 0.949
525.977 0.949
526.978 0.949
527.979 0.949
528.980 0.949
529.980 0.949
530.982 0.949
531.982 0.949
532.984 0.949
533.985 0.949
534.985 0.949
535.987 0.949
536.988 0.949
537.989 0.949
538.990 0.949
539.990 0.949
540.992 0.949
541.992 0.949
542.993 0.949
543.994 0.949
544.996 0.949
545.996 0.949
546.997 0.949
547.998 0.949
548.999 0.949
549.999 0.949
551.000 0.949
552.001 0.947
553.002 0.949
554.003 0.949
555.004 0.949
556.005 0.949
557.006 0.949
558.007 0.949
559.008 0.949
560.009 0.949
561.010 0.949
562.011 0.949
563.011 0.949
564.012 0.949
565.013 0.949
566.014 0.949
567.015 0.949
568.016 0.949
569.017 0.949
570.018 0.949
571.019 0.949
572.020 0.949
573.021 0.949
574.022 0.949
575.023 0.949
576.024 0.949
577.025 0.949
578.026 0.949
579.027 0.949
580.028 0.949
581.029 0.949
582.030 0.949
583.031 0.949
584.032 0.949
585.033 0.949
586.034 0.949
587.035 0.949
588.035 0.949
589.036 0.949
590.037 0.949
591.038 0.949
592.039 0.949
593.040 0.949
594.041 0.949
595.042 0.949
596.043 0.949
597.044 0.949
598.045 0.949
599.046 0.949
600.047 0.949
601.048 0.949
602.049 0.949
603.049 0.949
604.050 0.949
605.051 0.949
606.052 0.949
607.053 0.949
608.054 0.949
609.054 0.949
610.055 0.949
611.056 0.949
612.057 0.949
613.058 0.949
614.059 0.949
615.060 0.949
616.061 0.949
617.062 0.949
618.063 0.949
619.064 0.949
620.065 0.947
621.065 0.949
622.066 0.949
623.067 0.949
624.068 0.949
625.069 0.949
626.070 0.949
627.071 0.949
628.072 0.949
629.073 0.949
630.073 0.949
631.074 0.949
632.075 0.949
633.076 0.949
634.077 0.949
635.078 0.949
636.079 0.949
637.080 0.949
638.081 0.949
639.082 0.949
640.083 0.949
641.084 0.949
642.085 0.949
643.086 0.949
644.087 0.949
645.088 0.949
646.089 0.949
647.090 0.949
648.091 0.949
649.092 0.949
650.093 0.949
651.094 0.949
652.094 0.949
653.095 0.949
654.096 0.949
655.097 0.949
656.098 0.949
657.099 0.949
658.100 0.949
659.101 0.949
660.102 0.949
661.103 0.949
662.104 0.949
663.105 0.949
664.106 0.949
665.107 0.949
666.108 0.949
667.109 0.949
668.110 0.949
669.111 0.949
670.112 0.949
671.113 0.949
672.114 0.949
673.115 0.949
674.116 0.949
675.117 0.949
676.118 0.949
677.118 0.949
678.119 0.949
679.120 0.949
680.121 0.949
681.122 0.949
682.123 0.949
683.124 0.949
684.125 0.949
685.126 0.949
686.127 0.949
687.128 0.949
688.129 0.949
689.130 0.949
690.130 0.949
691.131 0.949
692.132 0.949
693.133 0.949
694.134 0.949
695.135 0.949
696.136 0.949
697.136 0.949
698.137 0.949
699.138 0.949
700.139 0.949
701.140 0.949
702.141 0.949
703.142 0.949
704.143 0.949
705.144 0.949
706.145 0.949
707.146 0.949
708.147 0.949
709.148 0.949
710.149 0.949
711.150 0.949
712.151 0.949
713.152 0.949
714.153 0.949
715.154 0.949
716.154 0.949
717.155 0.949
718.156 0.949
719.157 0.949
720.158 0.949
721.159 0.949
722.160 0.949
723.161 0.949
724.162 0.949
725.163 0.947
726.164 0.949
727.165 0.949
728.165 0.949
729.166 0.949
730.167 0.949
731.168 0.949
732.169 0.949
733.170 0.949
734.171 0.945
735.172 0.949
736.173 0.949
737.174 0.949
738.175 0.949
739.175 0.949
740.176 0.949
741.177 0.949
742.178 0.949
743.179 0.949
744.180 0.949
745.181 0.949
746.182 0.949
747.183 0.949
748.184 0.949
749.185 0.949
750.186 0.949
751.187 0.949
752.188 0.949
753.189 0.949
754.190 0.949
755.191 0.949
756.192 0.949
757.193 0.949
758.194 0.949
759.195 0.949
760.196 0.949
761.197 0.949
762.198 0.949
763.199 0.949
764.200 0.949
765.201 0.949
766.202 0.947
767.203 0.945
768.203 0.947
769.204 0.947
770.205 0.949
771.206 0.949
772.207 0.949
773.208 0.949
774.209 0.949
775.210 0.949
776.211 0.949
777.212 0.949
778.213 0.949
779.214 0.949
780.215 0.949
781.216 0.949
782.217 0.949
783.218 0.949
784.219 0.949
785.220 0.949
786.221 0.949
787.222 0.949
788.223 0.949
789.224 0.949
790.225 0.949
791.225 0.949
792.227 0.949
793.228 0.949
794.229 0.949
795.230 0.949
796.231 0.949
797.232 0.949
798.233 0.949
799.234 0.949
800.235 0.949
801.236 0.949
802.237 0.949
803.238 0.949
804.239 0.949
805.240 0.949
806.241 0.949
807.242 0.949
808.243 0.949
809.244 0.949
810.245 0.949
811.246 0.949
812.247 0.949
813.248 0.949
814.249 0.949
815.250 0.949
816.251 0.949
817.252 0.949
818.253 0.949
819.254 0.949
820.255 0.949
821.256 0.949
823.258 0.949
824.259 0.949
825.260 0.949
826.261 0.949
827.262 0.949
828.263 0.949
829.264 0.949
830.265 0.949
831.266 0.949
832.267 0.949
833.268 0.949
834.269 0.949
835.270 0.949
836.271 0.949
837.273 0.949
838.274 0.949
839.275 0.949
840.276 0.949
841.277 0.949
842.277 0.949
843.279 0.949
844.279 0.949
845.280 0.949
846.281 0.949
847.282 0.949
848.283 0.949
849.284 0.949
850.285 0.949
851.286 0.949
852.287 0.947
853.288 0.949
854.289 0.949
855.289 0.949
856.290 0.949
857.291 0.949
858.292 0.949
859.293 0.949
860.294 0.949
861.295 0.949
862.296 0.949
863.297 0.949
864.298 0.949
865.299 0.949
866.299 0.949
867.300 0.949
868.301 0.949
869.302 0.949
870.304 0.949
871.304 0.949
872.305 0.949
873.306 0.949
874.307 0.949
875.308 0.949
876.309 0.949
877.310 0.949
878.311 0.949
879.312 0.949
880.313 0.949
881.314 0.949
882.315 0.949
883.316 0.949
884.317 0.949
885.318 0.949
886.319 0.949
887.319 0.949
888.320 0.949
889.321 0.949
890.322 0.949
891.323 0.949
892.324 0.949
893.325 0.949
894.326 0.949
895.327 0.949
896.328 0.949
897.329 0.949
898.330 0.949
899.331 0.949
900.332 0.949
901.333 0.949
902.334 0.949
903.335 0.949
904.336 0.949
905.337 0.949
906.338 0.949
907.339 0.949
908.340 0.949
909.341 0.949
910.341 0.949
911.342 0.949
912.344 0.949
913.344 0.949
914.345 0.949
915.346 0.949
916.347 0.949
917.348 0.949
918.349 0.949
919.350 0.949
920.351 0.949
921.352 0.949
922.353 0.949
923.354 0.949
924.355 0.949
925.356 0.949
926.356 0.949
927.357 0.949
928.358 0.949
929.359 0.949
930.360 0.949
931.361 0.949
932.362 0.949
933.363 0.949
934.364 0.949
935.365 0.949
936.366 0.949
937.367 0.949
938.369 0.949
939.370 0.949
940.371 0.949
941.372 0.949
942.373 0.949
943.374 0.949
944.375 0.949
945.376 0.945
946.377 0.949
947.377 0.949
948.378 0.949
949.380 0.949
950.380 0.949
951.382 0.949
952.383 0.949
953.383 0.949
954.384 0.949
955.385 0.949
956.386 0.949
957.387 0.949
958.388 0.949
959.389 0.951
960.390 0.949
961.391 0.949
962.392 0.949
963.393 0.949
964.394 0.949
965.395 0.949
966.396 0.949
967.397 0.949
968.398 0.949
969.399 0.949
970.400 0.949
971.401 0.949
972.402 0.949
973.403 0.949
974.404 0.949
975.405 0.949
976.406 0.949
977.408 0.949
978.409 0.949
979.410 0.949
980.410 0.949
981.411 0.949
982.413 0.949
983.414 0.949
984.415 0.949
985.416 0.949
986.417 0.949
987.418 0.949
988.419 0.949
989.419 0.949
990.421 0.949
991.422 0.949
992.422 0.949
993.423 0.949
994.424 0.949
995.425 0.949
996.426 0.949
997.427 0.949
998.428 0.949
999.429 0.949
1000.430 0.949
1001.431 0.949
1002.432 0.949
1003.433 0.949
1004.434 0.949
1005.435 0.949
1006.436 0.949
1007.437 0.949
1008.438 0.949
1009.439 0.949
1010.440 0.949
1011.441 0.949
1012.442 0.949
1013.443 0.949
1014.444 0.949
1015.444 0.949
1016.445 0.949
1017.447 0.949
1018.448 0.949
1019.449 0.949
1020.450 0.949
1021.451 0.949
1022.452 0.949
1023.453 0.949
1024.454 0.949
1025.455 0.949
1026.456 0.949
1027.457 0.949
1028.458 0.949
1029.459 0.949
1030.460 0.949
1031.461 0.949
1032.463 0.949
1033.464 0.949
1034.465 0.949
1035.466 0.947
1036.467 0.949
1037.468 0.949
1038.470 0.949
1039.471 0.949
1040.472 0.947
1041.473 0.949
1042.475 0.949
1043.476 0.949
1044.477 0.949
1045.478 0.949
1046.479 0.949
1047.480 0.949
1048.481 0.949
1049.483 0.949
1050.484 0.947
1051.485 0.949
1052.487 0.949
1053.488 0.949
1054.489 0.949
1055.490 0.949
1056.491 0.949
1057.493 0.949
1058.494 0.949
1059.495 0.949
1060.496 0.949
1061.497 0.949
1062.498 0.949
1063.499 0.949
1064.501 0.953
1065.502 0.949
1066.503 0.949
1067.504 0.949
1068.505 0.949
1069.507 0.949
1070.508 0.949
1071.509 0.949
1072.510 0.949
1073.511 0.949
1074.513 0.949
1075.514 0.949
1076.515 0.949
1077.516 0.949
1078.517 0.949
1079.519 0.949
1080.520 0.949
1081.521 0.949
1082.522 0.949
1083.523 0.949
1084.525 0.949
1085.526 0.949
1086.527 0.949
1087.528 0.949
1088.530 0.949
1089.531 0.949
1090.532 0.949
1091.533 0.949
1092.535 0.949
1093.535 0.949
1094.536 0.949
1095.538 0.949
1096.539 0.949
1097.540 0.949
1098.542 0.949
1099.543 0.949
1100.544 0.949
1101.545 0.949
1102.546 0.949
1103.548 0.949
1104.549 0.949
1105.550 0.949
1106.552 0.949
1107.553 0.949
1108.554 0.949
1109.555 0.949
1110.556 0.949
1111.557 0.949
1112.558 0.949
1113.559 0.949
1114.561 0.949
1115.562 0.949
1116.563 0.949
1117.564 0.949
1118.566 0.949
1119.567 0.949
1120.568 0.949
1121.570 0.949
1122.571 0.949
1123.572 0.949
1124.573 0.949
1125.574 0.949
1126.575 0.949
1127.576 0.949
1128.577 0.949
1129.579 0.949
1130.581 0.949
1131.581 0.949
1132.583 0.949
1133.584 0.949
1134.585 0.949
1135.586 0.949
1136.587 0.949
1137.588 0.949
1138.590 0.949
1139.592 0.949
1140.593 0.949
1141.594 0.949
1142.596 0.949
1143.597 0.949
1144.599 0.947
1145.600 0.949
1146.601 0.949
1147.602 0.949
1148.603 0.949
1149.604 0.949
1150.606 0.949
1151.607 0.949
1152.609 0.949
1153.610 0.949
1154.611 0.949
1155.613 0.949
1156.614 0.949
1157.615 0.949
1158.617 0.949
1159.618 0.949
1160.619 0.949
1161.621 0.949
1162.622 0.949
1163.623 0.949
1164.624 0.949
1165.625 0.949
1166.626 0.949
1167.628 0.949
1168.629 0.949
1169.630 0.949
1170.631 0.949
1171.632 0.949
1172.634 0.949
1173.635 0.949
1174.636 0.949
1175.637 0.949
1176.638 0.949
1177.639 0.949
1178.640 0.949
1179.642 0.949
1180.643 0.949
1181.644 0.949
1182.646 0.949
1183.647 0.949
1184.648 0.949
1185.649 0.949
1186.650 0.949
1187.651 0.949
1188.652 0.949
1189.654 0.949
1190.655 0.949
1191.656 0.949
1192.657 0.949
1193.659 0.949
1194.660 0.949
1195.661 0.949
1196.662 0.949
1197.663 0.949
1198.664 0.949
1199.665 0.949
1200.667 0.949
1201.668 0.949
1202.669 0.949
1203.670 0.949
1204.671 0.949
1205.672 0.949
1206.673 0.949
1207.675 0.949
1208.676 0.949
1209.677 0.949
1210.678 0.949
1211.679 0.949
1212.680 0.949
1213.682 0.949
1214.683 0.949
1215.684 0.949
1216.686 0.949
1217.687 0.949
1218.688 0.949
1219.689 0.949
1220.691 0.949
1221.692 0.949
1222.693 0.949
1223.695 0.949
1224.696 0.949
1225.697 0.949
1226.698 0.949
1227.700 0.949
1228.701 0.949
1229.702 0.949
1230.703 0.949
1231.705 0.949
1232.706 0.949
1233.707 0.949
1234.709 0.949
1235.710 0.949
1236.712 0.949
1237.713 0.949
1238.714 0.949
1239.715 0.949
1240.717 0.949
1241.718 0.949
1242.719 0.949
1243.720 0.949
1244.722 0.949
1245.723 0.949
1246.724 0.949
1247.725 0.949
1248.726 0.949
1249.727 0.949
1250.728 0.949
1251.730 0.949
1252.731 0.949
1253.732 0.949
1254.733 0.949
1255.734 0.949
1256.735 0.949
1257.736 0.949
1258.737 0.949
1259.739 0.949
1260.740 0.949
1261.741 0.949
1262.742 0.949
1263.743 0.949
1264.744 0.949
1265.745 0.949
1266.746 0.949
1267.747 0.949
1268.749 0.949
1269.750 0.949
1270.751 0.949
1271.752 0.949
1272.753 0.949
1273.755 0.949
1274.756 0.949
1275.757 0.949
1276.758 0.949
1277.759 0.949
1278.760 0.949
1279.762 0.949
1280.763 0.949
1281.764 0.949
1282.765 0.949
1283.766 0.949
1284.767 0.949
1285.769 0.949
1286.770 0.949
1287.771 0.949
1288.772 0.949
1289.773 0.949
1290.774 0.949
1291.775 0.949
1292.777 0.949
1293.778 0.949
1294.779 0.949
1295.781 0.949
1296.782 0.949
1297.783 0.949
1298.785 0.949
1299.786 0.949
1300.787 0.949
1301.788 0.949
1302.789 0.949
1303.791 0.949
1304.792 0.949
1305.793 0.949
1306.794 0.949
1307.796 0.949
1308.797 0.949
1309.799 0.947
1310.800 0.949
1311.801 0.949
1312.802 0.949
1313.803 0.949
1314.805 0.949
1315.806 0.949
1316.807 0.949
1317.808 0.949
1318.809 0.949
1319.810 0.949
1320.811 0.949
1321.812 0.949
1322.814 0.949
1323.815 0.949
1324.816 0.949
1325.817 0.949
1326.818 0.949
1327.819 0.949
1328.821 0.949
1329.822 0.945
1330.823 0.949
1331.824 0.949
1332.826 0.949
1333.827 0.949
1334.829 0.949
1335.830 0.949
1336.831 0.949
1337.832 0.949
1338.834 0.949
1339.935 0.949
1340.937 0.949
1341.938 0.949
1342.939 0.949
1343.940 0.949
1344.941 0.949
1345.943 0.949
1346.944 0.949
1347.945 0.949
1348.946 0.949
1349.948 0.949
1350.949 0.949
1351.950 0.949
1352.951 0.949
1353.952 0.949
1354.953 0.949
1355.955 0.949
1356.956 0.949
1357.957 0.949
1358.958 0.949
1359.960 0.949
1360.961 0.949
1361.962 0.949
1362.963 0.949
1363.965 0.949
1364.966 0.949
1365.967 0.949
1366.968 0.949
1367.969 0.949
1368.970 0.949
1369.972 0.949
1370.973 0.949
1371.974 0.949
1372.976 0.949
1373.977 0.949
1374.979 0.949
1375.980 0.949
1376.981 0.951
1377.982 0.949
1378.984 0.949
1379.985 0.949
1380.986 0.949
1381.987 0.949
1382.988 0.949
1383.989 0.949
1384.990 0.949
1385.991 0.949
1386.993 0.949
1387.994 0.949
1388.995 0.949
1389.996 0.949
1390.997 0.949
1391.998 0.949
1393.000 0.949
1394.000 0.949
1395.002 0.949
1396.003 0.949
1397.004 0.949
1398.005 0.949
1399.006 0.949
1400.007 0.949
1401.009 0.949
1402.010 0.949
1403.011 0.949
1404.012 0.949
1405.013 0.949
1406.014 0.949
1407.015 0.949
1408.016 0.949
1409.017 0.949
1410.018 0.949
1411.020 0.949
1412.021 0.949
1413.022 0.949
1414.023 0.949
1415.024 0.949
1416.025 0.949
1417.026 0.949
1418.028 0.949
1419.029 0.949
1420.030 0.949
1421.031 0.949
1422.033 0.949
1423.035 0.949
1424.036 0.949
1425.037 0.949
1426.039 0.949
1427.040 0.949
1428.041 0.949
1429.042 0.949
1430.044 0.949
1431.045 0.949
1432.046 0.949
1433.047 0.949
1434.048 0.949
1435.049 0.949
1436.051 0.949
1437.052 0.949
1438.053 0.949
1439.054 0.949
1440.055 0.949
1441.056 0.949
1442.057 0.949
1443.058 0.949
1444.060 0.949
1445.061 0.949
1446.062 0.949
1447.063 0.949
1448.065 0.949
1449.066 0.949
1450.067 0.949
1451.069 0.949
1452.070 0.949
1453.071 0.949
1454.072 0.949
1455.074 0.949
1456.075 0.949
1457.076 0.949
1458.077 0.949
1459.078 0.949
1460.080 0.949
1461.081 0.949
1462.082 0.949
1463.083 0.947
1464.084 0.949
1465.085 0.949
1466.087 0.949
1467.088 0.949
1468.089 0.949
1469.091 0.949
1470.092 0.949
1471.093 0.949
1472.094 0.949
1473.095 0.949
1474.096 0.949
1475.098 0.949
1476.099 0.949
1477.100 0.949
1478.102 0.949
1479.103 0.949
1480.104 0.949
1481.105 0.949
1482.107 0.949
1483.108 0.949
1484.109 0.949
1485.110 0.949
1486.111 0.949
1487.113 0.949
1488.114 0.949
1489.115 0.949
1490.116 0.949
1491.117 0.949
1492.118 0.949
1493.119 0.949
1494.121 0.949
1495.122 0.949
1496.123 0.949
1497.124 0.949
1498.125 0.949
1499.126 0.949
1500.128 0.949
1501.129 0.949
1502.130 0.949
1503.132 0.949
1504.133 0.949
1505.134 0.949
1506.135 0.949
1507.136 0.949
1508.138 0.949
1509.139 0.949
1510.140 0.949
1511.142 0.949
1512.143 0.949
1513.144 0.949
1514.146 0.949
1515.147 0.949
1516.148 0.949
1517.150 0.949
1518.151 0.949
1519.153 0.949
1520.154 0.949
1521.156 0.949
1522.157 0.949
1523.158 0.949
1524.159 0.949
1525.160 0.949
1526.161 0.949
1527.163 0.949
1528.164 0.949
1529.165 0.949
1530.166 0.949
1531.167 0.949
1532.168 0.949
1533.169 0.949
1534.171 0.949
1535.172 0.949
1536.173 0.949
1537.174 0.949
1538.175 0.949
1539.176 0.949
1540.177 0.949
1541.178 0.949
1542.179 0.949
1543.181 0.949
1544.182 0.949
1545.183 0.949
1546.184 0.949
1547.186 0.949
1548.187 0.949
1549.188 0.949
1550.189 0.949
1551.190 0.949
1552.191 0.949
1553.192 0.949
1554.193 0.949
1555.194 0.949
1556.196 0.949
1557.197 0.949
1558.198 0.949
1559.200 0.949
1560.201 0.949
1561.202 0.949
1562.204 0.949
1563.205 0.949
1564.206 0.949
1565.207 0.949
1566.208 0.949
1567.210 0.949
1568.211 0.949
1569.212 0.949
1570.213 0.949
1571.214 0.949
1572.215 0.949
1573.217 0.949
1574.218 0.949
1575.219 0.949
1576.220 0.949
1577.221 0.949
1578.222 0.949
1579.223 0.949
1580.225 0.949
1581.226 0.949
1582.227 0.949
1583.228 0.949
1584.229 0.949
1585.230 0.949
1586.232 0.949
1587.233 0.949
1588.234 0.949
1589.235 0.949
1590.237 0.949
1591.238 0.949
1592.239 0.949
1593.240 0.949
1594.241 0.949
1595.242 0.949
1596.243 0.949
1597.244 0.949
1598.245 0.949
1599.246 0.949
1600.248 0.949
1601.249 0.949
1602.250 0.949
1603.251 0.949
1604.252 0.949
1605.253 0.949
1606.254 0.949
1607.255 0.949
1608.256 0.949
1609.257 0.949
1610.259 0.949
1611.260 0.949
1612.261 0.949
1613.263 0.949
1614.264 0.949
1615.266 0.949
1616.267 0.949
1617.268 0.949
1618.269 0.949
1619.270 0.949
1620.272 0.949
1621.273 0.949
1622.274 0.949
1623.275 0.949
1624.276 0.949
1625.277 0.949
1626.279 0.949
1627.280 0.949
1628.282 0.949
1629.283 0.949
1630.284 0.949
1631.285 0.949
1632.287 0.949
1633.288 0.949
1634.190 0.949
1635.291 0.949
1636.192 0.949
1637.194 0.949
1638.195 0.949
1639.196 0.949
1640.197 0.949
1641.198 0.949
1642.200 0.949
1643.201 0.949
1644.202 0.949
1645.203 0.949
1646.204 0.949
1647.205 0.949
1648.206 0.949
1649.208 0.949
1650.209 0.949
1651.210 0.949
1652.211 0.949
1653.212 0.949
1654.214 0.949
1655.214 0.949
1656.216 0.949
1657.217 0.949
1658.218 0.949
1659.219 0.949
1660.220 0.949
1661.221 0.949
1662.223 0.949
1663.224 0.949
1664.225 0.949
1665.226 0.949
1666.227 0.949
1667.228 0.949
1668.229 0.949
1669.231 0.949
1670.232 0.949
1671.233 0.949
1672.234 0.949
1673.235 0.949
1674.237 0.949
1675.238 0.949
1676.240 0.949
1677.241 0.949
1678.242 0.949
1679.243 0.949
1680.244 0.949
1681.245 0.949
1682.246 0.949
1683.248 0.949
1684.249 0.949
1685.251 0.949
1686.252 0.949
1687.254 0.949
1688.255 0.949
1689.256 0.949
1690.257 0.947
1691.258 0.949
1692.259 0.949
1693.260 0.949
1694.261 0.949
1695.262 0.949
1696.264 0.949
1697.265 0.949
1698.266 0.949
1699.267 0.949
1700.268 0.949
1701.270 0.949
1702.271 0.949
1703.272 0.949
1704.273 0.949
1705.274 0.949
1706.275 0.949
1707.276 0.949
1708.277 0.949
1709.279 0.949
1710.280 0.949
1711.281 0.949
1712.282 0.949
1713.283 0.949
1714.284 0.949
1715.286 0.949
1716.287 0.949
1717.288 0.949
1718.289 0.949
1719.290 0.949
1720.291 0.949
1721.292 0.949
1722.293 0.949
1723.295 0.949
1724.296 0.949
1725.297 0.949
1726.298 0.949
1727.300 0.949
1728.301 0.949
1729.302 0.951
1730.304 0.949
1731.305 0.949
1732.306 0.949
1733.307 0.949
1734.308 0.949
1735.309 0.949
1736.310 0.949
1737.312 0.949
1738.313 0.949
1739.314 0.949
1740.315 0.949
1741.316 0.949
1742.317 0.949
1743.318 0.949
1744.319 0.949
1745.320 0.949
1746.322 0.949
1747.323 0.949
1748.324 0.949
1749.325 0.949
1750.326 0.949
1751.327 0.949
1752.328 0.949
1753.329 0.949
1754.330 0.949
1755.331 0.949
1756.332 0.949
1757.333 0.949
1758.334 0.949
1759.335 0.949
1760.336 0.949
1761.337 0.949
1762.339 0.949
1763.340 0.949
1764.341 0.949
1765.342 0.949
1766.343 0.949
1767.344 0.949
1768.345 0.949
1769.347 0.949
1770.348 0.949
1771.349 0.949
1772.351 0.949
1773.352 0.949
1774.353 0.949
1775.354 0.949
1776.355 0.949
1777.356 0.949
1778.358 0.949
1779.359 0.949
1780.360 0.949
1781.361 0.949
1782.362 0.949
1783.363 0.949
1784.364 0.949
1785.365 0.949
1786.366 0.949
1787.367 0.949
1788.368 0.949
1789.370 0.949
1790.371 0.949
1791.372 0.949
1792.373 0.949
1793.374 0.949
1794.375 0.949
1795.377 0.949
1796.378 0.949
1797.379 0.949
1798.381 0.949
1799.383 0.949
1800.384 0.949
1801.385 0.949
1802.386 0.949
1803.387 0.949
1804.389 0.949
1805.390 0.949
1806.392 0.949
1807.393 0.949
1808.394 0.949
1809.395 0.949
1810.396 0.949
1811.398 0.949
1812.399 0.949
1813.400 0.949
1814.401 0.953
1815.403 0.949
1816.404 0.949
1817.405 0.949
1818.406 0.949
1819.407 0.949
1820.408 0.949
1821.409 0.949
1822.410 0.949
1823.411 0.949
1824.413 0.949
1825.414 0.949
1826.415 0.949
1827.416 0.949
1828.417 0.949
1829.418 0.949
1830.419 0.949
1831.420 0.949
1832.421 0.949
1833.422 0.949
1834.423 0.949
1835.424 0.949
1836.426 0.949
1837.427 0.949
1838.428 0.949
1839.429 0.949
1840.430 0.949
1841.431 0.949
1842.432 0.949
1843.433 0.949
1844.435 0.949
1845.436 0.949
1846.437 0.947
1847.438 0.949
1848.439 0.949
1849.441 0.949
1850.442 0.949
1851.443 0.949
1852.444 0.949
1853.445 0.949
1854.446 0.949
1855.448 0.949
1856.449 0.949
1857.450 0.949
1858.452 0.949
1859.453 0.949
1860.454 0.949
1861.455 0.949
1862.456 0.949
1863.458 0.949
1864.459 0.949
1865.460 0.949
1866.462 0.949
1867.463 0.949
1868.464 0.949
1869.465 0.949
1870.466 0.949
1871.467 0.949
1872.468 0.949
1873.469 0.949
1874.470 0.949
1875.471 0.949
1876.473 0.949
1877.474 0.949
1878.475 0.949
1879.476 0.949
1880.478 0.949
1881.479 0.949
1882.480 0.949
1883.482 0.949
1884.483 0.949
1885.484 0.949
1886.485 0.949
1887.486 0.949
1888.487 0.949
1889.489 0.949
1890.490 0.949
1891.491 0.949
1892.492 0.949
1893.493 0.949
1894.494 0.949
1895.495 0.949
1896.496 0.949
1897.497 0.949
1898.499 0.949
1899.500 0.949
1900.501 0.949
1901.502 0.949
1902.503 0.949
1903.504 0.949
1904.505 0.949
1905.507 0.949
1906.508 0.949
1907.510 0.949
1908.511 0.949
1909.512 0.949
1910.514 0.949
1911.515 0.949
1912.516 0.949
1913.517 0.949
1914.518 0.949
1915.519 0.949
1916.521 0.949
1917.522 0.949
1918.523 0.949
1919.525 0.949
1920.526 0.949
1921.527 0.949
1922.528 0.949
1923.530 0.949
1924.531 0.949
1925.532 0.949
1926.533 0.949
1927.534 0.949
1928.535 0.949
1929.536 0.949
1930.537 0.949
1931.539 0.949
1932.540 0.949
1933.541 0.949
1934.542 0.949
1935.543 0.949
1936.544 0.949
1937.545 0.949
1938.546 0.949
1939.547 0.949
1940.548 0.949
1941.549 0.949
1942.550 0.949
1943.552 0.949
1944.553 0.949
1945.554 0.949
1946.555 0.949
1947.556 0.949
1948.557 0.949
1949.558 0.949
1950.560 0.949
1951.561 0.949
1952.562 0.949
1953.564 0.949
1954.565 0.949
1955.566 0.949
1956.568 0.949
1957.569 0.949
1958.570 0.949
1959.571 0.949
1960.573 0.949
1961.574 0.949
1962.575 0.949
1963.576 0.949
1964.578 0.949
1965.579 0.949
1966.581 0.949
1967.582 0.949
1968.583 0.949
1969.584 0.949
1970.585 0.949
1971.586 0.949
1972.587 0.949
1973.588 0.949
1974.590 0.949
1975.591 0.949
1976.592 0.949
1977.593 0.949
1978.595 0.949
1979.596 0.949
1980.597 0.949
1981.599 0.949
1982.600 0.949
1983.601 0.949
1984.602 0.949
1985.603 0.949
1986.605 0.949
1987.606 0.949
1988.608 0.949
1989.609 0.949
1990.610 0.949
1991.611 0.949
1992.612 0.949
1993.613 0.949
1994.615 0.949
1995.615 0.949
1996.616 0.949
1997.617 0.949
1998.618 0.949
1999.619 0.949
2000.620 0.949
2001.621 0.949
2002.623 0.949
2003.624 0.949
2004.625 0.949
2005.626 0.949
2006.627 0.949
2007.629 0.949
2008.630 0.949
2009.631 0.949
2010.632 0.949
2011.634 0.949
2012.635 0.949
2013.637 0.949
2014.638 0.949
2015.639 0.949
2016.641 0.949
2017.642 0.949
2018.643 0.949
2019.644 0.949
2020.645 0.949
2021.647 0.949
2022.648 0.949
2023.649 0.949
2024.650 0.949
2025.651 0.949
2026.652 0.949
2027.654 0.949
2028.655 0.949
2029.656 0.949
2030.657 0.949
2031.658 0.949
2032.659 0.949
2033.661 0.949
2034.662 0.949
2035.663 0.949
2036.665 0.949
2037.666 0.949
2038.667 0.949
2039.668 0.949
2040.670 0.949
2041.671 0.949
2042.672 0.949
2043.673 0.949
2044.674 0.949
2045.675 0.949
2046.676 0.949
2047.678 0.949
2048.679 0.949
2049.680 0.949
2050.681 0.949
2051.682 0.949
2052.683 0.947
2053.684 0.949
2054.685 0.949
2055.686 0.949
2056.687 0.949
2057.688 0.949
2058.689 0.949
2059.690 0.949
2060.691 0.949
2061.692 0.949
2062.693 0.949
2063.694 0.949
2064.695 0.949
2065.696 0.949
2066.697 0.949
2067.698 0.949
2068.700 0.949
2069.701 0.949
2070.702 0.949
2071.703 0.949
2072.704 0.949
2073.705 0.949
2074.706 0.949
2075.707 0.949
2076.708 0.949
2077.709 0.949
2078.710 0.949
2079.712 0.947
2080.713 0.949
2081.714 0.949
2082.715 0.949
2083.716 0.949
2084.717 0.949
2085.718 0.949
2086.719 0.949
2087.719 0.949
2088.720 0.949
2089.721 0.949
2090.722 0.949
2091.723 0.949
2092.724 0.949
2093.725 0.949
2094.726 0.949
2095.727 0.949
2096.728 0.949
2097.729 0.949
2098.730 0.949
2099.731 0.949
2100.732 0.949
2101.733 0.949
2102.734 0.949
2103.735 0.949
2104.736 0.949
2105.737 0.949
2106.738 0.949
2107.739 0.949
2108.740 0.949
2109.741 0.949
2110.742 0.949
2111.743 0.949
2112.744 0.949
2113.745 0.949
2114.746 0.949
2115.747 0.949
2116.748 0.949
2117.749 0.949
2118.750 0.949
2119.751 0.949
2120.752 0.949
2121.753 0.949
2122.754 0.949
2123.755 0.949
2124.756 0.949
2125.757 0.949
2126.758 0.949
2127.759 0.949
2128.760 0.949
2129.760 0.949
2130.761 0.949
2131.762 0.949
2132.763 0.949
2133.764 0.949
2134.766 0.949
2135.767 0.949
2136.768 0.949
2137.769 0.949
2138.770 0.949
2139.771 0.949
2140.771 0.949
2141.772 0.949
2142.773 0.951
2143.774 0.949
2144.775 0.949
2145.776 0.949
2146.777 0.949
2147.778 0.943
2148.779 0.949
2149.780 0.949
2150.781 0.949
2151.782 0.949
2152.783 0.949
2153.784 0.949
2154.785 0.949
2155.786 0.949
2156.787 0.949
2157.788 0.949
2158.789 0.949
2159.790 0.949
2160.791 0.949
2161.792 0.949
2162.793 0.949
2163.794 0.949
2164.795 0.949
2165.796 0.949
2166.797 0.949
2167.798 0.949
2168.799 0.949
2169.800 0.949
2170.801 0.949
2171.802 0.949
2172.803 0.949
2173.804 0.949
2174.805 0.949
2175.806 0.949
2176.807 0.949
2177.808 0.949
2178.809 0.949
2179.810 0.949
2180.811 0.949
2181.812 0.949
2182.812 0.949
2183.813 0.949
2184.814 0.949
2185.815 0.949
2186.816 0.949
2187.817 0.949
2188.818 0.949
2189.819 0.949
2190.820 0.949
2191.821 0.949
2192.822 0.949
2193.823 0.949
2194.824 0.949
2195.825 0.949
2196.826 0.949
2197.827 0.949
2198.828 0.949
2199.829 0.949
2200.830 0.949
2201.831 0.945
2202.832 0.947
2203.833 0.949
2204.834 0.949
2205.835 0.949
2206.836 0.949
2207.837 0.949
2208.838 0.949
2209.839 0.949
2210.840 0.949
2211.841 0.949
2212.842 0.949
2213.843 0.949
2214.844 0.949
2215.845 0.949
2216.846 0.949
2217.847 0.949
2218.848 0.949
2219.849 0.949
2220.850 0.949
2221.851 0.949
2222.852 0.949
2223.853 0.949
2224.854 0.949
2225.855 0.949
2226.856 0.949
2227.857 0.949
2228.858 0.949
2229.859 0.949
2230.860 0.949
2231.861 0.949
2232.862 0.949
2233.863 0.949
2234.864 0.949
2235.865 0.949
2236.865 0.949
2237.866 0.949
2238.867 0.949
2239.868 0.949
2240.869 0.949
2241.870 0.949
2242.871 0.949
2243.872 0.949
2244.873 0.949
2245.874 0.943
2246.875 0.949
2247.876 0.949
2248.877 0.949
2249.878 0.949
2250.879 0.949
2251.880 0.949
2252.881 0.949
2253.882 0.949
2254.883 0.949
2255.884 0.949
2256.885 0.949
2257.886 0.949
2258.887 0.949
2259.888 0.949
2260.889 0.949
2261.890 0.949
2262.891 0.949
2263.892 0.949
2264.893 0.945
2265.894 0.949
2266.895 0.949
2267.896 0.949
2268.897 0.949
2269.898 0.949
2270.899 0.949
2271.900 0.949
2272.901 0.949
2273.902 0.949
2274.903 0.949
2275.904 0.949
2276.905 0.949
2277.906 0.949
2278.906 0.949
2279.907 0.949
2280.908 0.949
2281.909 0.949
2282.910 0.949
2283.911 0.949
2284.912 0.949
2285.913 0.949
2286.914 0.949
2287.915 0.949
2288.916 0.949
2289.917 0.949
2290.918 0.949
2291.919 0.949
2292.920 0.949
2293.921 0.947
2294.922 0.949
2295.923 0.949
2296.924 0.949
2297.925 0.949
2298.926 0.949
2299.927 0.949
2300.928 0.949
2301.929 0.949
2302.930 0.949
2303.931 0.949
2304.932 0.949
2305.933 0.949
2306.934 0.949
2307.935 0.949
2308.936 0.949
2309.937 0.949
2310.938 0.949
2311.939 0.949
2312.940 0.949
2313.941 0.949
2314.942 0.949
2315.943 0.949
2316.944 0.949
2317.945 0.949
2318.946 0.949
2319.947 0.949
2320.948 0.949
2321.948 0.949
2322.949 0.949
2323.950 0.949
2324.951 0.949
2325.952 0.949
2326.953 0.949
2327.954 0.949
2328.955 0.949
2329.956 0.949
2330.957 0.949
2331.958 0.949
2332.959 0.949
2333.960 0.949
2334.961 0.949
2335.962 0.949
2336.963 0.949
2337.964 0.949
2338.965 0.949
2339.966 0.949
2340.967 0.949
2341.968 0.949
2342.969 0.949
2343.970 0.949
2344.971 0.949
2345.972 0.949
2346.973 0.949
2347.974 0.949
2348.975 0.949
2349.976 0.949
2350.977 0.949
2351.978 0.949
2352.979 0.949
2353.980 0.949
2354.981 0.949
2355.982 0.949
2356.983 0.949
2357.984 0.949
2358.985 0.949
2359.986 0.949
2360.987 0.949
2361.988 0.949
2362.989 0.949
2363.990 0.949
2364.990 0.949
2365.991 0.949
2366.992 0.949
2367.993 0.949
2368.994 0.949
2369.995 0.949
2370.996 0.949
2371.997 0.949
2372.998 0.945
2373.999 0.949
2375.000 0.949
2376.001 0.949
2377.002 0.949
2378.003 0.949
2379.004 0.949
2380.005 0.949
2381.006 0.949
2382.007 0.949
2383.008 0.949
2384.009 0.949
2385.010 0.949
2386.011 0.949
2387.012 0.949
2388.013 0.949
2389.014 0.949
2390.015 0.949
2391.016 0.949
2392.017 0.949
2393.018 0.949
2394.019 0.949
2395.020 0.949
2396.021 0.949
2397.022 0.949
2398.023 0.949
2399.024 0.949
2400.025 0.949
2401.026 0.949
2402.027 0.949
2403.028 0.949
2404.029 0.949
2405.030 0.949
2406.031 0.949
2407.031 0.949
2408.032 0.949
2409.033 0.949
2410.034 0.949
2411.035 0.949
2412.036 0.949
2413.037 0.949
2414.038 0.949
2415.039 0.949
2416.040 0.949
2417.041 0.949
2418.042 0.945
2419.043 0.949
2420.044 0.949
2421.045 0.949
2422.046 0.949
2423.047 0.949
2424.048 0.949
2425.049 0.949
2426.050 0.949
2427.051 0.949
2428.052 0.949
2429.053 0.949
2430.054 0.949
2431.055 0.949
2432.056 0.949
2433.057 0.949
2434.058 0.949
2435.059 0.949
2436.060 0.949
2437.061 0.949
2438.062 0.949
2439.063 0.949
2440.064 0.949
2441.065 0.949
2442.066 0.949
2443.067 0.949
2444.068 0.949
2445.069 0.949
2446.070 0.949
2447.071 0.949
2448.072 0.949
2449.073 0.949
2450.073 0.949
2451.074 0.949
2452.075 0.949
2453.076 0.949
2454.077 0.949
2455.078 0.949
2456.079 0.949
2457.080 0.949
2458.081 0.949
2459.082 0.949
2460.083 0.949
2461.084 0.949
2462.085 0.949
2463.086 0.949
2464.087 0.949
2465.088 0.949
2466.089 0.949
2467.090 0.949
2468.091 0.949
2469.092 0.949
2470.093 0.949
2471.094 0.949
2472.095 0.949
2473.096 0.949
2474.097 0.949
2475.098 0.949
2476.099 0.949
2477.100 0.949
2478.101 0.949
2479.102 0.949
2480.103 0.949
2481.104 0.949
2482.105 0.949
2483.106 0.949
2484.107 0.949
2485.108 0.949
2486.109 0.949
2487.110 0.949
2488.111 0.949
2489.112 0.949
2490.113 0.949
2491.114 0.949
2492.115 0.949
2493.115 0.949
2494.116 0.949
2495.117 0.949
2496.118 0.949
2497.119 0.949
2498.120 0.949
2499.121 0.949
2500.122 0.949
2501.123 0.949
2502.124 0.949
2503.125 0.949
2504.126 0.949
2505.127 0.949
2506.128 0.949
2507.129 0.949
2508.130 0.949
2509.131 0.949
2510.132 0.949
2511.133 0.949
2512.134 0.949
2513.135 0.949
2514.136 0.949
2515.137 0.949
2516.138 0.949
2517.139 0.949
2518.140 0.949
2519.141 0.949
2520.142 0.949
2521.143 0.949
2522.144 0.949
2523.145 0.949
2524.146 0.949
2525.147 0.949
2526.148 0.949
2527.149 0.949
2528.150 0.949
2529.151 0.949
2530.152 0.949
2531.153 0.949
2532.154 0.949
2533.155 0.949
2534.156 0.949
2535.156 0.949
2536.157 0.949
2537.158 0.949
2538.159 0.949
2539.160 0.949
2540.161 0.949
2541.162 0.949
2542.163 0.949
2543.164 0.949
2544.165 0.949
2545.166 0.949
2546.167 0.949
2547.168 0.949
2548.169 0.949
2549.170 0.949
2550.171 0.949
2551.172 0.949
2552.173 0.949
2553.174 0.949
2554.175 0.949
2555.176 0.949
2556.177 0.949
2557.178 0.949
2558.179 0.949
2559.180 0.949
2560.181 0.949
2561.182 0.949
2562.183 0.949
2563.184 0.949
2564.185 0.949
2565.186 0.949
2566.187 0.949
2567.188 0.949
2568.189 0.949
2569.190 0.949
2570.191 0.949
2571.192 0.945
2572.193 0.949
2573.194 0.949
2574.195 0.949
2575.196 0.949
2576.197 0.949
2577.198 0.949
2578.198 0.949
2579.199 0.949
2580.200 0.949
2581.201 0.949
2582.202 0.949
2583.203 0.949
2584.204 0.949
2585.205 0.949
2586.206 0.949
2587.207 0.949
2588.208 0.947
2589.209 0.949
2590.210 0.949
2591.211 0.949
2592.212 0.949
2593.213 0.949
2594.214 0.949
2595.215 0.949
2596.216 0.949
2597.217 0.949
2598.218 0.949
2599.219 0.949
2600.220 0.949
2601.221 0.949
2602.222 0.949
2603.223 0.949
2604.224 0.949
2605.225 0.949
2606.226 0.949
2607.227 0.949
2608.228 0.949
2609.229 0.949
2610.230 0.949
2611.231 0.949
2612.232 0.949
2613.233 0.949
2614.234 0.949
2615.235 0.949
2616.236 0.949
2617.237 0.949
2618.238 0.949
2619.239 0.949
2620.240 0.949
2621.240 0.949
2622.241 0.949
2623.242 0.949
2624.243 0.949
2625.244 0.949
2626.245 0.949
2627.246 0.949
2628.247 0.949
2629.248 0.949
2630.249 0.949
2631.250 0.949
2632.251 0.949
2633.252 0.949
2634.253 0.949
2635.254 0.949
2636.255 0.949
2637.256 0.949
2638.257 0.949
2639.258 0.949
2640.259 0.949
2641.260 0.949
2642.261 0.949
2643.262 0.949
2644.263 0.949
2645.264 0.949
2646.265 0.949
2647.266 0.949
2648.267 0.949
2649.268 0.949
2650.269 0.949
2651.270 0.949
2652.271 0.949
2653.272 0.949
2654.273 0.949
2655.274 0.949
2656.275 0.949
2657.276 0.949
2658.277 0.949
2659.278 0.949
2660.279 0.949
2661.280 0.949
2662.281 0.949
2663.281 0.949
2664.282 0.949
2665.283 0.949
2666.284 0.949
2667.285 0.949
2668.286 0.949
2669.287 0.949
2670.288 0.949
2671.289 0.949
2672.290 0.949
2673.291 0.949
2674.292 0.949
2675.293 0.949
2676.294 0.949
2677.295 0.949
2678.296 0.949
2679.297 0.949
2680.298 0.949
2681.299 0.949
2682.300 0.949
2683.301 0.949
2684.302 0.949
2685.303 0.949
2686.304 0.949
2687.305 0.949
2688.306 0.949
2689.307 0.949
2690.308 0.949
2691.309 0.949
2692.310 0.949
2693.311 0.949
2694.312 0.949
2695.313 0.949
2696.314 0.949
2697.315 0.949
2698.316 0.949
2699.317 0.949
2700.318 0.949
2701.319 0.949
2702.320 0.949
2703.321 0.949
2704.322 0.949
2705.323 0.949
2706.323 0.949
2707.324 0.949
2708.325 0.949
2709.326 0.949
2710.327 0.949
2711.328 0.949
2712.329 0.949
2713.330 0.949
2714.331 0.949
2715.332 0.949
2716.333 0.949
2717.334 0.949
2718.335 0.949
2719.336 0.949
2720.337 0.949
2721.338 0.949
2722.339 0.949
2723.340 0.949
2724.341 0.949
2725.342 0.949
2726.343 0.949
2727.344 0.949
2728.345 0.949
2729.346 0.949
2730.347 0.949
2731.348 0.949
2732.349 0.949
2733.350 0.949
2734.351 0.949
2735.352 0.949
2736.353 0.949
2737.354 0.949
2738.355 0.949
2739.356 0.949
2740.357 0.949
2741.358 0.949
2742.359 0.949
2743.360 0.949
2744.361 0.949
2745.362 0.949
2746.363 0.949
2747.364 0.949
2748.365 0.949
2749.365 0.949
2750.366 0.949
2751.367 0.949
2752.368 0.949
2753.369 0.949
2754.370 0.949
2755.371 0.949
2756.372 0.949
2757.373 0.949
2758.374 0.949
2759.375 0.949
2760.376 0.949
2761.377 0.949
2762.378 0.949
2763.379 0.949
2764.380 0.949
2765.381 0.949
2766.382 0.949
2767.383 0.949
2768.384 0.949
2769.385 0.949
2770.386 0.949
2771.387 0.949
2772.388 0.949
2773.389 0.949
2774.390 0.949
2775.391 0.949
2776.392 0.949
2777.393 0.949
2778.394 0.949
2779.395 0.949
2780.396 0.949
2781.397 0.949
2782.398 0.949
2783.399 0.949
2784.400 0.949
2785.401 0.949
2786.402 0.949
2787.403 0.949
2788.404 0.949
2789.405 0.949
2790.406 0.949
2791.406 0.949
2792.407 0.949
2793.408 0.949
2794.409 0.949
2795.410 0.949
2796.411 0.949
2797.412 0.949
2798.413 0.949
2799.414 0.949
2800.415 0.949
2801.416 0.949
2802.417 0.949
2803.418 0.949
2804.419 0.949
2805.420 0.949
2806.421 0.949
2807.422 0.949
2808.423 0.949
2809.424 0.949
2810.425 0.949
2811.426 0.949
2812.427 0.949
2813.428 0.949
2814.429 0.949
2815.430 0.949
2816.431 0.949
2817.432 0.949
2818.433 0.949
2819.434 0.949
2820.435 0.949
2821.436 0.949
2822.437 0.949
2823.438 0.949
2824.439 0.949
2825.440 0.949
2826.441 0.949
2827.442 0.949
2828.443 0.949
2829.444 0.949
2830.445 0.949
2831.446 0.949
2832.447 0.949
2833.448 0.949
2834.448 0.949
2835.449 0.949
2836.450 0.949
2837.451 0.949
2838.452 0.949
2839.453 0.949
2840.454 0.949
2841.455 0.949
2842.456 0.949
2843.457 0.949
2844.458 0.949
2845.459 0.949
2846.460 0.949
2847.461 0.949
2848.462 0.949
2849.463 0.949
2850.464 0.949
2851.465 0.949
2852.466 0.949
2853.467 0.949
2854.468 0.949
2855.469 0.949
2856.470 0.949
2857.471 0.949
2858.472 0.949
2859.473 0.949
2860.474 0.949
2861.475 0.949
2862.476 0.949
2863.477 0.949
2864.478 0.949
2865.479 0.949
2866.480 0.949
2867.481 0.949
2868.482 0.949
2869.483 0.949
2870.484 0.949
2871.485 0.949
2872.486 0.949
2873.487 0.949
2874.488 0.949
2875.489 0.949
2876.490 0.949
2877.490 0.949
2878.491 0.949
2879.492 0.949
2880.493 0.949
2881.494 0.949
2882.495 0.949
2883.496 0.949
2884.497 0.949
2885.498 0.949
2886.499 0.949
2887.500 0.949
2888.501 0.949
2889.502 0.949
2890.503 0.949
2891.504 0.949
2892.505 0.947
2893.506 0.949
2894.507 0.949
2895.508 0.949
2896.509 0.949
2897.510 0.949
2898.511 0.949
2899.512 0.949
2900.513 0.949
2901.514 0.949
2902.515 0.949
2903.516 0.949
2904.517 0.949
2905.518 0.949
2906.519 0.949
2907.520 0.949
2908.521 0.949
2909.522 0.949
2910.523 0.949
2911.524 0.949
2912.525 0.949
2913.526 0.949
2914.527 0.949
2915.528 0.949
2916.529 0.949
2917.530 0.949
2918.531 0.949
2919.531 0.949
2920.532 0.949
2921.533 0.949
2922.534 0.949
2923.535 0.949
2924.536 0.949
2925.537 0.949
2926.538 0.949
2927.539 0.949
2928.540 0.949
2929.541 0.949
2930.542 0.949
2931.543 0.949
2932.544 0.949
2933.545 0.943
2934.546 0.949
2935.547 0.949
2936.548 0.949
2937.549 0.949
2938.550 0.949
2939.551 0.949
2940.552 0.949
2941.553 0.949
2942.554 0.949
2943.555 0.949
2944.556 0.949
2945.557 0.949
2946.558 0.949
2947.559 0.949
2948.560 0.949
2949.561 0.949
2950.562 0.949
2951.563 0.949
2952.564 0.949
2953.565 0.949
2954.566 0.949
2955.567 0.949
2956.568 0.949
2957.569 0.949
2958.570 0.949
2959.571 0.949
2960.572 0.949
2961.573 0.949
2962.573 0.949
2963.574 0.949
2964.575 0.949
2965.576 0.949
2966.577 0.949
2967.578 0.949
2968.579 0.949
2969.580 0.949
2970.581 0.949
2971.582 0.949
2972.583 0.949
2973.584 0.949
2974.585 0.949
2975.586 0.949
2976.587 0.949
2977.588 0.949
2978.589 0.949
2979.590 0.949
2980.591 0.949
2981.592 0.949
2982.593 0.949
2983.594 0.949
2984.595 0.949
2985.596 0.949
2986.597 0.949
2987.598 0.949
2988.599 0.949
2989.600 0.949
2990.601 0.949
2991.602 0.949
2992.603 0.949
2993.604 0.949
2994.605 0.949
2995.606 0.949
2996.607 0.949
2997.608 0.949
2998.609 0.949
2999.610 0.949
3000.611 0.949
3001.612 0.949
3002.613 0.949
3003.614 0.949
3004.615 0.949
3005.616 0.949
3006.617 0.949
3007.618 0.949
3008.619 0.949
3009.620 0.949
3010.621 0.949
3011.622 0.949
3012.623 0.949
3013.624 0.949
3014.625 0.949
3015.625 0.949
3016.626 0.949
3017.627 0.949
3018.628 0.949
3019.629 0.949
3020.630 0.949
3021.631 0.949
3022.632 0.949
3023.633 0.949
3024.634 0.949
3025.635 0.949
3026.636 0.949
3027.637 0.949
3028.638 0.949
3029.639 0.949
3030.640 0.949
3031.641 0.949
3032.642 0.949
3033.643 0.949
3034.644 0.949
3035.645 0.949
3036.646 0.949
3037.647 0.949
3038.648 0.949
3039.649 0.949
3040.650 0.949
3041.651 0.949
3042.652 0.949
3043.653 0.949
3044.654 0.949
3045.655 0.949
3046.656 0.949
3047.657 0.949
3048.658 0.949
3049.659 0.949
3050.660 0.949
3051.661 0.949
3052.662 0.949
3053.663 0.949
3054.664 0.949
3055.665 0.949
3056.666 0.949
3057.667 0.949
3058.668 0.949
3059.669 0.949
3060.670 0.949
3061.671 0.949
3062.672 0.949
3063.673 0.949
3064.674 0.949
3065.675 0.949
3066.676 0.949
3067.677 0.949
3068.677 0.949
3069.678 0.949
3070.679 0.949
3071.680 0.949
3072.681 0.949
3073.682 0.949
3074.683 0.949
3075.684 0.949
3076.685 0.949
3077.686 0.949
3078.687 0.949
3079.688 0.949
3080.689 0.949
3081.690 0.949
3082.691 0.949
3083.692 0.949
3084.693 0.949
3085.694 0.949
3086.695 0.949
3087.696 0.949
3088.697 0.949
3089.698 0.949
3090.699 0.949
3091.700 0.949
3092.701 0.949
3093.702 0.949
3094.703 0.949
3095.704 0.949
3096.705 0.949
3097.706 0.949
3098.707 0.949
3099.708 0.949
3100.709 0.949
3101.710 0.949
3102.711 0.949
3103.712 0.949
3104.713 0.949
3105.714 0.949
3106.715 0.949
3107.716 0.949
3108.717 0.949
3109.718 0.949
3110.719 0.949
3111.719 0.949
3112.720 0.949
3113.721 0.949
3114.722 0.949
3115.723 0.949
3116.724 0.949
3117.725 0.949
3118.726 0.949
3119.727 0.949
3120.728 0.949
3121.729 0.949
3122.730 0.949
3123.731 0.949
3124.732 0.949
3125.733 0.949
3126.734 0.949
3127.735 0.949
3128.736 0.949
3129.737 0.949
3130.738 0.949
3131.739 0.949
3132.740 0.949
3133.741 0.949
3134.742 0.949
3135.743 0.949
3136.744 0.949
3137.745 0.949
3138.746 0.949
3139.747 0.949
3140.748 0.949
3141.749 0.949
3142.750 0.949
3143.751 0.949
3144.752 0.949
3145.753 0.949
3146.754 0.949
3147.755 0.949
3148.756 0.949
3149.757 0.949
3150.758 0.949
3151.759 0.949
3152.760 0.949
3153.760 0.949
3154.761 0.949
3155.762 0.949
3156.763 0.949
3157.764 0.949
3158.765 0.949
3159.766 0.949
3160.767 0.949
3161.768 0.949
3162.769 0.949
3163.770 0.949
3164.771 0.949
3165.772 0.949
3166.773 0.949
3167.774 0.949
3168.775 0.949
3169.776 0.949
3170.777 0.949
3171.778 0.949
3172.779 0.949
3173.780 0.949
3174.781 0.949
3175.782 0.949
3176.783 0.949
3177.784 0.949
3178.785 0.949
3179.786 0.949
3180.787 0.949
3181.788 0.949
3182.789 0.949
3183.790 0.949
3184.791 0.949
3185.792 0.949
3186.793 0.949
3187.794 0.949
3188.795 0.949
3189.796 0.949
3190.797 0.949
3191.798 0.949
3192.799 0.949
3193.800 0.949
3194.801 0.949
3195.802 0.949
3196.802 0.949
3197.803 0.949
3198.804 0.949
3199.805 0.949
3200.806 0.949
3201.807 0.949
3202.808 0.949
3203.809 0.949
3204.810 0.949
3205.811 0.949
3206.812 0.949
3207.813 0.949
3208.814 0.949
3209.815 0.949
3210.816 0.949
3211.817 0.949
3212.818 0.949
3213.819 0.949
3214.820 0.949
3215.821 0.949
3216.822 0.949
3217.823 0.949
3218.824 0.949
3219.825 0.949
3220.826 0.949
3221.827 0.949
3222.828 0.949
3223.829 0.949
3224.830 0.949
3225.831 0.949
3226.832 0.949
3227.833 0.949
3228.834 0.949
3229.835 0.949
3230.836 0.949
3231.837 0.949
3232.838 0.949
3233.839 0.949
3234.840 0.949
3235.841 0.949
3236.842 0.949
3237.843 0.949
3238.844 0.949
3239.844 0.949
3240.845 0.949
3241.846 0.949
3242.847 0.949
3243.848 0.949
3244.849 0.949
3245.850 0.949
3246.851 0.949
3247.852 0.949
3248.853 0.949
3249.854 0.949
3250.855 0.949
3251.856 0.949
3252.857 0.949
3253.858 0.949
3254.859 0.949
3255.860 0.949
3256.861 0.949
3257.862 0.949
3258.863 0.949
3259.864 0.949
3260.865 0.949
3261.866 0.949
3262.867 0.949
3263.868 0.949
3264.869 0.949
3265.870 0.949
3266.871 0.949
3267.872 0.949
3268.873 0.949
3269.874 0.949
3270.875 0.949
3271.876 0.949
3272.877 0.949
3273.878 0.949
3274.879 0.949
3275.880 0.949
3276.881 0.949
3277.882 0.949
3278.883 0.949
3279.884 0.949
3280.885 0.949
3281.885 0.949
3282.886 0.949
3283.887 0.949
3284.888 0.949
3285.889 0.949
3286.890 0.949
3287.891 0.949
3288.892 0.949
3289.893 0.949
3290.894 0.949
3291.895 0.949
3292.896 0.949
3293.897 0.949
3294.898 0.949
3295.899 0.949
3296.900 0.949
3297.901 0.949
3298.902 0.949
3299.903 0.949
3300.904 0.949
3301.905 0.949
3302.906 0.949
3303.907 0.949
3304.908 0.949
3305.909 0.949
3306.910 0.949
3307.911 0.949
3308.912 0.949
3309.913 0.949
3310.914 0.949
3311.915 0.949
3312.916 0.949
3313.917 0.949
3314.918 0.949
3315.919 0.949
3316.920 0.949
3317.921 0.949
3318.922 0.949
3319.923 0.949
3320.924 0.949
3321.925 0.949
3322.926 0.949
3323.927 0.949
3324.927 0.949
3325.928 0.949
3326.929 0.949
3327.930 0.949
3328.931 0.949
3329.932 0.949
3330.933 0.949
3331.934 0.949
3332.935 0.949
3333.936 0.949
3334.937 0.949
3335.938 0.949
3336.939 0.949
3337.940 0.949
3338.941 0.949
3339.942 0.949
3340.943 0.949
3341.944 0.949
3342.945 0.949
3343.946 0.949
3344.947 0.949
3345.948 0.949
3346.949 0.949
3347.950 0.949
3348.951 0.949
3349.952 0.949
3350.953 0.949
3351.954 0.949
3352.955 0.949
3353.956 0.949
3354.957 0.949
3355.958 0.949
3356.959 0.949
3357.960 0.949
3358.961 0.949
3359.962 0.949
3360.963 0.949
3361.964 0.949
3362.965 0.949
3363.966 0.949
3364.967 0.949
3365.968 0.949
3366.969 0.949
3367.969 0.949
3368.970 0.949
3369.971 0.949
3370.972 0.949
3371.973 0.949
3372.974 0.949
3373.975 0.949
3374.976 0.949
3375.977 0.949
3376.978 0.949
3377.979 0.949
3378.980 0.949
3379.981 0.949
3380.982 0.949
3381.983 0.949
3382.984 0.949
3383.985 0.949
3384.986 0.949
3385.987 0.949
3386.988 0.949
3387.989 0.949
3388.990 0.949
3389.991 0.949
3390.992 0.949
3391.993 0.949
3392.994 0.949
3393.995 0.949
3394.996 0.949
3395.997 0.949
3396.998 0.949
3397.999 0.949
3399.000 0.949
3400.001 0.949
3401.002 0.949
3402.003 0.949
3403.004 0.949
3404.005 0.949
3405.006 0.949
3406.007 0.949
3407.008 0.949
3408.009 0.949
3409.010 0.949
3410.010 0.949
3411.011 0.949
3412.012 0.949
3413.013 0.949
3414.014 0.949
3415.015 0.949
3416.016 0.949
3417.017 0.949
3418.018 0.949
3419.019 0.949
3420.020 0.949
3421.021 0.949
3422.022 0.949
3423.023 0.949
3424.024 0.949
3425.025 0.949
3426.026 0.949
3427.027 0.949
3428.028 0.949
3429.029 0.949
3430.030 0.949
3431.031 0.949
3432.032 0.949
3433.033 0.949
3434.034 0.949
3435.035 0.949
3436.036 0.949
3437.037 0.949
3438.038 0.949
3439.039 0.949
3440.040 0.949
3441.041 0.949
3442.042 0.949
3443.043 0.949
3444.044 0.949
3445.045 0.949
3446.046 0.949
3447.047 0.949
3448.048 0.949
3449.049 0.949
3450.050 0.949
3451.051 0.949
3452.052 0.949
3453.052 0.949
3454.053 0.949
3455.054 0.949
3456.055 0.949
3457.056 0.949
3458.057 0.949
3459.058 0.949
3460.059 0.949
3461.060 0.949
3462.061 0.949
3463.062 0.949
3464.063 0.949
3465.064 0.949
3466.065 0.949
3467.066 0.949
3468.067 0.949
3469.068 0.949
3470.069 0.949
3471.070 0.949
3472.071 0.949
3473.072 0.949
3474.073 0.949
3475.074 0.949
3476.075 0.949
3477.076 0.949
3478.077 0.949
3479.078 0.949
3480.079 0.949
3481.080 0.949
3482.081 0.949
3483.082 0.949
3484.083 0.949
3485.084 0.949
3486.085 0.949
3487.086 0.949
3488.087 0.949
3489.088 0.949
3490.089 0.949
3491.090 0.949
3492.091 0.949
3493.092 0.949
3494.093 0.949
3495.094 0.949
3496.094 0.949
3497.096 0.949
3498.096 0.949
3499.097 0.949
3500.098 0.949
3501.099 0.949
3502.100 0.949
3503.101 0.949
3504.102 0.949
3505.103 0.949
3506.104 0.949
3507.105 0.949
3508.106 0.949
3509.107 0.949
3510.108 0.949
3511.109 0.949
3512.110 0.949
3513.111 0.949
3514.112 0.949
3515.113 0.949
3516.114 0.949
3517.115 0.949
3518.116 0.949
3519.117 0.949
3520.118 0.949
3521.119 0.949
3522.120 0.949
3523.121 0.949
3524.122 0.949
3525.123 0.949
3526.124 0.949
3527.125 0.949
3528.126 0.949
3529.127 0.949
3530.128 0.949
3531.129 0.949
3532.130 0.949
3533.131 0.949
3534.132 0.949
3535.133 0.949
3536.134 0.949
3537.135 0.949
3538.135 0.949
3539.136 0.949
3540.137 0.949
3541.138 0.949
3542.139 0.949
3543.140 0.949
3544.141 0.949
3545.142 0.949
3546.143 0.949
3547.144 0.949
3548.146 0.949
3549.147 0.949
3550.148 0.949
3551.149 0.949
3552.150 0.949
3553.151 0.949
3554.152 0.949
3555.153 0.949
3556.154 0.949
3557.155 0.949
3558.156 0.949
3559.157 0.949
3560.158 0.949
3561.159 0.949
3562.160 0.949
3563.161 0.949
3564.162 0.949
3565.163 0.949
3566.164 0.949
3567.165 0.949
3568.166 0.949
3569.167 0.949
3570.167 0.949
3571.168 0.949
3572.169 0.949
3573.170 0.949
3574.171 0.949
3575.172 0.949
3576.173 0.949
3577.174 0.949
3578.175 0.949
3579.176 0.949
3580.177 0.949
3581.178 0.949
3582.179 0.949
3583.180 0.949
3584.181 0.949
3585.182 0.949
3586.183 0.949
3587.184 0.949
3588.185 0.949
3589.186 0.949
3590.187 0.949
3591.188 0.949
3592.189 0.949
3593.190 0.949
3594.191 0.949
