1.101 2
2.126 18
3.226 28
4.261 39
5.333 43
6.474 54
7.541 69
8.610 82
9.700 96
10.756 108
12.359 112
13.379 126
15.018 137
16.194 147
17.936 153
18.474 163
19.414 175
20.498 186
21.567 197
23.626 204
25.061 210
25.715 216
28.280 220
28.640 227
29.574 237
30.766 245
31.951 251
33.082 265
35.879 278
37.985 293
38.346 302
40.278 309
40.675 319
41.932 325
42.788 338
44.138 351
45.212 360
46.206 368
47.242 376
48.322 381
49.365 385
50.383 386
51.445 387
52.465 389
53.506 389
54.548 390
55.595 390
56.803 392
57.799 393
58.883 394
59.890 394
60.959 396
62.058 397
63.081 397
64.088 397
65.095 398
66.157 398
67.161 398
68.358 399
69.364 400
70.404 400
71.409 400
72.413 400
73.446 400
74.450 400
75.454 400
77.094 400
78.099 400
79.105 400
80.113 400
81.116 400
82.122 400
83.126 400
84.131 400
85.136 400
86.140 400
87.145 400
88.149 400
89.155 400
90.160 400
91.163 400
92.166 400
93.171 400
94.175 400
95.180 400
97.000 400
98.006 400
99.010 400
100.013 400
101.019 400
102.025 400
103.245 400
104.251 400
105.256 400
106.261 400
107.266 400
108.272 400
109.281 400
110.287 400
111.291 400
112.295 400
113.300 400
114.623 400
115.328 400
116.334 400
117.340 400
118.346 400
119.351 400
120.356 400
121.361 400
122.366 400
123.372 400
124.391 400
125.396 400
126.402 400
127.407 400
128.413 400
129.418 400
130.424 400
131.429 400
132.433 400
133.435 400
134.442 400
135.450 400
136.457 400
137.465 400
138.472 400
140.383 400
141.386 400
142.388 400
143.403 400
144.410 400
145.666 400
146.671 400
147.677 400
148.682 400
149.688 400
150.694 400
151.699 400
152.704 400
153.710 400
154.714 400
155.719 400
156.725 400
157.731 400
158.737 400
159.742 400
160.748 400
161.753 400
162.759 400
163.765 400
164.770 400
165.776 400
166.781 400
167.786 400
168.792 400
169.797 400
170.802 400
171.807 400
172.813 400
173.818 400
174.823 400
175.830 400
176.837 400
177.843 400
178.849 400
179.852 400
180.855 400
181.858 400
183.812 400
184.816 400
185.820 400
186.825 400
187.829 400
188.835 400
189.842 400
190.850 400
191.857 400
192.865 400
193.872 400
194.880 400
195.887 400
196.893 400
197.899 400
198.905 400
199.910 400
200.917 400
201.922 400
202.925 400
203.931 400
204.938 400
205.944 400
206.947 400
207.950 400
209.001 400
210.007 400
211.013 400
212.018 400
213.026 400
214.034 400
215.041 400
216.047 400
217.052 400
218.056 400
219.060 400
220.064 400
221.069 400
222.146 400
223.151 400
224.158 400
225.162 400
226.164 400
227.166 400
228.168 400
229.170 400
230.172 400
231.176 400
232.180 400
233.182 400
234.184 400
235.185 400
236.187 400
237.270 400
238.275 400
239.279 400
240.281 400
241.283 400
242.284 400
243.286 400
244.287 400
245.288 400
246.290 400
247.291 400
248.293 400
249.295 400
250.303 400
251.311 400
252.319 400
253.325 400
254.331 400
255.337 400
256.342 400
257.347 400
258.352 400
259.358 400
260.363 400
261.388 400
264.980 400
265.986 400
266.991 400
267.997 400
269.004 400
270.011 400
271.019 400
272.027 400
273.035 400
274.043 400
275.051 400
276.059 400
277.067 400
278.076 400
279.083 400
280.088 400
281.092 400
282.097 400
283.102 400
284.106 400
285.110 400
286.116 400
287.121 400
288.126 400
289.130 400
290.135 400
291.139 400
292.143 400
293.146 400
294.151 400
295.157 400
296.163 400
297.170 400
298.178 400
299.183 400
300.188 400
301.193 400
302.198 400
303.203 400
304.288 400
305.296 400
306.302 400
307.310 400
308.317 400
309.325 400
310.332 400
311.339 400
312.346 400
313.353 400
314.359 400
315.367 400
316.374 400
317.381 400
318.386 400
319.391 400
320.399 400
321.405 400
322.411 400
323.416 400
324.422 400
325.427 400
326.442 400
327.447 400
328.453 400
329.460 400
330.463 400
331.470 400
332.475 400
333.481 400
334.487 400
335.495 400
336.503 400
337.511 400
338.518 400
339.525 400
340.531 400
341.536 400
342.542 400
343.548 400
344.553 400
345.557 400
346.560 400
347.564 400
348.568 400
349.573 400
350.577 400
351.581 400
352.585 400
353.589 400
354.594 400
355.602 400
356.608 400
357.613 400
358.618 400
359.621 400
360.624 400
361.628 400
362.630 400
363.658 400
364.662 400
365.666 400
366.671 400
367.675 400
368.680 400
369.684 400
370.689 400
371.694 400
372.698 400
373.704 400
374.710 400
375.717 400
376.721 400
377.727 400
378.732 400
379.735 400
380.738 400
381.742 400
382.748 400
383.754 400
384.759 400
385.763 400
386.766 400
387.771 400
388.775 400
389.779 400
390.785 400
391.791 400
392.797 400
393.802 400
394.808 400
395.814 400
396.820 400
397.825 400
398.831 400
399.837 400
400.843 400
401.848 400
402.858 400
403.867 400
404.875 400
405.884 400
406.891 400
407.897 400
408.906 400
409.911 400
410.917 400
411.922 400
412.928 400
413.934 400
414.939 400
415.945 400
416.950 400
417.956 400
418.972 400
419.978 400
420.984 400
421.991 400
422.997 400
424.003 400
425.010 400
426.016 400
427.022 400
428.028 400
429.034 400
430.054 400
431.061 400
432.067 400
433.073 400
434.079 400
435.085 400
436.092 400
437.098 400
438.104 400
439.110 400
440.116 400
441.122 400
442.128 400
443.135 400
444.141 400
445.147 400
446.153 400
447.159 400
448.165 400
449.204 400
450.210 400
451.218 400
452.227 400
453.235 400
454.243 400
455.252 400
456.260 400
457.266 400
458.271 400
459.276 400
460.280 400
461.286 400
462.291 400
463.296 400
464.301 400
465.304 400
466.309 400
467.314 400
468.316 400
469.320 400
470.322 400
471.329 400
472.338 400
473.342 400
474.350 400
475.353 400
476.357 400
477.360 400
478.364 400
479.367 400
480.371 400
481.374 400
482.378 400
483.383 400
484.387 400
485.391 400
486.397 400
487.404 400
488.410 400
489.417 400
490.424 400
491.431 400
492.439 400
493.447 400
494.454 400
495.461 400
496.468 400
497.475 400
498.482 400
499.489 400
500.496 400
501.505 400
502.513 400
503.522 400
504.530 400
505.539 400
506.547 400
507.559 400
508.567 400
509.571 400
510.574 400
511.576 400
512.579 400
513.585 400
514.591 400
515.594 400
516.597 400
517.600 400
518.603 400
519.606 400
520.609 400
521.613 400
522.617 400
523.621 400
524.625 400
525.629 400
526.633 400
527.637 400
528.642 400
529.646 400
530.650 400
531.654 400
532.659 400
533.663 400
534.668 400
535.674 400
536.679 400
537.685 400
538.690 400
539.695 400
540.701 400
541.706 400
542.712 400
543.717 400
544.722 400
545.728 400
546.733 400
547.738 400
548.744 400
549.749 400
550.756 400
551.763 400
552.771 400
553.778 400
554.786 400
555.793 400
556.795 400
557.798 400
558.801 400
559.805 400
560.809 400
561.815 400
562.820 400
563.826 400
564.830 400
565.833 400
566.836 400
567.838 400
568.841 400
569.845 400
570.850 400
571.855 400
572.860 400
573.865 400
574.870 400
575.877 400
576.885 400
577.891 400
578.897 400
579.902 400
580.908 400
581.914 400
582.922 400
583.928 400
584.933 400
585.935 400
586.938 400
587.940 400
588.942 400
589.944 400
590.947 400
591.949 400
592.952 400
593.954 400
594.956 400
595.959 400
596.967 400
597.976 400
598.984 400
599.992 400
601.000 400
602.008 400
603.016 400
604.024 400
605.032 400
606.038 400
607.044 400
608.050 400
609.055 400
610.062 400
611.069 400
612.075 400
613.081 400
614.086 400
615.092 400
616.099 400
617.106 400
618.111 400
619.117 400
620.125 400
621.132 400
622.140 400
623.148 400
624.156 400
625.164 400
626.171 400
627.177 400
628.183 400
629.187 400
630.193 400
631.199 400
632.205 400
633.211 400
634.217 400
635.223 400
636.229 400
637.235 400
638.242 400
639.248 400
640.254 400
641.258 400
642.262 400
643.266 400
644.269 400
645.275 400
646.281 400
647.288 400
648.293 400
649.299 400
650.305 400
651.311 400
652.317 400
653.323 400
654.330 400
655.333 400
656.336 400
657.340 400
658.343 400
659.348 400
660.354 400
661.359 400
662.365 400
663.371 400
664.377 400
665.384 400
666.388 400
667.393 400
668.399 400
669.404 400
670.409 400
671.413 400
672.418 400
673.424 400
674.429 400
675.435 400
676.443 400
677.451 400
678.454 400
679.461 400
680.466 400
681.475 400
682.483 400
683.492 400
684.501 400
685.507 400
686.515 400
687.522 400
688.529 400
689.535 400
690.541 400
691.547 400
692.556 400
693.561 400
694.567 400
695.574 400
696.581 400
697.588 400
698.596 400
699.603 400
700.610 400
701.617 400
702.624 400
703.631 400
704.638 400
705.644 400
706.648 400
707.652 400
708.657 400
709.660 400
710.667 400
711.675 400
712.681 400
713.688 400
714.693 400
715.697 400
716.702 400
717.707 400
718.713 400
719.718 400
720.725 400
721.733 400
722.741 400
723.749 400
724.752 400
725.754 400
726.757 400
727.759 400
728.761 400
729.763 400
730.766 400
731.768 400
732.771 400
733.774 400
734.777 400
735.781 400
736.786 400
737.792 400
738.798 400
739.804 400
740.810 400
741.816 400
742.821 400
743.827 400
744.833 400
745.838 400
746.843 400
747.849 400
748.854 400
749.860 400
750.866 400
751.873 400
752.879 400
753.885 400
754.891 400
755.897 400
756.903 400
757.909 400
758.915 400
759.921 400
760.927 400
761.933 400
762.940 400
763.946 400
764.951 400
765.957 400
766.962 400
767.968 400
768.975 400
769.978 400
770.983 400
771.989 400
772.994 400
774.000 400
775.005 400
776.007 400
777.010 400
778.012 400
779.015 400
780.018 400
781.024 400
782.031 400
783.036 400
784.042 400
785.048 400
786.053 400
787.059 400
788.064 400
789.070 400
790.075 400
791.081 400
792.088 400
793.096 400
794.104 400
795.112 400
796.119 400
797.128 400
798.135 400
799.143 400
800.151 400
801.159 400
802.167 400
803.175 400
804.183 400
805.190 400
806.198 400
807.206 400
808.213 400
809.221 400
810.229 400
811.237 400
812.245 400
813.250 400
814.256 400
815.262 400
816.268 400
817.275 400
818.283 400
819.290 400
820.298 400
821.306 400
822.311 400
823.313 400
824.315 400
825.319 400
826.323 400
827.326 400
828.328 400
829.332 400
830.335 400
831.337 400
832.344 400
833.347 400
834.353 400
835.359 400
836.366 400
837.374 400
838.383 400
839.391 400
840.394 400
841.401 400
842.409 400
843.417 400
844.422 400
845.427 400
846.430 400
847.434 400
848.437 400
849.441 400
850.445 400
851.448 400
852.451 400
853.454 400
854.458 400
855.462 400
856.466 400
857.469 400
858.471 400
859.473 400
860.476 400
861.480 400
862.483 400
863.485 400
864.489 400
865.492 400
866.494 400
867.497 400
868.500 400
869.503 400
870.508 400
871.514 400
872.519 400
873.524 400
874.529 400
875.536 400
876.541 400
877.547 400
878.553 400
879.559 400
880.565 400
881.570 400
882.576 400
883.581 400
884.587 400
885.590 400
886.593 400
887.596 400
888.599 400
889.606 400
890.615 400
891.625 400
892.633 400
893.641 400
894.649 400
895.657 400
896.665 400
897.674 400
898.683 400
899.690 400
900.693 400
901.696 400
902.702 400
903.708 400
904.713 400
905.718 400
906.725 400
907.732 400
908.739 400
909.746 400
910.755 400
911.763 400
912.772 400
913.780 400
914.786 400
915.793 400
916.801 400
917.809 400
918.817 400
919.825 400
920.833 400
921.840 400
922.847 400
923.852 400
924.857 400
925.865 400
926.872 400
927.880 400
928.887 400
929.894 400
930.901 400
931.908 400
932.916 400
933.925 400
934.933 400
935.942 400
936.949 400
937.957 400
938.965 400
939.974 400
940.981 400
941.990 400
942.999 400
944.007 400
945.016 400
946.025 400
947.033 400
948.041 400
949.051 400
950.059 400
951.066 400
952.073 400
953.081 400
954.089 400
955.094 400
956.101 400
957.105 400
958.108 400
959.113 400
960.120 400
961.128 400
962.136 400
963.144 400
964.152 400
965.160 400
966.168 400
967.176 400
968.184 400
969.192 400
970.200 400
971.209 400
972.217 400
973.225 400
974.228 400
975.230 400
976.232 400
977.233 400
978.237 400
979.241 400
980.243 400
981.247 400
982.249 400
983.253 400
984.257 400
985.259 400
986.264 400
987.272 400
988.281 400
989.289 400
990.297 400
991.306 400
992.314 400
993.322 400
994.331 400
995.339 400
996.346 400
997.353 400
998.359 400
999.368 400
1000.377 400
1001.384 400
1002.392 400
1003.400 400
1004.408 400
1005.417 400
1006.423 400
1007.432 400
1008.439 400
1009.447 400
1010.455 400
1011.463 400
1012.471 400
1013.480 400
1014.487 400
1015.496 400
1016.505 400
1017.514 400
1018.522 400
1019.528 400
1020.537 400
1021.544 400
1022.553 400
1023.562 400
1024.570 400
1025.579 400
1026.587 400
1027.596 400
1028.604 400
1029.612 400
1030.620 400
1031.628 400
1032.636 400
1033.644 400
1034.646 400
1035.653 400
1036.661 400
1037.668 400
1038.675 400
1039.680 400
1040.684 400
1041.689 400
1042.692 400
1043.695 400
1044.698 400
1045.701 400
1046.705 400
1047.711 400
1048.716 400
1049.720 400
1050.723 400
1051.727 400
1052.731 400
1053.735 400
1054.740 400
1055.746 400
1056.751 400
1057.755 400
1058.759 400
1059.765 400
1060.772 400
1061.779 400
1062.783 400
1063.787 400
1064.791 400
1065.796 400
1066.801 400
1067.807 400
1068.812 400
1069.817 400
1070.822 400
1071.826 400
1072.831 400
1073.837 400
1074.842 400
1075.847 400
1076.853 400
1077.858 400
1078.863 400
1079.870 400
1080.877 400
1081.882 400
1082.887 400
1083.893 400
1084.898 400
1085.901 400
1086.904 400
1087.906 400
1088.909 400
1089.911 400
1090.914 400
1091.917 400
1092.921 400
1093.924 400
1094.927 400
1095.930 400
1096.933 400
1097.941 400
1098.949 400
1099.955 400
1100.961 400
1101.966 400
1102.972 400
1103.978 400
1104.981 400
1105.985 400
1106.987 400
1107.989 400
1108.992 400
1109.996 400
1111.000 400
1112.002 400
1113.005 400
1114.009 400
1115.012 400
1116.014 400
1117.019 400
1118.022 400
1119.026 400
1120.028 400
1121.030 400
1122.033 400
1123.035 400
1124.039 400
1125.042 400
1126.044 400
1127.046 400
1128.048 400
1129.050 400
1130.053 400
1131.057 400
1132.059 400
1133.063 400
1134.066 400
1135.068 400
1136.072 400
1137.073 400
1138.078 400
1139.082 400
1140.087 400
1141.092 400
1142.098 400
1143.103 400
1144.160 400
1145.165 400
1146.170 400
1147.175 400
1148.181 400
1149.186 400
1150.192 400
1151.197 400
1152.202 400
1153.207 400
1154.212 400
1155.217 400
1156.222 400
1157.228 400
1158.235 400
1159.240 400
1160.245 400
1161.251 400
1162.256 400
1163.260 400
1164.265 400
1165.269 400
1166.273 400
1167.277 400
1168.282 400
1169.286 400
1170.290 400
1171.293 400
1172.297 400
1173.299 400
1174.302 400
1175.308 400
1176.313 400
1177.319 400
1178.325 400
1179.334 400
1180.337 400
1181.341 400
1182.344 400
1183.346 400
1184.349 400
1185.352 400
1186.356 400
1187.360 400
1188.363 400
1189.367 400
1190.372 400
1191.375 400
1192.380 400
1193.384 400
1194.388 400
1195.393 400
1196.397 400
1197.402 400
1198.407 400
1199.411 400
1200.417 400
1201.422 400
1202.428 400
1203.434 400
1204.438 400
1205.441 400
1206.444 400
1207.451 400
1208.459 400
1209.468 400
1210.473 400
1211.479 400
1212.484 400
1213.490 400
1214.496 400
1215.502 400
1216.508 400
1217.514 400
1218.521 400
1219.528 400
1220.535 400
1221.542 400
1222.550 400
1223.558 400
1224.565 400
1225.572 400
1226.579 400
1227.586 400
1228.591 400
1229.596 400
1230.602 400
1231.609 400
1232.615 400
1233.619 400
1234.624 400
1235.629 400
1236.634 400
1237.640 400
1238.644 400
1239.647 400
1240.651 400
1241.657 400
1242.662 400
1243.665 400
1244.669 400
1245.673 400
1246.676 400
1247.680 400
1248.683 400
1249.686 400
1250.690 400
1251.694 400
1252.697 400
1253.701 400
1254.705 400
1255.709 400
1256.713 400
1257.716 400
1258.720 400
1259.724 400
1260.728 400
1261.731 400
1262.734 400
1263.739 400
1264.742 400
1265.746 400
1266.750 400
1267.753 400
1268.757 400
1269.761 400
1270.765 400
1271.768 400
1272.772 400
1273.775 400
1274.779 400
1275.784 400
1276.788 400
1277.791 400
1278.795 400
1279.798 400
1280.803 400
1281.807 400
1282.812 400
1283.817 400
1284.821 400
1285.826 400
1286.829 400
1287.833 400
1288.837 400
1289.841 400
1290.845 400
1291.849 400
1292.853 400
1293.857 400
1294.862 400
1295.865 400
1296.868 400
1297.871 400
1298.875 400
1299.878 400
1300.882 400
1301.885 400
1302.894 400
1303.902 400
1304.907 400
1305.912 400
1306.916 400
1307.921 400
1308.928 400
1309.937 400
1310.943 400
1311.948 400
1312.953 400
1313.958 400
1314.967 400
1315.976 400
1316.984 400
1317.994 400
1319.002 400
1320.009 400
1321.015 400
1322.021 400
1323.028 400
1324.033 400
1325.039 400
1326.044 400
1327.050 400
1328.055 400
1329.068 400
1330.074 400
1331.082 400
1332.091 400
1333.100 400
1334.109 400
1335.114 400
1336.118 400
1337.122 400
1338.126 400
1339.130 400
1340.134 400
1341.137 400
1342.144 400
1343.151 400
1344.155 400
1345.159 400
1346.164 400
1347.167 400
1348.171 400
1349.174 400
1350.179 400
1351.181 400
1352.183 400
1353.186 400
1354.192 400
1355.199 400
1356.205 400
1357.210 400
1358.216 400
1359.221 400
1360.226 400
1361.232 400
1362.237 400
1363.243 400
1364.249 400
1365.255 400
1366.260 400
1367.266 400
1368.270 400
1369.274 400
1370.279 400
1371.284 400
1372.288 400
1373.293 400
1374.297 400
1375.304 400
1376.311 400
1377.318 400
1378.323 400
1379.330 400
1380.339 400
1381.346 400
1382.354 400
1383.362 400
1384.369 400
1385.377 400
1386.385 400
1387.392 400
1388.400 400
1389.407 400
1390.422 400
1391.429 400
1392.436 400
1393.444 400
1394.452 400
1395.460 400
1396.468 400
1397.476 400
1398.483 400
1399.491 400
1400.498 400
1401.506 400
1402.514 400
1403.522 400
1404.530 400
1405.537 400
1406.545 400
1407.553 400
1408.560 400
1409.565 400
1410.571 400
1411.577 400
1412.580 400
1413.584 400
1414.592 400
1415.595 400
1416.599 400
1417.602 400
1418.604 400
1419.609 400
1420.615 400
1421.620 400
1422.625 400
1423.630 400
1424.632 400
1425.635 400
1426.637 400
1427.640 400
1428.643 400
1429.646 400
1430.648 400
1431.651 400
1432.654 400
1433.656 400
1434.659 400
1435.661 400
1436.663 400
1437.666 400
1438.669 400
1439.672 400
1440.676 400
1441.681 400
1442.686 400
1443.692 400
1444.697 400
1445.701 400
1446.703 400
1447.706 400
1448.708 400
1449.710 400
1450.711 400
1451.714 400
1452.716 400
1453.719 400
1454.722 400
1455.729 400
1456.734 400
1457.737 400
1458.740 400
1459.742 400
1460.745 400
1461.749 400
1462.753 400
1463.759 400
1464.764 400
1465.771 400
1466.779 400
1467.786 400
1468.790 400
1469.794 400
1470.800 400
1471.806 400
1472.813 400
1473.821 400
1474.825 400
1475.828 400
1476.830 400
1477.833 400
1478.836 400
1479.838 400
1480.841 400
1481.843 400
1482.846 400
1483.848 400
1484.850 400
1485.854 400
1486.858 400
1487.863 400
1488.868 400
1489.873 400
1490.879 400
1491.884 400
1492.890 400
1493.895 400
1494.899 400
1495.906 400
1496.913 400
1497.921 400
1499.153 400
1500.158 400
1501.167 400
1502.174 400
1503.179 400
1504.185 400
1505.191 400
1506.196 400
1507.200 400
1508.206 400
1509.210 400
1510.215 400
1511.220 400
1512.225 400
1513.230 400
1514.235 400
1515.238 400
1516.241 400
1517.245 400
1518.249 400
1519.251 400
1520.253 400
1521.256 400
1522.259 400
1523.264 400
1524.268 400
1525.271 400
1526.274 400
1527.278 400
1528.281 400
1529.285 400
1530.287 400
1531.290 400
1532.292 400
1533.297 400
1534.299 400
1535.303 400
1536.309 400
1537.318 400
1538.323 400
1539.327 400
1540.333 400
1541.339 400
1542.345 400
1543.351 400
1544.355 400
1545.359 400
1546.361 400
1547.366 400
1548.371 400
1549.376 400
1550.381 400
1551.386 400
1552.391 400
1553.398 400
1554.404 400
1555.410 400
1556.417 400
1557.423 400
1558.430 400
1559.437 400
1560.442 400
1561.446 400
1562.450 400
1563.454 400
1564.458 400
1565.461 400
1566.465 400
1567.469 400
1568.473 400
1569.476 400
1570.480 400
1571.484 400
1572.487 400
1573.491 400
1574.495 400
1575.500 400
1576.509 400
1577.516 400
1578.523 400
1579.532 400
1580.541 400
1581.549 400
1582.558 400
1583.568 400
1584.577 400
1585.587 400
1586.595 400
1587.602 400
1588.611 400
1589.620 400
1590.625 400
1591.630 400
1592.636 400
1593.642 400
1594.650 400
1595.655 400
1596.660 400
1597.665 400
1598.669 400
1599.673 400
1600.678 400
1601.682 400
1602.687 400
1603.692 400
1604.696 400
1605.701 400
1606.705 400
1607.710 400
1608.715 400
1609.720 400
1610.725 400
1611.730 400
1612.734 400
1613.738 400
1614.741 400
1615.749 400
1616.756 400
1617.762 400
1618.767 400
1619.772 400
1620.778 400
1621.783 400
1622.789 400
1623.794 400
1624.796 400
1625.798 400
1626.800 400
1627.803 400
1628.805 400
1629.807 400
1630.809 400
1631.811 400
1632.813 400
1633.815 400
1634.817 400
1635.820 400
1636.823 400
1637.825 400
1638.831 400
1639.872 400
1640.880 400
1641.886 400
1642.889 400
1643.891 400
1644.894 400
1645.897 400
1646.899 400
1647.902 400
1648.906 400
1649.914 400
1650.922 400
1651.930 400
1652.938 400
1653.946 400
1654.953 400
1655.959 400
1656.965 400
1657.971 400
1658.977 400
1659.983 400
1660.988 400
1661.994 400
1663.000 400
1664.006 400
1665.012 400
1666.017 400
1667.023 400
1668.028 400
1669.034 400
1670.040 400
1671.044 400
1672.049 400
1673.051 400
1674.054 400
1675.059 400
1676.065 400
1677.071 400
1678.079 400
1679.088 400
1680.093 400
1681.096 400
1682.099 400
1683.102 400
1684.104 400
1685.107 400
1686.110 400
1687.114 400
1688.117 400
1689.124 400
1690.129 400
1691.135 400
1692.141 400
1693.147 400
1694.153 400
1695.158 400
1696.164 400
1697.169 400
1698.174 400
1699.179 400
1700.184 400
1701.189 400
1702.195 400
1703.200 400
1704.206 400
1705.210 400
1706.212 400
1707.215 400
1708.218 400
1709.220 400
1710.223 400
1711.225 400
1712.227 400
1713.230 400
1714.233 400
1715.235 400
1716.238 400
1717.240 400
1718.243 400
1719.247 400
1720.252 400
1721.258 400
1722.263 400
1723.269 400
1724.274 400
1725.280 400
1726.286 400
1727.292 400
1728.297 400
1729.299 400
1730.302 400
1731.305 400
1732.307 400
1733.310 400
1734.312 400
1735.317 400
1736.319 400
1737.322 400
1738.326 400
1739.332 400
1740.338 400
1741.344 400
1742.349 400
1743.355 400
1744.361 400
1745.366 400
1746.372 400
1747.375 400
1748.383 400
1749.391 400
1750.398 400
1751.406 400
1752.414 400
1753.422 400
1754.428 400
1755.433 400
1756.437 400
1757.441 400
1758.445 400
1759.450 400
1760.454 400
1761.458 400
1762.462 400
1763.466 400
1764.470 400
1765.474 400
1766.478 400
1767.483 400
1768.486 400
1769.490 400
1770.494 400
1771.501 400
1772.509 400
1773.515 400
1774.522 400
1775.529 400
1776.536 400
1777.543 400
1778.548 400
1779.552 400
1780.557 400
1781.562 400
1782.566 400
1783.571 400
1784.576 400
1785.581 400
1786.587 400
1787.593 400
1788.599 400
1789.604 400
1790.610 400
1791.616 400
1792.621 400
1793.627 400
1794.632 400
1795.636 400
1796.639 400
1797.643 400
1798.648 400
1799.654 400
1800.660 400
1801.668 400
1802.675 400
1803.680 400
1804.685 400
1805.689 400
1806.694 400
1807.699 400
1808.704 400
1809.709 400
1810.713 400
1811.718 400
1812.724 400
1813.736 400
1814.742 400
1815.748 400
1816.753 400
1817.758 400
1818.764 400
1819.770 400
1820.775 400
1821.780 400
1822.786 400
1823.791 400
1824.797 400
1825.804 400
1826.810 400
1827.813 400
1828.816 400
1829.819 400
1830.822 400
1831.824 400
1832.828 400
1833.831 400
1834.834 400
1835.837 400
1836.840 400
1837.844 400
1838.847 400
1839.850 400
1840.853 400
1841.856 400
1842.861 400
1843.867 400
1844.872 400
1845.878 400
1846.884 400
1847.890 400
1848.896 400
1849.901 400
1850.907 400
1851.912 400
1852.917 400
1853.923 400
1854.926 400
1855.928 400
1856.931 400
1857.934 400
1858.938 400
1859.944 400
1860.949 400
1861.954 400
1862.958 400
1863.962 400
1864.966 400
1865.969 400
1866.973 400
1867.976 400
1868.980 400
1869.984 400
1870.988 400
1871.992 400
1872.997 400
1874.001 400
1875.006 400
1876.011 400
1877.014 400
1878.019 400
1879.024 400
1880.029 400
1881.033 400
1882.039 400
1883.047 400
1884.055 400
1885.059 400
1886.064 400
1887.068 400
1888.335 400
1889.340 400
1890.346 400
1891.354 400
1892.362 400
1893.370 400
1894.377 400
1895.383 400
1896.390 400
1897.399 400
1898.407 400
1899.410 400
1900.413 400
1901.415 400
1902.418 400
1903.421 400
1904.424 400
1905.427 400
1906.431 400
1907.434 400
1908.438 400
1909.441 400
1910.444 400
1911.447 400
1912.450 400
1913.453 400
1914.456 400
1915.459 400
1916.463 400
1917.466 400
1918.469 400
1919.471 400
1920.475 400
1921.478 400
1922.481 400
1923.484 400
1924.488 400
1925.495 400
1926.499 400
1927.501 400
1928.509 400
1929.517 400
1930.525 400
1931.532 400
1932.541 400
1933.549 400
1934.556 400
1935.563 400
1936.572 400
1937.579 400
1938.587 400
1939.594 400
1940.602 400
1941.610 400
1942.617 400
1943.626 400
1944.632 400
1945.636 400
1946.641 400
1947.647 400
1948.653 400
1949.658 400
1950.664 400
1951.669 400
1952.674 400
1953.681 400
1954.689 400
1955.696 400
1956.702 400
1957.707 400
1958.713 400
1959.719 400
1960.724 400
1961.729 400
1962.737 400
1963.745 400
1964.752 400
1965.760 400
1966.767 400
1967.774 400
1968.782 400
1969.789 400
1970.795 400
1971.798 400
1972.800 400
1973.802 400
1974.805 400
1975.808 400
1976.811 400
1977.813 400
1978.816 400
1979.822 400
1980.827 400
1981.830 400
1982.833 400
1983.835 400
1984.838 400
1985.841 400
1986.844 400
1987.848 400
1988.851 400
1989.854 400
1990.858 400
1991.861 400
1992.865 400
1993.868 400
1994.871 400
1995.874 400
1996.877 400
1997.880 400
1998.882 400
1999.885 400
2000.888 400
2001.891 400
2002.894 400
2003.897 400
2004.899 400
2005.902 400
2006.904 400
2007.907 400
2008.910 400
2009.913 400
2010.917 400
2011.920 400
2012.923 400
2013.926 400
2014.929 400
2015.933 400
2016.938 400
2017.944 400
2018.948 400
2019.951 400
2020.954 400
2021.969 400
2022.975 400
2023.981 400
2024.987 400
2025.992 400
2026.998 400
2028.004 400
2029.009 400
2030.015 400
2031.021 400
2032.026 400
2033.032 400
2034.038 400
2035.043 400
2036.047 400
2037.052 400
2038.057 400
2039.062 400
2040.066 400
2041.073 400
2042.079 400
2043.082 400
2044.086 400
2045.091 400
2046.097 400
2047.102 400
2048.108 400
2049.113 400
2050.118 400
2051.124 400
2052.129 400
2053.135 400
2054.141 400
2055.146 400
2056.152 400
2057.158 400
2058.164 400
2059.169 400
2060.175 400
2061.181 400
2062.186 400
2063.191 400
2064.197 400
2065.202 400
2066.208 400
2067.214 400
2068.219 400
2069.226 400
2070.233 400
2071.237 400
2072.243 400
2073.248 400
2074.252 400
2075.256 400
2076.260 400
2077.264 400
2080.118 400
2081.124 400
2082.129 400
2083.131 400
2084.134 400
2085.136 400
2086.138 400
2087.141 400
2088.143 400
2089.146 400
2090.149 400
2091.151 400
2092.153 400
2093.156 400
2094.158 400
2095.161 400
2096.165 400
2097.170 400
2098.174 400
2099.178 400
2100.182 400
2101.186 400
2102.191 400
2103.195 400
2104.199 400
2105.204 400
2106.209 400
2107.213 400
2108.218 400
2109.219 400
2110.222 400
2111.224 400
2112.228 400
2113.232 400
2114.235 400
2115.238 400
2116.241 400
2117.244 400
2118.246 400
2119.249 400
2120.252 400
2121.255 400
2122.258 400
2123.261 400
2124.263 400
2125.268 400
2126.273 400
2127.279 400
2128.284 400
2129.290 400
2130.297 400
2131.302 400
2132.305 400
2133.311 400
2134.319 400
2135.324 400
2136.329 400
2137.335 400
2138.340 400
2139.345 400
2140.351 400
2141.357 400
2142.362 400
2143.367 400
2144.373 400
2145.378 400
2146.380 400
2147.384 400
2148.386 400
2149.388 400
2150.391 400
2151.393 400
2152.395 400
2153.398 400
2154.400 400
2155.404 400
2156.409 400
2157.414 400
2158.419 400
2159.425 400
2160.429 400
2161.435 400
2162.440 400
2163.445 400
2164.450 400
2165.454 400
2166.456 400
2167.458 400
2168.459 400
2169.461 400
2170.462 400
2171.468 400
2172.476 400
2173.483 400
2174.490 400
2175.494 400
2176.497 400
2177.500 400
2178.506 400
2179.511 400
2180.517 400
2181.521 400
2182.527 400
2183.532 400
2184.538 400
2185.542 400
2186.548 400
2187.552 400
2188.556 400
2189.559 400
2190.567 400
2191.570 400
2192.573 400
2193.578 400
2194.583 400
2195.587 400
2196.592 400
2197.595 400
2198.600 400
2199.604 400
2200.608 400
2201.630 400
2202.633 400
2203.636 400
2204.638 400
2205.641 400
2206.644 400
2207.647 400
2208.650 400
2209.652 400
2210.655 400
2211.658 400
2212.660 400
2213.663 400
2214.666 400
2215.668 400
2216.671 400
2217.674 400
2218.677 400
2219.679 400
2220.683 400
2221.688 400
2222.692 400
2223.697 400
2224.701 400
2225.705 400
2226.709 400
2227.713 400
2228.717 400
2229.720 400
2230.724 400
2231.728 400
2232.732 400
2233.736 400
2234.740 400
2235.744 400
2236.748 400
2237.752 400
2238.757 400
2239.761 400
2240.766 400
2241.770 400
2242.774 400
2243.777 400
2244.816 400
2245.819 400
2246.827 400
2247.833 400
2248.837 400
2249.841 400
2250.846 400
2251.853 400
2252.861 400
2253.868 400
2254.875 400
2255.882 400
2256.889 400
2257.896 400
2258.903 400
2259.911 400
2260.918 400
2261.926 400
2262.931 400
2263.936 400
2264.941 400
2265.948 400
2266.954 400
2267.959 400
2268.967 400
2269.974 400
2270.981 400
2271.987 400
2272.992 400
2273.997 400
2275.002 400
2276.007 400
2277.012 400
2278.020 400
2279.027 400
2280.032 400
2281.036 400
2282.039 400
2283.042 400
2284.045 400
2285.047 400
2286.050 400
2287.052 400
2288.055 400
2289.058 400
2290.060 400
2291.063 400
2292.065 400
2293.068 400
2294.071 400
2295.073 400
2296.076 400
2297.080 400
2298.085 400
2299.089 400
2300.094 400
2301.099 400
2302.104 400
2303.110 400
2304.115 400
2305.121 400
2306.126 400
2307.130 400
2308.131 400
2309.133 400
2310.135 400
2311.138 400
2312.141 400
2313.143 400
2314.146 400
2315.152 400
2316.157 400
2317.163 400
2318.169 400
2319.175 400
2320.180 400
2321.186 400
2322.192 400
2323.197 400
2324.202 400
2325.208 400
2326.214 400
2327.219 400
2328.225 400
2329.230 400
2330.234 400
2331.237 400
2332.240 400
2333.245 400
2334.250 400
2335.255 400
2336.259 400
2337.263 400
2338.268 400
2339.273 400
2340.278 400
2341.283 400
2342.288 400
2343.294 400
2344.299 400
2345.304 400
2346.309 400
2347.314 400
2348.320 400
2349.326 400
2350.331 400
2351.337 400
2352.343 400
2353.348 400
2354.354 400
2355.360 400
2356.366 400
2357.372 400
2358.378 400
2359.383 400
2360.389 400
2361.394 400
2362.399 400
2363.404 400
2364.408 400
2365.413 400
2366.415 400
2367.417 400
2368.419 400
2369.423 400
2370.426 400
2371.429 400
2372.434 400
2373.436 400
2374.439 400
2375.443 400
2376.448 400
2377.453 400
2378.458 400
2379.464 400
2380.469 400
2381.475 400
2382.479 400
2383.547 400
2384.552 400
2385.557 400
2386.562 400
2387.570 400
2388.577 400
2389.584 400
2390.593 400
2391.599 400
2392.606 400
2393.613 400
2394.619 400
2395.625 400
2396.630 400
2397.635 400
2398.640 400
2399.646 400
2400.651 400
2401.656 400
2402.661 400
2403.666 400
2404.672 400
2405.676 400
2406.681 400
2407.687 400
2408.692 400
2409.697 400
2410.703 400
2411.708 400
2412.714 400
2413.719 400
2414.725 400
2415.730 400
2416.735 400
2417.740 400
2418.746 400
2419.752 400
2420.758 400
2421.763 400
2422.768 400
2423.773 400
2424.778 400
2425.783 400
2426.789 400
2427.794 400
2428.799 400
2429.804 400
2430.809 400
2431.813 400
2432.818 400
2433.822 400
2434.829 400
2435.836 400
2436.844 400
2437.851 400
2438.857 400
2439.864 400
2440.871 400
2441.877 400
2442.882 400
2443.887 400
2444.893 400
2445.898 400
2446.904 400
2447.908 400
2448.913 400
2449.918 400
2450.924 400
2451.931 400
2452.936 400
2453.943 400
2454.950 400
2455.957 400
2456.964 400
2457.969 400
2458.974 400
2459.978 400
2460.984 400
2461.990 400
2462.994 400
2463.997 400
2465.002 400
2466.007 400
2467.012 400
2468.017 400
2469.022 400
2470.027 400
2471.031 400
2472.033 400
2473.036 400
2474.038 400
2475.041 400
2476.043 400
2477.045 400
2478.048 400
2479.050 400
2480.052 400
2481.056 400
2482.058 400
2483.061 400
2484.064 400
2485.070 400
2486.077 400
2487.084 400
2488.092 400
2489.099 400
2490.106 400
2491.112 400
2492.117 400
2493.121 400
2494.123 400
2495.127 400
2496.133 400
2497.138 400
2498.142 400
2499.146 400
2500.151 400
2501.155 400
2502.157 400
2503.159 400
2504.161 400
2505.163 400
2506.165 400
2507.167 400
2508.169 400
2509.171 400
2510.173 400
2511.175 400
2512.178 400
2513.180 400
2514.183 400
2515.185 400
2516.187 400
2517.190 400
2518.193 400
2519.196 400
2520.198 400
2521.203 400
2522.208 400
2523.212 400
2524.216 400
2525.223 400
2526.230 400
2527.234 400
2528.238 400
2529.242 400
2530.245 400
2531.248 400
2532.253 400
2533.259 400
2534.264 400
2535.270 400
2536.275 400
2537.281 400
2538.286 400
2539.292 400
2540.297 400
2541.302 400
2542.307 400
2543.310 400
2544.314 400
2545.319 400
2546.324 400
2547.329 400
2548.334 400
2549.339 400
2550.341 400
2551.345 400
2552.348 400
2553.350 400
2554.352 400
2555.355 400
2556.358 400
2557.363 400
2558.368 400
2559.373 400
2560.375 400
2561.377 400
2562.379 400
2563.380 400
2564.382 400
2565.387 400
2566.391 400
2567.395 400
2568.399 400
2569.403 400
2570.410 400
2571.415 400
2572.421 400
2573.426 400
2574.431 400
2575.438 400
2576.445 400
2577.452 400
2578.458 400
2579.460 400
2580.462 400
2581.468 400
2582.472 400
2583.478 400
2584.483 400
2585.487 400
2586.491 400
2587.495 400
2588.499 400
2589.507 400
2590.515 400
2591.521 400
2592.529 400
2593.536 400
2594.542 400
2595.549 400
2596.557 400
2597.564 400
2598.572 400
2599.579 400
2600.583 400
2601.586 400
2602.589 400
2603.594 400
2604.600 400
2605.605 400
2606.610 400
2607.615 400
2608.619 400
2609.623 400
2610.627 400
2611.633 400
2612.638 400
2613.642 400
2614.647 400
2615.653 400
2616.658 400
2617.663 400
2618.669 400
2619.674 400
2620.678 400
2621.684 400
2622.690 400
2623.696 400
2624.701 400
2625.702 400
2626.707 400
2627.709 400
2628.713 400
2629.717 400
2630.719 400
2631.724 400
2632.729 400
2633.734 400
2634.741 400
2635.748 400
2636.753 400
2637.759 400
2638.765 400
2639.771 400
2640.776 400
2641.782 400
2642.788 400
2643.795 400
2644.798 400
2645.803 400
2646.808 400
2647.812 400
2648.817 400
2649.821 400
2650.828 400
2651.836 400
2652.844 400
2653.852 400
2654.859 400
2655.865 400
2656.872 400
2657.877 400
2658.885 400
2659.892 400
2660.900 400
2661.907 400
2662.916 400
2663.922 400
2664.929 400
2665.934 400
2666.940 400
2667.946 400
2668.951 400
2669.957 400
2670.962 400
2671.968 400
2672.973 400
2673.982 400
2674.990 400
2675.997 400
2677.005 400
2678.013 400
2679.021 400
2680.028 400
2681.034 400
2682.039 400
2683.045 400
2684.051 400
2685.058 400
2686.064 400
2687.070 400
2688.075 400
2689.081 400
2690.086 400
2691.092 400
2692.096 400
2693.101 400
2694.105 400
2695.109 400
2696.113 400
2697.117 400
2698.121 400
2699.127 400
2700.133 400
2701.139 400
2702.144 400
2703.150 400
2704.154 400
2705.162 400
2706.169 400
2707.175 400
2708.180 400
2709.185 400
2710.190 400
2711.194 400
2712.198 400
2713.202 400
2714.206 400
2715.211 400
2716.215 400
2717.219 400
2718.223 400
2719.227 400
2720.231 400
2721.235 400
2722.239 400
2723.242 400
2724.246 400
2725.250 400
2726.255 400
2727.260 400
2728.264 400
2729.269 400
2730.274 400
2731.279 400
2732.284 400
2733.289 400
2734.293 400
2735.297 400
2736.301 400
2737.306 400
2738.311 400
2739.316 400
2740.321 400
2741.325 400
2742.331 400
2743.335 400
2744.340 400
2745.344 400
2746.348 400
2747.353 400
2748.356 400
2749.361 400
2750.365 400
2751.368 400
2752.372 400
2753.376 400
2754.380 400
2755.384 400
2756.388 400
2757.392 400
2758.396 400
2759.400 400
2760.404 400
2761.408 400
2762.413 400
2763.416 400
2764.420 400
2765.425 400
2766.428 400
2767.433 400
2768.437 400
2769.442 400
2770.446 400
2771.449 400
2772.453 400
2773.458 400
2774.462 400
2775.467 400
2776.470 400
2777.475 400
2778.479 400
2779.484 400
2780.489 400
2781.493 400
2782.498 400
2783.503 400
2784.508 400
2785.513 400
2786.518 400
2787.523 400
2788.526 400
2789.530 400
2790.535 400
2791.538 400
2792.542 400
2793.546 400
2794.551 400
2795.555 400
2796.559 400
2797.563 400
2798.567 400
2799.571 400
2800.575 400
2801.579 400
2802.583 400
2803.587 400
2804.592 400
2805.596 400
2806.601 400
2807.606 400
2808.611 400
2809.616 400
2810.621 400
2811.626 400
2812.631 400
2813.636 400
2814.641 400
2815.646 400
2816.649 400
2817.654 400
2818.658 400
2819.663 400
2820.668 400
2821.672 400
2822.677 400
2823.680 400
2824.685 400
2825.689 400
2826.693 400
2827.697 400
2828.702 400
2829.706 400
2830.711 400
2831.716 400
2832.721 400
2833.726 400
2834.731 400
2835.738 400
2836.746 400
2837.753 400
2838.759 400
2839.764 400
2840.770 400
2841.776 400
2842.781 400
2843.788 400
2844.792 400
2845.796 400
2846.801 400
2847.806 400
2848.812 400
2849.814 400
2850.816 400
2851.821 400
2852.822 400
2853.826 400
2854.828 400
2855.831 400
2856.833 400
2857.835 400
2858.838 400
2859.840 400
2860.843 400
2861.845 400
2862.849 400
2863.854 400
2864.860 400
2865.865 400
2866.870 400
2867.875 400
2868.881 400
2869.886 400
2870.891 400
2871.896 400
2872.902 400
2873.904 400
2874.905 400
2875.908 400
2876.910 400
2877.913 400
2878.916 400
2879.917 400
2880.920 400
2881.923 400
2882.925 400
2883.930 400
2884.936 400
2885.941 400
2886.948 400
2887.956 400
2888.964 400
2889.971 400
2890.979 400
2891.985 400
2892.991 400
2893.998 400
2895.005 400
2896.013 400
2897.021 400
2898.029 400
2899.037 400
2900.045 400
2901.053 400
2902.061 400
2903.068 400
2904.076 400
2905.084 400
2906.092 400
2907.099 400
2908.102 400
2909.107 400
2910.113 400
2911.118 400
2912.122 400
2913.124 400
2914.127 400
2915.131 400
2916.134 400
2917.135 400
2918.139 400
2919.141 400
2920.143 400
2921.144 400
2922.146 400
2923.148 400
2924.151 400
2925.152 400
2926.155 400
2927.157 400
2928.161 400
2929.166 400
2930.171 400
2931.176 400
2932.182 400
2933.188 400
2934.196 400
2935.203 400
2936.211 400
2937.219 400
2938.227 400
2939.229 400
2940.232 400
2941.235 400
2942.239 400
2943.242 400
2944.248 400
2945.254 400
2946.260 400
2947.267 400
2948.272 400
2949.277 400
2950.280 400
2951.283 400
2952.286 400
2953.292 400
2954.298 400
2955.306 400
2956.312 400
2957.318 400
2958.324 400
2959.330 400
2960.336 400
2961.343 400
2962.345 400
2963.348 400
2964.351 400
2965.354 400
2966.356 400
2967.360 400
2968.363 400
2969.365 400
2970.367 400
2971.370 400
2972.372 400
2973.375 400
2974.378 400
2975.381 400
2976.385 400
2977.389 400
2978.392 400
2979.395 400
2980.397 400
2981.403 400
2982.408 400
2983.415 400
2984.420 400
2985.426 400
2986.431 400
2987.437 400
2988.442 400
2989.447 400
2990.453 400
2991.458 400
2992.463 400
2993.469 400
2994.474 400
2995.479 400
2996.483 400
2997.486 400
2998.488 400
2999.490 400
3000.492 400
3001.495 400
3002.496 400
3003.499 400
3004.501 400
3005.504 400
3006.507 400
3007.510 400
3008.513 400
3009.515 400
3010.518 400
3011.519 400
3012.522 400
3013.524 400
3014.526 400
3015.530 400
3016.538 400
3017.545 400
3018.552 400
3019.559 400
3020.567 400
3021.571 400
3022.573 400
3023.577 400
3024.583 400
3025.585 400
3026.587 400
3027.589 400
3028.591 400
3029.594 400
3030.595 400
3031.598 400
3032.606 400
3033.614 400
3034.619 400
3035.623 400
3036.627 400
3037.631 400
3038.636 400
3039.641 400
3040.645 400
3041.648 400
3042.653 400
3043.656 400
3044.660 400
3045.664 400
3046.667 400
3047.670 400
3048.673 400
3049.677 400
3050.679 400
3051.682 400
3052.687 400
3053.690 400
3054.692 400
3055.695 400
3056.698 400
3057.699 400
3058.705 400
3059.710 400
3060.717 400
3061.722 400
3062.729 400
3063.737 400
3064.743 400
3065.749 400
3066.754 400
3067.760 400
3068.766 400
3069.772 400
3070.777 400
3071.781 400
3072.784 400
3073.789 400
3074.790 400
3075.796 400
3076.803 400
3077.806 400
3078.811 400
3079.816 400
3080.821 400
3081.824 400
3082.830 400
3083.837 400
3084.844 400
3085.850 400
3086.857 400
3087.864 400
3088.873 400
3089.880 400
3090.886 400
3091.891 400
3092.895 400
3093.898 400
3094.903 400
3095.911 400
3096.918 400
3097.925 400
3098.932 400
3099.939 400
3100.946 400
3101.954 400
3102.961 400
3103.968 400
3104.975 400
3105.982 400
3106.989 400
3107.996 400
3109.002 400
3110.010 400
3111.017 400
3112.024 400
3113.031 400
3114.038 400
3115.042 400
3116.048 400
3117.055 400
3118.063 400
3119.070 400
3120.078 400
3121.085 400
3122.089 400
3123.094 400
3124.101 400
3125.105 400
3126.111 400
3127.116 400
3128.122 400
3129.127 400
3130.132 400
3131.138 400
3132.144 400
3133.149 400
3134.154 400
3135.159 400
3136.165 400
3137.170 400
3138.176 400
3139.181 400
3140.187 400
3141.192 400
3142.198 400
3143.204 400
3144.209 400
3145.215 400
3146.220 400
3147.227 400
3148.232 400
3149.238 400
3150.244 400
3151.250 400
3152.257 400
3153.264 400
3154.270 400
3155.276 400
3156.281 400
3157.287 400
3158.293 400
3159.298 400
3160.304 400
3161.311 400
3162.319 400
3163.325 400
3164.332 400
3165.335 400
3166.337 400
3167.340 400
3168.346 400
3169.352 400
3170.356 400
3171.363 400
3172.365 400
3173.369 400
3174.375 400
3175.382 400
3176.388 400
3177.392 400
3178.397 400
3179.401 400
3180.403 400
3181.406 400
3182.412 400
3183.417 400
3184.420 400
3185.422 400
3186.424 400
3187.426 400
3188.428 400
3189.430 400
3190.433 400
3191.435 400
3192.437 400
3193.439 400
3194.442 400
3195.444 400
3196.447 400
3197.449 400
3198.452 400
3199.457 400
3200.464 400
3201.471 400
3202.477 400
3203.483 400
3204.490 400
3205.498 400
3206.505 400
3207.512 400
3208.519 400
3209.527 400
3210.534 400
3211.540 400
3212.544 400
3213.548 400
3214.553 400
3215.559 400
3216.564 400
3217.566 400
3218.568 400
3219.570 400
3220.575 400
3221.580 400
3222.583 400
3223.587 400
3224.589 400
3225.592 400
3226.594 400
3227.596 400
3228.602 400
3229.608 400
3230.613 400
3231.618 400
3232.624 400
3233.626 400
3234.629 400
3235.632 400
3236.635 400
3237.637 400
3238.641 400
3239.647 400
3240.652 400
3241.658 400
3242.664 400
3243.670 400
3244.676 400
3245.682 400
3246.688 400
3247.693 400
3248.698 400
3249.704 400
3250.709 400
3251.715 400
3252.719 400
3253.724 400
3254.729 400
3255.732 400
3256.740 400
3257.747 400
3258.755 400
3259.762 400
3260.770 400
3261.776 400
3262.781 400
3263.789 400
3264.796 400
3265.803 400
3266.811 400
3267.818 400
3268.821 400
3269.824 400
3270.826 400
3271.831 400
3272.837 400
3273.844 400
3274.851 400
3275.856 400
3276.861 400
3277.867 400
3278.872 400
3279.874 400
3280.876 400
3281.879 400
3282.881 400
3283.887 400
3284.895 400
3285.902 400
3286.909 400
3287.916 400
3288.924 400
3289.931 400
3290.938 400
3291.945 400
3292.950 400
3293.955 400
3294.960 400
3295.965 400
3296.971 400
3297.978 400
3298.983 400
3299.989 400
3300.994 400
3301.999 400
3303.002 400
3304.005 400
3305.010 400
3306.014 400
3307.019 400
3308.023 400
3309.027 400
3310.031 400
3311.038 400
3312.045 400
3313.052 400
3314.056 400
3315.061 400
3316.065 400
3317.069 400
3318.073 400
3319.077 400
3320.081 400
3321.085 400
3322.091 400
3323.096 400
3324.102 400
3325.108 400
3326.112 400
3327.115 400
3328.121 400
3329.126 400
3330.131 400
3331.137 400
3332.143 400
3333.148 400
3334.153 400
3335.159 400
3336.165 400
3337.170 400
3338.176 400
3339.181 400
3340.188 400
3341.190 400
3342.195 400
3343.202 400
3344.209 400
3345.215 400
3346.221 400
3347.227 400
3348.232 400
3349.238 400
3350.243 400
3351.248 400
3352.253 400
3353.259 400
3354.265 400
3355.271 400
3356.276 400
3357.282 400
3358.287 400
3359.292 400
3360.298 400
3361.304 400
3362.310 400
3363.315 400
3364.319 400
3365.325 400
3366.330 400
3367.335 400
3368.340 400
3369.345 400
3370.350 400
3371.355 400
3372.361 400
3373.366 400
3374.371 400
3375.376 400
3376.381 400
3377.387 400
3378.392 400
3379.397 400
3380.401 400
3381.406 400
3382.411 400
3383.415 400
3384.419 400
3385.422 400
3386.426 400
3387.431 400
3388.435 400
3389.440 400
3390.444 400
3391.448 400
3392.455 400
3393.461 400
3394.468 400
3395.475 400
3396.480 400
3397.485 400
3398.490 400
3399.495 400
3400.498 400
3401.501 400
3402.502 400
3403.504 400
3404.507 400
3405.509 400
3406.512 400
3407.514 400
3408.517 400
3409.520 400
3410.522 400
3411.525 400
3412.527 400
3413.530 400
3414.533 400
3415.535 400
3416.538 400
3417.541 400
3418.545 400
3419.548 400
3420.552 400
3421.555 400
3422.561 400
3423.566 400
3424.572 400
3425.575 400
3426.581 400
3427.586 400
3428.591 400
3429.597 400
3430.604 400
3431.611 400
3432.619 400
3433.626 400
3434.633 400
3435.638 400
3436.644 400
3437.649 400
3438.652 400
3439.654 400
3440.657 400
3441.660 400
3442.663 400
3443.667 400
3444.669 400
3445.672 400
3446.675 400
3447.678 400
3448.682 400
3449.687 400
3450.691 400
3451.693 400
3452.697 400
3453.700 400
3454.707 400
3455.709 400
3456.712 400
3457.714 400
3458.717 400
3459.719 400
3460.721 400
3461.723 400
3462.726 400
3463.728 400
3464.730 400
3465.734 400
3466.736 400
3467.738 400
3468.740 400
3469.742 400
3470.744 400
3471.747 400
3472.751 400
3473.756 400
3474.761 400
3475.765 400
3476.767 400
3477.770 400
3478.773 400
3479.778 400
3480.785 400
3481.791 400
3482.796 400
3483.802 400
3484.806 400
3485.809 400
3486.813 400
3487.819 400
3488.825 400
3489.831 400
3490.836 400
3491.843 400
3492.848 400
3493.854 400
3494.860 400
3495.865 400
3496.867 400
3497.869 400
3498.872 400
3499.874 400
3500.877 400
3501.878 400
3502.881 400
3503.884 400
3504.886 400
3505.889 400
3506.891 400
3507.894 400
3508.896 400
3509.900 400
3510.904 400
3511.907 400
3512.909 400
3513.912 400
3514.916 400
3515.922 400
3516.926 400
3517.928 400
3518.931 400
3519.935 400
3520.939 400
3521.943 400
3522.949 400
3523.954 400
3524.960 400
3525.967 400
3526.974 400
3527.981 400
3528.985 400
3529.989 400
3530.992 400
3531.995 400
3532.997 400
3534.000 400
3535.003 400
3536.005 400
3537.012 400
3538.018 400
3539.022 400
3540.027 400
3541.035 400
3542.042 400
3543.048 400
3544.055 400
3545.061 400
3546.067 400
3547.073 400
3548.079 400
3549.085 400
3550.092 400
3551.097 400
3552.104 400
3553.109 400
3554.115 400
3555.120 400
3556.128 400
3557.135 400
3558.143 400
3559.151 400
3560.159 400
3561.165 400
3562.168 400
3563.172 400
3564.176 400
3565.177 400
3566.179 400
3567.181 400
3568.184 400
3569.186 400
3570.187 400
3571.189 400
3572.193 400
3573.195 400
3574.198 400
3575.201 400
3576.203 400
3577.208 400
3578.215 400
3579.222 400
3580.229 400
3581.237 400
3582.242 400
3583.247 400
3584.251 400
3585.255 400
3586.260 400
3587.267 400
3588.275 400
3589.282 400
3590.290 400
3591.298 400
3592.305 400
3593.312 400
3594.320 400
3595.326 400
