1 xxx 33.39251100523541240194 1843.3 55.201
2 xxx 537634.40860215053763440860 50000 .093
3 xxx 4.46716276050722117903 192.7 43.137
4 xxx 1154.53732677693339293696 18078.9 15.659
7 xxx 7.43245100464528187790 270.4 36.381
8 xxx 300.13986517717256241408 50000 166.589
10 xxx 4.98348647853242209214 152.4 30.581
11 xxx 5392.57981018119068162208 50000 9.272
12 xxx .32258064516129032258 0.1 .310
13 xxx 256.07323851561222821644 3132.8 12.234
15 xxx 28.43619840969329799318 75.1 2.641
16 xxx 16.44958770614692653673 2457.7 149.408
17 xxx 11.42636928561106026301 237.2 20.759
18 xxx 40.93559322033898305084 603.8 14.750
19 xxx 41.86792386694240947807 2388.9 57.058
20 xxx 153.28191129698730309784 18362.1 119.793
21 xxx 11035.09159126020745972191 50000 4.531
22 xxx 550.54896262210381851941 13639.3 24.774
24 xxx 2.55433772989039569013 27.5 10.766
27 xxx 74294.20505200594353640416 50000 .673
28 xxx 1660.13679527193040706554 50000 30.118
29 xxx 487.14900913891541144605 50000 102.638
30 xxx 13.76468649195921923194 1753.8 127.413
31 xxx 89.67646787722370725412 972.9 10.849
34 xxx .02564102564102564102 0.001 .039
36 xxx 60.73402608887906256909 824.1 13.569
37 xxx .03333333333333333333 0.001 .030
38 xxx 12.54279262874207881127 172.2 13.729
39 xxx 34.85179672894353716943 8594.0 246.587
40 xxx 66.58399641762254142123 1933.0 29.031
41 xxx 10.14499475328861550591 1749.9 172.489
42 xxx 14.10125585543601404501 1755.0 124.457
43 xxx 66.13944480309877340219 409.8 6.196
44 xxx 26.84723565741498623409 721.6 26.878
45 xxx 397.44623655913978494623 295.7 .744
46 xxx 1628.37423312883435582822 2123.4 1.304
47 xxx 51.65331955567036941358 399.9 7.742
48 xxx 152.18596787827557058326 9001.8 59.150
49 xxx 53.75052854122621564482 635.6 11.825
50 xxx 7.48786097623306925632 58.6 7.826
51 xxx 15.08320075245899998999 1507.4 99.939
52 xxx 28.54046646904189272330 2041.1 71.516
53 xxx 1.12469437652811735941 2.3 2.045
54 xxx 251.84049079754601226993 738.9 2.934
55 xxx 77.64758900405588102748 861.5 11.095
56 xxx 85.70321914270958856946 1991.4 23.236
59 xxx 5.10905642484589853010 86.2 16.872
61 xxx 172.22966704463457375528 1670.8 9.701
62 xxx 73.90473119270281476021 3208.5 43.414
64 xxx 14.88322211630123927550 249.8 16.784
65 xxx 187.69502874107763249320 2971.4 15.831
66 xxx 243.20603929236770807492 50000 205.587
67 xxx 178.56109794750284641659 5802.7 32.497
68 xxx 416.84041357928121400025 29309.3 70.313
69 xxx 411.76470588235294117647 70.0 .170
71 xxx 8095.67198177676537585421 7108.0 .878
72 xxx 41.37945514671145871607 3941.6 95.255
78 xxx 7.67367503148919678325 79.2 10.321
79 xxx 68.89623601220752797558 270.9 3.932
80 xxx 27.45260306951549804393 364.9 13.292
