1 xxx 11.64181808300574264958 642.64 55.201
2 xxx 51.72043010752688172043 4.81 .093
3 xxx 38.26112154299093585553 1650.47 43.137
4 xxx 361.00261830257359984673 5652.94 15.659
7 xxx 6.31318545394574090871 229.68 36.381
8 xxx 300.13986517717256241408 50000 166.589
10 xxx 3.85043000555900722670 117.75 30.581
11 xxx 5392.57981018119068162208 50000 9.272
12 xxx 973.03225806451612903225 301.64 .310
13 xxx 134.06571848945561549779 1640.16 12.234
15 xxx 53.33964407421431276031 140.87 2.641
16 xxx .97973334761190833154 146.38 149.408
17 xxx 13.06999373765595645262 271.32 20.759
18 xxx 36.80677966101694915254 542.90 14.750
19 xxx 23.48873076518630165796 1340.22 57.058
20 xxx 43.15702920871837252594 5169.91 119.793
21 xxx 60.11476495254910615758 272.38 4.531
22 xxx 119.44659723904093000726 2959.17 24.774
24 xxx .71428571428571428571 7.69 10.766
27 xxx 30.65378900445765230312 20.63 .673
28 xxx 12.48788100139451490802 376.11 30.118
29 xxx 13.55911066076891599602 1391.68 102.638
30 xxx 4.16276204154992033779 530.39 127.413
31 xxx 33.09337266107475343349 359.03 10.849
34 xxx 1282051.28205128205128205128 50000 .039
36 xxx 23.03854373940599896823 312.61 13.569
37 xxx 66097.33333333333333333333 1982.92 .030
38 xxx 4.65146769611770704348 63.86 13.729
39 xxx 1.49655091306516564133 369.03 246.587
40 xxx 45.50136061451551789466 1320.95 29.031
41 xxx 8.14306999286911049400 1404.59 172.489
42 xxx 9.95950408574849144684 1239.53 124.457
43 xxx 8.12782440284054228534 50.36 6.196
44 xxx 12.42354341840910782052 333.92 26.878
45 xxx 3.69623655913978494623 2.75 .744
46 xxx 307.15490797546012269938 400.53 1.304
47 xxx 47.30302247481270989408 366.22 7.742
48 xxx 512.98968723584108199492 30343.34 59.150
49 xxx 46.26131078224101479915 547.04 11.825
50 xxx 3.92026578073089700996 30.68 7.826
51 xxx 3.55747005673460811094 355.53 99.939
52 xxx 256.62117568096649700766 18352.52 71.516
53 xxx .63569682151589242053 1.30 2.045
54 xxx 2.73687798227675528289 8.03 2.934
55 xxx 147.56737269040108156827 1637.26 11.095
56 xxx 23.41366844551557927354 544.04 23.236
59 xxx 3.78852536747273589378 63.92 16.872
61 xxx 163.22750231934852077105 1583.47 9.701
62 xxx 12.78435527709955313954 555.02 43.414
64 xxx 5.51656339370829361296 92.59 16.784
65 xxx 5.23277114522140104857 82.84 15.831
66 xxx 243.20603929236770807492 50000 205.587
67 xxx 1085.64575191556143644028 35280.23 32.497
68 xxx 20.76401234480110363659 1459.98 70.313
69 xxx 432.11764705882352941176 73.46 .170
71 xxx 56947.60820045558086560364 50000 .878
72 xxx 1.61912760485013910030 154.23 95.255
78 xxx 4.13913380486386978006 42.72 10.321
79 xxx 10.78077314343845371312 42.39 3.932
80 xxx 35.21667168221486608486 468.10 13.292
