1 xxx 25.56753530932962005172 642.64 25.135
2 xxx 34.60431654676258992805 4.81 .139
3 xxx 26.47402274513578108207 1650.47 62.343
4 xxx 486.86073550943071225561 5652.94 11.611
7 xxx 12.27316447579352356524 229.68 18.714
8 xxx 89.51750067138125503535 10000 111.710
10 xxx 4.71754807692307692307 117.75 24.960
11 xxx 1092.77674571085127308490 10000 9.151
12 xxx 988.98360655737704918032 301.64 .305
13 xxx 144.98011137629276054097 1640.16 11.313
15 xxx 74.89101541733120680489 140.87 1.881
16 xxx 1.97338797740539520336 146.38 74.177
17 xxx 14.82947092260603410581 271.32 18.296
18 xxx 44.09519168291098115659 542.90 12.312
19 xxx 24.24728167459700034374 1340.22 55.273
20 xxx 46.20611683111683111683 5169.91 111.888
21 xxx 81.35603345280764635603 272.38 3.348
22 xxx 213.01252519435646415202 2959.17 13.892
24 xxx .84025349650349650349 7.69 9.152
26 xxx 47.26344645051517156631 10000 211.580
27 xxx 30.51775147928994082840 20.63 .676
28 xxx 27.68160741885625965996 376.11 13.587
29 xxx 21.61900175539434234850 1391.68 64.373
30 xxx 7.51409627971552432493 530.39 70.586
31 xxx 37.39116850656113309727 359.03 9.602
34 xxx 105263.15789473684210526315 10000 .095
35 xxx 275.30985287561301827909 617.52 2.243
36 xxx 34.49299349001434403619 312.61 9.063
37 xxx 24181.95121951219512195121 1982.92 .082
38 xxx 5.39221481043654479439 63.86 11.843
39 xxx 1.88224913035938344775 369.03 196.058
40 xxx 65.66663352555179956253 1320.95 20.116
41 xxx 11.36427259561316213176 1404.59 123.597
42 xxx 13.04960731055102857263 1239.53 94.986
43 xxx 12.44071146245059288537 50.36 4.048
44 xxx 7.93083792513775413262 333.92 42.104
45 xxx 3.20886814469078179696 2.75 .857
46 xxx 381.82078169685414680648 400.53 1.049
47 xxx 74.43495934959349593495 366.22 4.920
48 xxx 95.77901864817493079965 10000 104.407
49 xxx 24.95278930803265976371 547.04 21.923
50 xxx 4.92772245422422100867 30.68 6.226
51 xxx 5.87254918154639004971 355.53 60.541
52 xxx 144.94434137291280148423 10000 68.992
53 xxx .64070970921636274026 1.30 2.029
54 xxx 2.73594548551959114139 8.03 2.935
55 xxx 127.07699472213598261409 1637.26 12.884
56 xxx 28.45099884949273088589 544.04 19.122
58 xxx 4.85090936879107443068 634.79 130.860
59 xxx 5.59572791735971286001 63.92 11.423
60 xxx .80988226403086591623 162.89 201.128
61 xxx 269.71044115142224493272 1583.47 5.871
62 xxx 24.28121445445795782658 555.02 22.858
64 xxx 6.64299038599512125125 92.59 13.938
65 xxx 7.99536724254415596950 82.84 10.361
67 xxx 484.70747903640153167563 10000 20.631
68 xxx 94.22265246853823814133 1459.98 15.495
69 xxx 283.62934362934362934362 73.46 .259
71 xxx 15128.59304084720121028744 10000 .661
72 xxx 1.70218636529186486695 154.23 90.607
78 xxx 5.70208222103577148958 42.72 7.492
79 xxx 11.12014690451206715634 42.39 3.812
80 xxx 30.86102320675105485232 468.10 15.168
