.030 1
.039 2
.093 3
.170 4
.310 5
.673 6
.744 7
.878 8
1.304 9
2.045 10
2.641 11
2.934 12
3.932 13
4.531 14
6.196 15
7.742 16
7.826 17
9.272 18
9.701 19
10.321 20
10.766 21
10.849 22
11.095 23
11.825 24
12.234 25
13.292 26
13.569 27
13.729 28
14.750 29
15.659 30
15.831 31
16.784 32
16.872 33
20.759 34
23.236 35
24.774 36
26.878 37
29.031 38
30.118 39
30.581 40
32.497 41
36.381 42
43.137 43
43.414 44
55.201 45
57.058 46
59.150 47
70.313 48
71.516 49
95.255 50
99.939 51
102.638 52
119.793 53
124.457 54
127.413 55
149.408 56
166.589 57
172.489 58
205.587 59
246.587 60
