0.154297 1
0.169922 2
0.319336 3
0.343685 4
0.717285 5
0.873047 6
1.354950 7
1.807516 8
1.932861 9
2.662964 10
2.826660 11
2.883789 12
2.885742 13
4.132324 14
4.340904 15
6.360840 16
7.864258 17
7.918457 18
8.891602 19
10.397461 20
11.000000 21
11.014160 22
11.023865 23
11.062012 24
11.155273 25
12.363037 26
12.690918 27
12.866211 28
12.919434 29
13.330627 30
14.618408 31
15.073242 32
15.626465 33
15.935059 34
16.580078 35
17.450439 36
17.698975 37
17.705513 38
18.126465 39
21.993408 40
22.405762 41
25.769043 42
25.842659 43
27.580078 44
27.919289 45
31.535645 46
47.474121 47
51.384766 48
58.128174 49
72.412109 50
76.222351 51
79.009766 52
79.233582 53
82.495361 54
84.313599 55
84.390015 56
97.609375 57
125.648926 58
158.587646 59
169.942871 60
187.981934 61
188.239746 62
256.450806 63
261.729004 64
