0.36 1
1.30 2
2.75 3
4.81 4
7.69 5
8.03 6
20.63 7
30.68 8
42.39 9
42.72 10
50.36 11
63.86 12
63.92 13
73.46 14
82.84 15
92.59 16
117.75 17
140.87 18
146.38 19
154.23 20
162.89 21
229.68 22
271.32 23
272.38 24
301.64 25
312.61 26
333.92 27
355.53 28
359.03 29
366.22 30
369.03 31
376.11 32
400.53 33
468.10 34
530.39 35
542.90 36
544.04 37
547.04 38
555.02 39
617.52 40
634.79 41
642.64 42
1239.53 43
1320.95 44
1340.22 45
1391.68 46
1404.59 47
1459.98 48
1583.47 49
1637.26 50
1640.16 51
1650.47 52
1982.92 53
2788.66 54
2959.17 55
3711.46 56
5169.91 57
5451.68 58
5652.94 59
18352.52 60
30343.34 61
35280.23 62
