0.161133 1
0.179199 2
0.294922 3
0.348267 4
1.125977 5
1.285645 6
1.412598 7
1.485632 8
2.698730 9
2.815918 10
3.068115 11
3.227695 12
3.398438 13
5.155518 14
7.583008 15
7.894043 16
8.200999 17
10.091309 18
11.097168 19
11.992004 20
12.002930 21
12.982422 22
12.996094 23
13.035156 24
13.747559 25
13.984009 26
14.052734 27
14.963867 28
16.324707 29
17.005371 30
17.062500 31
19.027344 32
22.576660 33
23.008789 34
25.083984 35
25.228027 36
27.637939 37
30.171875 38
30.977957 39
32.906250 40
33.083324 41
41.404922 42
43.769287 43
51.750000 44
53.168945 45
55.836670 46
63.804199 47
65.276855 48
75.016602 49
85.582458 50
94.396973 51
95.706543 52
100.214844 53
103.262634 54
120.618652 55
120.758301 56
149.714111 57
167.227051 58
222.224121 59
225.683960 60
283.802734 61
