10.355 1
18.642 2
49.717 3
50.142 4
53.395 5
86.669 6
128.205 7
832.841 8
918.953 9
932.991 10
945.039 11
1367.477 12
1392.729 13
1842.763 14
2068.821 15
2169.490 16
2172.594 17
2695.085 18
2718.127 19
2745.836 20
2801.709 21
2804.564 22
2809.821 23
3154.169 24
3477.216 25
3480.826 26
3862.446 27
3887.605 28
4199.110 29
4216.230 30
4518.620 31
4535.656 32
4550.652 33
5018.126 34
5019.569 35
5039.964 36
5341.316 37
5408.260 38
5408.575 39
5412.040 40
5776.338 41
5776.523 42
6060.391 43
6068.017 44
6081.093 45
6094.116 46
6127.856 47
6429.050 48
6524.811 49
6858.515 50
6866.462 51
6876.589 52
6928.436 53
7244.910 54
7298.117 55
7310.411 56
7431.111 57
7444.899 58
7849.190 59
8165.282 60
8478.675 61
