1.431 1
1.484 2
1.591 3
1.691 4
1.892 5
7.743 6
16.451 7
16.609 8
16.947 9
24.259 10
24.895 11
39.194 12
43.258 13
46.328 14
48.086 15
51.273 16
51.784 17
60.469 18
65.806 19
81.805 20
109.581 21
121.455 22
129.123 23
173.576 24
208.455 25
211.052 26
211.754 27
258.704 28
258.884 29
306.185 30
324.553 31
336.415 32
340.753 33
345.219 34
351.551 35
358.579 36
366.437 37
406.009 38
412.055 39
413.167 40
422.889 41
426.928 42
437.860 43
452.672 44
462.819 45
465.864 46
539.274 47
587.320 48
610.623 49
640.554 50
671.549 51
671.857 52
700.049 53
706.387 54
