1 .039
2 .008
3 .501
4 .012
5 .027
6 .029
7 .016
8 .013
9 .260
10 .060
11 .007
12 .007
13 .011
14 .003
15 .012
16 .026
17 .107
18 .007
19 .012
20 .007
21 .006
22 .007
23 .012
24 .011
25 .011
26 .008
27 .006
28 .019
29 .007
30 .111
31 .005
32 .017
33 .012
34 .004
35 .012
36 .004
37 .022
38 .012
39 .238
40 .008
41 .026
42 .008
43 .008
44 .013
45 .009
46 .090
47 .005
48 .011
49 .006
50 .017
51 .063
52 .115
53 .024
54 .055
55 .009
56 .025
57 .007
58 .008
59 .029
60 .013
61 .018
62 .014
63 .012
64 .100
65 .009
66 .005
67 .101
68 .010
69 .005
70 .026
71 .006
72 .375
73 .028
74 .008
75 .068
76 .003
77 .015
78 .037
79 .042
80 .044
