1.153 5
2.191 19
3.220 21
4.249 21
5.277 21
6.307 21
7.336 21
8.342 22
9.349 22
10.356 22
11.363 22
12.369 22
13.375 22
14.380 22
15.384 22
16.389 22
17.394 25
18.399 25
19.404 25
20.410 25
21.418 25
22.425 25
23.434 25
24.443 26
25.451 27
26.457 27
27.466 27
28.474 27
29.481 27
30.490 27
31.500 27
32.508 27
33.518 27
34.527 27
35.535 27
36.545 27
37.553 27
38.561 27
39.570 28
40.578 28
41.586 28
42.594 28
43.604 29
44.612 29
45.620 29
46.628 30
47.637 30
48.646 31
49.654 31
50.663 31
51.671 32
52.677 33
53.685 33
54.691 33
55.695 33
56.699 33
57.704 33
58.707 33
59.711 33
60.715 34
61.720 34
62.725 34
63.730 34
64.736 34
65.741 34
66.747 35
67.752 35
68.758 35
69.764 35
70.769 35
71.774 35
72.780 35
73.785 35
74.791 35
75.796 35
76.801 35
77.806 35
78.812 35
79.817 35
80.823 35
81.828 35
82.833 36
83.839 36
84.844 36
85.850 36
86.856 36
87.861 36
88.867 36
89.872 36
90.877 36
91.882 36
92.887 36
93.893 36
94.898 36
95.903 36
96.909 36
97.917 36
98.924 36
99.932 36
100.940 36
101.946 36
102.948 36
103.950 36
104.951 36
105.953 36
106.955 36
107.956 36
108.958 36
109.962 37
110.964 37
111.967 37
112.970 37
113.975 37
114.981 37
115.986 37
116.991 37
117.997 37
119.002 37
120.008 37
121.013 37
122.019 38
123.024 38
124.029 38
125.034 38
126.038 38
127.040 38
128.044 38
129.049 38
130.054 39
131.060 39
132.067 39
133.071 39
134.073 39
135.075 39
136.078 39
137.079 39
138.083 39
139.085 39
140.087 39
141.090 39
142.092 39
143.097 39
144.102 39
145.108 39
146.114 39
147.120 39
148.122 39
149.127 39
150.132 39
151.137 39
152.143 39
153.148 39
154.154 39
155.159 39
156.163 39
157.165 39
158.167 39
159.169 39
160.171 39
161.173 39
162.175 39
163.177 39
164.179 39
165.182 39
166.184 39
167.186 39
168.188 39
169.190 39
170.192 39
171.195 39
172.197 39
173.200 39
174.205 40
175.209 40
176.216 40
177.220 40
178.223 40
179.227 40
180.230 40
181.232 40
182.235 40
183.239 40
184.241 40
185.243 40
186.244 40
187.246 40
188.247 40
189.251 40
190.257 40
191.259 40
192.261 40
193.264 40
194.269 40
195.275 40
196.280 40
197.285 40
198.290 40
199.295 40
200.300 40
201.304 40
202.307 40
203.315 40
204.323 40
205.331 40
206.338 40
207.345 40
208.353 40
209.361 41
210.368 41
211.390 42
212.395 43
213.402 43
214.409 43
215.416 43
216.424 43
217.431 43
218.436 43
219.442 43
220.447 43
221.451 43
222.457 43
223.461 43
224.465 43
225.470 43
226.475 43
227.480 43
228.486 43
229.491 43
230.496 43
231.499 43
232.503 43
233.508 43
234.513 43
235.518 43
236.525 43
237.531 43
238.538 43
239.545 43
240.553 43
241.560 43
242.567 43
243.572 43
244.577 43
245.583 43
246.589 43
247.595 43
248.602 43
249.610 43
250.617 43
251.624 43
252.631 43
253.637 43
254.644 43
255.651 43
256.658 43
257.665 43
258.672 43
259.678 45
260.685 45
261.692 45
262.699 45
263.706 45
264.712 45
265.720 45
266.725 45
267.730 45
268.734 45
269.739 45
270.744 45
271.750 45
272.754 45
273.757 45
274.759 45
275.762 45
276.765 45
277.769 45
278.773 45
279.777 45
280.781 45
281.785 45
282.789 45
283.792 45
284.796 45
285.800 45
286.803 45
287.807 45
288.810 45
289.814 45
290.818 45
291.822 45
292.826 45
293.831 45
294.839 45
295.843 45
296.847 45
297.849 45
298.852 45
299.854 45
300.858 45
301.862 49
302.867 51
303.870 51
304.873 51
305.876 51
306.882 52
307.887 52
308.893 52
309.898 52
310.903 52
311.906 52
312.911 52
313.916 52
314.921 52
315.925 52
316.930 53
317.934 54
318.938 54
319.941 54
320.946 54
321.949 54
322.955 54
323.961 54
324.970 56
325.976 56
326.981 56
327.987 56
328.993 56
329.998 56
331.003 56
332.009 56
333.014 56
334.018 56
335.024 56
336.029 56
337.034 57
338.040 57
339.043 57
340.048 57
341.055 58
342.061 58
343.067 58
344.073 58
345.079 58
346.085 59
347.088 60
348.092 60
349.098 60
350.106 60
351.110 60
352.114 61
353.120 61
354.125 61
355.133 61
356.140 61
357.146 61
358.152 61
359.158 62
360.163 62
361.169 62
362.174 62
363.179 62
364.184 62
365.189 62
366.194 63
367.199 64
368.205 64
369.210 64
370.215 64
371.218 64
372.221 64
373.228 64
374.234 64
375.241 64
376.248 64
377.254 64
378.261 64
379.267 64
380.274 64
381.280 64
382.285 64
383.290 64
384.297 64
385.304 64
386.309 64
387.315 64
388.319 64
389.321 64
390.323 64
391.328 64
392.333 64
393.336 64
394.339 64
395.342 64
396.344 64
397.347 64
398.349 64
399.351 64
400.354 64
401.356 64
402.358 64
403.360 64
404.362 64
405.364 64
406.368 65
407.373 65
408.378 65
409.383 65
410.388 65
411.391 65
413.424 66
414.329 67
415.336 67
416.343 67
417.351 67
418.359 67
419.367 67
420.374 67
421.382 67
422.387 68
423.399 69
424.405 69
425.410 69
426.416 69
427.420 70
428.426 70
429.432 70
430.435 70
431.437 70
432.439 70
433.441 70
434.443 70
435.448 70
436.454 70
437.459 70
438.475 71
439.482 71
440.490 71
441.496 71
442.501 71
443.506 71
444.512 71
445.517 71
446.522 71
447.528 71
448.533 71
449.539 71
450.545 71
451.550 71
452.556 71
453.561 72
454.567 72
455.572 72
456.579 72
457.583 72
458.585 72
459.591 72
460.596 72
461.599 72
462.600 72
463.602 73
464.603 73
465.604 73
466.617 74
467.623 74
468.629 74
469.634 74
470.637 74
471.640 74
472.646 74
473.653 74
474.656 75
475.660 75
476.665 75
477.670 75
478.674 75
479.679 75
480.684 75
481.688 75
482.693 75
483.697 75
484.702 75
485.707 75
486.712 75
487.718 75
488.723 75
489.729 75
490.735 75
491.741 75
492.747 75
493.753 75
494.758 75
495.765 75
496.772 75
497.779 75
498.786 75
499.789 75
500.792 75
501.794 75
502.797 75
503.799 75
504.801 75
505.807 75
506.813 75
507.818 75
508.824 75
509.829 75
510.835 75
511.840 76
512.851 77
513.854 77
514.856 77
515.858 77
516.861 77
517.863 77
518.868 77
519.872 77
520.876 77
521.884 77
522.888 77
523.890 77
524.892 77
525.895 77
526.898 77
527.901 77
528.903 77
529.906 77
530.908 77
531.911 77
532.916 77
533.921 77
534.927 77
535.932 77
536.937 77
537.938 77
538.940 77
539.997 78
541.002 78
542.008 78
543.015 78
544.023 78
545.030 78
546.038 78
547.044 78
548.052 78
549.058 78
550.065 78
551.072 78
552.077 78
553.082 78
554.085 78
555.090 78
556.095 78
557.100 78
558.106 78
559.110 79
560.149 79
561.152 79
562.155 79
563.158 79
564.161 79
565.164 79
566.170 79
567.175 79
568.180 79
569.185 79
570.190 79
571.194 79
572.199 79
573.205 79
574.211 79
575.216 79
576.221 79
577.227 79
578.232 79
579.238 79
580.244 79
581.249 79
582.254 79
583.260 79
584.266 79
585.272 79
586.277 79
587.282 79
588.330 80
589.335 80
590.341 80
591.343 80
592.347 80
593.354 80
594.361 80
595.367 80
596.371 80
597.375 80
598.378 80
599.383 80
600.385 80
601.388 80
602.393 80
603.397 80
604.403 80
605.412 80
606.421 80
607.429 80
608.437 80
609.445 80
610.453 80
611.460 80
612.468 80
613.477 80
614.484 80
615.493 80
616.501 80
617.509 80
618.518 80
619.527 80
620.536 80
621.544 80
622.553 80
623.562 80
624.570 80
625.578 80
626.584 80
627.591 80
628.597 80
629.604 80
630.611 80
631.618 80
632.625 80
633.632 80
634.639 80
635.646 80
636.653 80
637.658 80
638.661 80
639.666 80
641.099 80
642.103 80
643.106 80
644.110 80
645.113 80
646.116 80
647.119 80
648.122 80
649.126 80
650.130 80
651.134 80
652.139 80
653.143 80
654.147 80
655.151 80
656.159 80
657.168 80
658.177 80
659.186 80
660.194 80
661.199 80
662.204 80
663.213 80
664.220 80
665.226 80
666.232 80
667.237 80
668.240 80
669.245 80
670.253 80
671.262 80
674.890 80
675.896 80
676.900 80
677.902 80
678.904 80
679.906 80
680.908 80
681.910 80
682.915 80
683.919 80
684.922 80
685.926 80
686.928 80
687.931 80
688.935 80
689.941 80
690.946 80
691.952 80
692.957 80
693.962 80
694.968 80
695.973 80
696.979 80
697.984 80
698.989 80
700.385 80
701.091 80
702.097 80
703.103 80
704.108 80
705.113 80
706.120 80
707.128 80
708.137 80
709.145 80
710.152 80
711.159 80
712.164 80
713.170 80
714.177 80
715.182 80
716.187 80
717.192 80
718.194 80
719.200 80
720.205 80
721.210 80
722.215 80
723.221 80
724.226 80
725.233 80
726.241 80
727.247 80
728.253 80
729.261 80
730.267 80
731.273 80
732.279 80
733.285 80
734.291 80
735.298 80
736.304 80
737.309 80
738.314 80
739.319 80
740.325 80
741.330 80
742.337 80
743.342 80
744.347 80
745.352 80
746.357 80
747.363 80
748.368 80
749.372 80
750.376 80
751.380 80
752.387 80
753.392 80
754.397 80
755.402 80
756.409 80
757.416 80
758.418 80
759.421 80
760.422 80
761.424 80
762.426 80
763.427 80
764.429 80
765.431 80
766.432 80
767.434 80
768.438 80
769.443 80
770.448 80
771.453 80
772.458 80
773.465 80
774.471 80
775.478 80
776.484 80
777.489 80
778.496 80
779.501 80
780.507 80
781.512 80
782.517 80
783.522 80
784.529 80
785.537 80
786.543 80
787.549 80
788.556 80
789.563 80
790.570 80
791.578 80
792.584 80
793.590 80
794.595 80
795.601 80
796.607 80
797.613 80
798.620 80
799.627 80
800.635 80
801.643 80
802.650 80
803.657 80
804.664 80
805.670 80
806.675 80
807.677 80
808.680 80
809.681 80
810.683 80
811.685 80
812.689 80
813.693 80
814.695 80
815.697 80
816.699 80
817.702 80
818.704 80
819.706 80
820.708 80
821.710 80
822.712 80
823.714 80
824.716 80
825.720 80
826.725 80
827.729 80
828.734 80
829.738 80
830.743 80
831.747 80
832.751 80
833.755 80
834.759 80
835.764 80
836.769 80
837.774 80
838.779 80
839.785 80
840.792 80
