.088 1
.093 2
.264 3
.283 4
.320 5
.640 6
.654 7
.822 8
.979 9
1.897 10
1.971 11
2.307 12
2.543 13
2.976 14
3.671 15
4.031 16
4.901 17
5.313 18
6.229 19
8.602 20
8.862 21
8.967 22
8.985 23
9.022 24
9.301 25
9.482 26
9.826 27
10.524 28
11.044 29
11.183 30
11.945 31
12.738 32
12.891 33
12.911 34
13.629 35
13.951 36
13.971 37
14.483 38
18.275 39
18.977 40
19.598 41
20.450 42
21.974 43
27.124 44
27.792 45
30.689 46
37.360 47
38.050 48
40.043 49
59.878 50
64.238 51
64.683 52
66.281 53
68.548 54
73.971 55
86.882 56
93.942 57
99.423 58
126.557 59
131.303 60
132.964 61
137.620 62
202.304 63
204.664 64
253.297 65
