.057 1
.078 2
.087 3
.259 4
.372 5
.390 6
.567 7
.875 8
2.278 9
2.663 10
2.800 11
2.843 12
3.499 13
3.812 14
8.167 15
8.273 16
9.941 17
10.198 18
10.759 19
11.057 20
11.774 21
11.836 22
12.182 23
12.716 24
14.638 25
15.696 26
15.768 27
16.067 28
16.804 29
16.844 30
20.693 31
22.825 32
24.788 33
25.133 34
30.685 35
31.672 36
32.564 37
33.602 38
34.786 39
36.854 40
44.029 41
44.813 42
45.194 43
47.692 44
55.507 45
67.465 46
68.070 47
68.280 48
73.134 49
80.599 50
93.329 51
105.222 52
119.459 53
121.496 54
186.972 55
193.108 56
208.266 57
218.401 58
280.494 59
