1 xxx 14.34048155669113873206 642.64 44.813
2 xxx 61.66666666666666666666 4.81 .078
3 xxx 24.17208553016988869361 1650.47 68.280
4 xxx 184.22486556949649665960 5652.94 30.685
7 xxx 5.08209054299243262379 229.68 45.194
8 xxx 48.01551861561656727454 10000 208.266
10 xxx 3.50425569906553181358 117.75 33.602
11 xxx 180.15745761795809537535 10000 55.507
12 xxx 1164.63320463320463320463 301.64 .259
13 xxx 139.30355019534567691523 1640.16 11.774
15 xxx 52.89898610589560645888 140.87 2.663
17 xxx 13.11168027835499927511 271.32 20.693
18 xxx 33.78975539926557540299 542.90 16.067
19 xxx 18.32553942078923619657 1340.22 73.134
20 xxx 18.43144594893295400258 5169.91 280.494
21 xxx 97.27857142857142857142 272.38 2.800
22 xxx 85.06784338526993618122 2959.17 34.786
24 xxx .69548702179614723704 7.69 11.057
27 xxx 52.89743589743589743589 20.63 .390
28 xxx 46.05240602424390841190 376.11 8.167
29 xxx 13.22613141738419722111 1391.68 105.222
30 xxx 2.74659775876711477515 530.39 193.108
31 xxx 30.33372761067928354173 359.03 11.836
34 xxx 175438.59649122807017543859 10000 .057
35 xxx 7.66163351902629064876 617.52 80.599
36 xxx 19.82559614408929477422 312.61 15.768
37 xxx 22792.18390804597701149425 1982.92 .087
38 xxx 3.80028564627469650083 63.86 16.804
40 xxx 41.70718615812073755998 1320.95 31.672
41 xxx 6.43124344668751516705 1404.59 218.401
42 xxx 10.20222887996312635806 1239.53 121.496
43 xxx 4.93822318101588546773 50.36 10.198
44 xxx 10.25426851738115710600 333.92 32.564
45 xxx .78593883966847670763 2.75 3.499
46 xxx 457.74857142857142857142 400.53 .875
47 xxx 44.26689230025383778556 366.22 8.273
48 xxx 146.90759512266784192742 10000 68.070
49 xxx 34.85219164118246687054 547.04 15.696
50 xxx 2.51846987358397635856 30.68 12.182
51 xxx 2.97616755539557505085 355.53 119.459
52 xxx 148.22500555843770844141 10000 67.465
53 xxx .57067603160667251975 1.30 2.278
54 xxx 2.82448118185015828350 8.03 2.843
55 xxx 128.75589808115759672853 1637.26 12.716
56 xxx 21.94771663708245925447 544.04 24.788
59 xxx 2.54326980463931882385 63.92 25.133
61 xxx 147.17631750162654521795 1583.47 10.759
62 xxx 15.05996635372008465838 555.02 36.854
63 xxx .00192542198831910660 0.36 186.972
64 xxx 4.05651697699890470974 92.59 22.825
65 xxx 4.91807171693184516741 82.84 16.844
67 xxx 227.12303254673056394648 10000 44.029
68 xxx 30.61268137213788476054 1459.98 47.692
69 xxx 197.47311827956989247311 73.46 .372
71 xxx 17636.68430335097001763668 10000 .567
72 xxx 1.65254101083264580141 154.23 93.329
78 xxx 4.29735439090634744995 42.72 9.941
79 xxx 11.12014690451206715634 42.39 3.812
80 xxx 31.97841235141412761306 468.10 14.638
