1 xxx 41.13315332604378193827 1843.3 44.813
2 xxx 128205.12820512820512820512 10000 .078
3 xxx 2.82220269478617457527 192.7 68.280
4 xxx 325.89212970506762261691 10000 30.685
7 xxx 5.98309510111961764836 270.4 45.194
8 xxx 48.01551861561656727454 10000 208.266
10 xxx 4.53544431879054818165 152.4 33.602
11 xxx 180.15745761795809537535 10000 55.507
12 xxx .38610038610038610038 0.1 .259
13 xxx 266.07779853915406828605 3132.8 11.774
15 xxx 28.20127675553886594066 75.1 2.663
17 xxx 11.46281351181558981298 237.2 20.693
18 xxx 37.58013319225742204518 603.8 16.067
19 xxx 32.66469767823447370580 2388.9 73.134
20 xxx 35.65138648242030132551 10000 280.494
21 xxx 3571.42857142857142857142 10000 2.800
22 xxx 287.47197148278042890818 10000 34.786
24 xxx 2.48711223659220403364 27.5 11.057
27 xxx 25641.02564102564102564102 10000 .390
28 xxx 1224.43981878290682012979 10000 8.167
29 xxx 95.03715952937598601053 10000 105.222
30 xxx 9.08196449655115272282 1753.8 193.108
31 xxx 82.19837783034809057113 972.9 11.836
34 xxx 0 0.0 .057
35 xxx 124.07101825084678469956 10000 80.599
36 xxx 52.26407914764079147640 824.1 15.768
37 xxx 0 0.0 .087
38 xxx 10.24756010473696738871 172.2 16.804
40 xxx 61.03182621874210659257 1933.0 31.672
41 xxx 8.01232595088850325776 1749.9 218.401
42 xxx 14.44491999736616843352 1755.0 121.496
43 xxx 40.18434987252402431849 409.8 10.198
44 xxx 22.15943987225156614666 721.6 32.564
45 xxx 84.50985995998856816233 295.7 3.499
46 xxx 2426.74285714285714285714 2123.4 .875
47 xxx 48.33796688021274023933 399.9 8.273
48 xxx 132.24327897752313794623 9001.8 68.070
49 xxx 40.49439347604485219164 635.6 15.696
50 xxx 4.81037596453784271876 58.6 12.182
51 xxx 12.61855532023539457052 1507.4 119.459
52 xxx 30.25420588453272066997 2041.1 67.465
53 xxx 1.00965759438103599648 2.3 2.278
54 xxx 259.90151248680970805487 738.9 2.843
55 xxx 67.74929223026108839257 861.5 12.716
56 xxx 80.33725996449895110537 1991.4 24.788
59 xxx 3.42975371026140930251 86.2 25.133
61 xxx 155.29324286643740124546 1670.8 10.759
62 xxx 87.05974928094643729310 3208.5 36.854
63 xxx 53.48394411997518344992 10000 186.972
64 xxx 10.94414019715224534501 249.8 22.825
65 xxx 176.40702920921396342911 2971.4 16.844
67 xxx 131.79268209589134434122 5802.7 44.029
68 xxx 209.67877212111045877715 10000 47.692
69 xxx 188.17204301075268817204 70.0 .372
71 xxx 12536.15520282186948853615 7108.0 .567
72 xxx 42.23338940736534196230 3941.6 93.329
78 xxx 7.96700533145558796901 79.2 9.941
79 xxx 71.06505771248688352570 270.9 3.812
80 xxx 24.92826888919251263833 364.9 14.638
