0.160529 1
0.278831 2
0.296844 3
0.321158 4
0.585734 5
0.949468 6
1.289832 7
3.151651 8
3.356271 9
3.402186 10
5.951183 11
7.179941 12
9.505161 13
13.856855 14
18.857149 15
20.118931 16
20.279593 17
20.357433 18
21.889587 19
36.529770 20
36.765804 21
37.231060 22
38.342987 23
43.497925 24
44.820038 25
45.274494 26
49.483097 27
51.206577 28
53.153164 29
54.312790 30
56.882347 31
80.223564 32
83.876213 33
101.098389 34
103.881943 35
108.569962 36
135.495026 37
142.760925 38
154.137177 39
168.673019 40
170.616058 41
170.872665 42
176.075577 43
207.954697 44
235.585373 45
238.927826 46
269.791382 47
276.524719 48
280.246216 49
283.682709 50
315.914917 51
346.085754 52
363.794922 53
416.897797 54
447.796722 55
448.336426 56
497.591003 57
634.785522 58
668.459167 59
688.177124 60
736.550232 61
835.443115 62
865.435364 63
946.919189 64
1557.370361 65
2124.521240 66
2436.054199 67
5674.261719 68
