.085 1
.085 2
.131 3
.212 4
.295 5
.662 6
.687 7
.856 8
.935 9
1.880 10
2.011 11
2.652 12
2.989 13
3.036 14
3.488 15
3.871 16
4.070 17
4.566 18
4.828 19
5.845 20
6.615 21
8.326 22
8.892 23
9.115 24
9.138 25
9.149 26
9.394 27
9.397 28
10.028 29
10.489 30
10.545 31
11.081 32
11.115 33
11.582 34
11.930 35
12.911 36
12.942 37
13.928 38
17.331 39
18.759 40
19.778 41
19.800 42
21.156 43
23.520 44
25.263 45
27.086 46
37.080 47
41.076 48
50.106 49
58.581 50
59.119 51
66.449 52
70.718 53
81.346 54
91.645 55
96.636 56
101.595 57
104.716 58
117.818 59
130.393 60
137.287 61
141.660 62
177.438 63
204.006 64
270.788 65
