0.000122
0.000244
0.000244
0.000244
0.000244
0.000244
0.000244
0.000244
0.000244
0.000244
0.000244
0.000244
0.000244
0.000244
0.000244
0.000244
0.000244
0.000275
0.000275
0.000305
0.000305
0.000336
0.000362
0.000366
0.000366
0.000366
0.000366
0.000366
0.000366
0.000366
0.000366
0.000366
0.000366
0.000366
0.000366
0.000366
0.000366
0.000374
0.000381
0.000397
0.000397
0.000397
0.000412
0.000412
0.000427
0.000427
0.000427
0.000427
0.000427
0.000427
0.000427
0.000427
0.000427
0.000427
0.000427
0.000427
0.000427
0.000427
0.000427
0.000427
0.000427
0.000427
0.000427
0.000427
0.000443
0.000458
0.000458
0.000488
0.000488
0.000488
0.000488
0.000488
0.000488
0.000488
0.000488
0.000488
0.000488
0.000488
0.000488
0.000488
0.000488
0.000488
0.000488
0.000488
0.000488
0.000488
0.000488
0.000488
0.000488
0.000488
0.000488
0.000488
0.000488
0.000488
0.000488
0.000488
0.000488
0.000488
0.000488
0.000488
0.000488
0.000488
0.000488
0.000488
0.000488
0.000488
0.000488
0.000488
0.000488
0.000488
0.000488
0.000488
0.000488
0.000488
0.000488
0.000488
0.000488
0.000488
0.000488
0.000488
0.000488
0.000488
0.000488
0.000488
0.000488
0.000488
0.000488
0.000488
0.000488
0.000488
0.000488
0.000488
0.000488
0.000488
0.000488
0.000488
0.000488
0.000488
0.000488
0.000488
0.000488
0.000488
0.000488
0.000488
0.000488
0.000488
0.000488
0.000488
0.000488
0.000488
0.000488
0.000488
0.000488
0.000488
0.000488
0.000488
0.000488
0.000488
0.000488
0.000488
0.000488
0.000488
0.000488
0.000488
0.000488
0.000488
0.000488
0.000488
0.000488
0.000488
0.000488
0.000488
0.000488
0.000488
0.000488
0.000488
0.000488
0.000488
0.000488
0.000488
0.000488
0.000488
0.000488
0.000488
0.000488
0.000488
0.000488
0.000488
0.000488
0.000488
0.000488
0.000488
0.000488
0.000488
0.000488
0.000488
0.000488
0.000488
0.000488
0.000488
0.000488
0.000488
0.000488
0.000488
0.000488
0.000488
0.000488
0.000488
0.000504
0.000519
0.000519
0.000523
0.000530
0.000534
0.000542
0.000542
0.000549
0.000549
0.000549
0.000549
0.000549
0.000549
0.000549
0.000549
0.000549
0.000549
0.000549
0.000549
0.000549
0.000549
0.000557
0.000557
0.000557
0.000565
0.000580
0.000580
0.000580
0.000580
0.000580
0.000580
0.000580
0.000580
0.000580
0.000580
0.000580
0.000595
0.000595
0.000595
0.000610
0.000610
0.000610
0.000610
0.000610
0.000610
0.000610
0.000610
0.000610
0.000610
0.000610
0.000610
0.000610
0.000610
0.000610
0.000610
0.000610
0.000610
0.000610
0.000610
0.000610
0.000610
0.000610
0.000610
0.000610
0.000610
0.000610
0.000610
0.000610
0.000610
0.000610
0.000610
0.000610
0.000610
0.000610
0.000610
0.000610
0.000610
0.000610
0.000610
0.000610
0.000610
0.000610
0.000610
0.000610
0.000610
0.000610
0.000610
0.000610
0.000610
0.000610
0.000610
0.000610
0.000610
0.000610
0.000610
0.000610
0.000610
0.000610
0.000610
0.000610
0.000610
0.000610
0.000610
0.000610
0.000610
0.000610
0.000610
0.000610
0.000610
0.000610
0.000610
0.000610
0.000610
0.000610
0.000610
0.000610
0.000610
0.000610
0.000610
0.000610
0.000610
0.000610
0.000610
0.000610
0.000610
0.000610
0.000610
0.000610
0.000610
0.000610
0.000610
0.000610
0.000610
0.000610
0.000610
0.000610
0.000610
0.000610
0.000610
0.000610
0.000610
0.000610
0.000641
0.000641
0.000641
0.000641
0.000641
0.000641
0.000641
0.000666
0.000671
0.000671
0.000671
0.000671
0.000671
0.000671
0.000671
0.000671
0.000671
0.000671
0.000687
0.000687
0.000687
0.000690
0.000694
0.000694
0.000702
0.000702
0.000702
0.000702
0.000702
0.000702
0.000702
0.000702
0.000702
0.000702
0.000706
0.000710
0.000717
0.000717
0.000717
0.000717
0.000717
0.000732
0.000732
0.000732
0.000732
0.000732
0.000732
0.000732
0.000732
0.000732
0.000732
0.000732
0.000732
0.000732
0.000732
0.000732
0.000732
0.000732
0.000732
0.000732
0.000732
0.000732
0.000732
0.000732
0.000732
0.000732
0.000732
0.000732
0.000732
0.000732
0.000732
0.000732
0.000732
0.000732
0.000732
0.000732
0.000732
0.000732
0.000732
0.000732
0.000732
0.000732
0.000732
0.000732
0.000732
0.000732
0.000732
0.000732
0.000732
0.000732
0.000732
0.000732
0.000732
0.000732
0.000732
0.000732
0.000732
0.000732
0.000732
0.000732
0.000732
0.000732
0.000732
0.000732
0.000732
0.000732
0.000732
0.000732
0.000732
0.000732
0.000732
0.000732
0.000732
0.000732
0.000732
0.000732
0.000732
0.000732
0.000732
0.000732
0.000732
0.000732
0.000732
0.000732
0.000732
0.000732
0.000732
0.000732
0.000732
0.000732
0.000732
0.000732
0.000732
0.000732
0.000732
0.000732
0.000732
0.000732
0.000732
0.000732
0.000732
0.000732
0.000732
0.000732
0.000732
0.000732
0.000732
0.000732
0.000732
0.000732
0.000732
0.000732
0.000732
0.000732
0.000732
0.000732
0.000732
0.000732
0.000732
0.000732
0.000732
0.000732
0.000732
0.000732
0.000732
0.000732
0.000732
0.000732
0.000732
0.000732
0.000732
0.000732
0.000732
0.000732
0.000732
0.000732
0.000732
0.000732
0.000732
0.000732
0.000732
0.000732
0.000732
0.000732
0.000732
0.000732
0.000732
0.000732
0.000732
0.000732
0.000732
0.000732
0.000732
0.000732
0.000732
0.000732
0.000732
0.000732
0.000732
0.000732
0.000732
0.000732
0.000732
0.000732
0.000732
0.000732
0.000732
0.000732
0.000732
0.000732
0.000732
0.000732
0.000732
0.000732
0.000732
0.000732
0.000732
0.000732
0.000732
0.000732
0.000732
0.000732
0.000732
0.000732
0.000732
0.000732
0.000732
0.000732
0.000732
0.000732
0.000732
0.000732
0.000732
0.000732
0.000732
0.000732
0.000732
0.000732
0.000732
0.000732
0.000732
0.000732
0.000732
0.000732
0.000732
0.000732
0.000732
0.000732
0.000732
0.000732
0.000732
0.000732
0.000732
0.000732
0.000732
0.000732
0.000732
0.000732
0.000732
0.000732
0.000732
0.000732
0.000732
0.000732
0.000732
0.000732
0.000732
0.000732
0.000732
0.000732
0.000732
0.000732
0.000732
0.000732
0.000732
0.000732
0.000732
0.000732
0.000732
0.000732
0.000732
0.000732
0.000732
0.000732
0.000732
0.000732
0.000732
0.000732
0.000732
0.000732
0.000732
0.000732
0.000732
0.000732
0.000732
0.000732
0.000732
0.000732
0.000732
0.000732
0.000732
0.000732
0.000732
0.000732
0.000732
0.000732
0.000732
0.000732
0.000732
0.000732
0.000732
0.000732
0.000732
0.000732
0.000732
0.000732
0.000732
0.000732
0.000732
0.000732
0.000732
0.000732
0.000732
0.000732
0.000732
0.000732
0.000732
0.000732
0.000732
0.000732
0.000732
0.000732
0.000732
0.000732
0.000732
0.000732
0.000732
0.000732
0.000732
0.000732
0.000732
0.000732
0.000732
0.000732
0.000732
0.000732
0.000732
0.000732
0.000732
0.000732
0.000732
0.000732
0.000732
0.000732
0.000732
0.000732
0.000732
0.000732
0.000732
0.000732
0.000732
0.000732
0.000732
0.000732
0.000732
0.000732
0.000732
0.000732
0.000732
0.000732
0.000732
0.000732
0.000732
0.000732
0.000732
0.000732
0.000732
0.000732
0.000732
0.000732
0.000732
0.000732
0.000732
0.000732
0.000732
0.000732
0.000732
0.000732
0.000732
0.000732
0.000732
0.000732
0.000732
0.000732
0.000732
0.000732
0.000732
0.000732
0.000732
0.000732
0.000732
0.000732
0.000732
0.000732
0.000732
0.000732
0.000732
0.000732
0.000732
0.000732
0.000732
0.000732
0.000732
0.000732
0.000732
0.000732
0.000732
0.000732
0.000732
0.000732
0.000732
0.000732
0.000732
0.000732
0.000732
0.000732
0.000732
0.000732
0.000732
0.000732
0.000732
0.000732
0.000732
0.000732
0.000732
0.000732
0.000732
0.000732
0.000732
0.000732
0.000732
0.000732
0.000732
0.000732
0.000732
0.000732
0.000732
0.000732
0.000732
0.000732
0.000732
0.000732
0.000732
0.000732
0.000732
0.000732
0.000732
0.000732
0.000732
0.000732
0.000732
0.000732
0.000732
0.000732
0.000732
0.000732
0.000732
0.000732
0.000732
0.000732
0.000732
0.000732
0.000732
0.000732
0.000732
0.000732
0.000732
0.000732
0.000732
0.000732
0.000732
0.000732
0.000732
0.000732
0.000732
0.000732
0.000732
0.000732
0.000732
0.000732
0.000732
0.000732
0.000732
0.000732
0.000732
0.000732
0.000732
0.000732
0.000732
0.000732
0.000732
0.000732
0.000732
0.000732
0.000732
0.000732
0.000732
0.000732
0.000732
0.000732
0.000732
0.000732
0.000732
0.000732
0.000732
0.000732
0.000732
0.000732
0.000732
0.000732
0.000732
0.000732
0.000732
0.000732
0.000748
0.000748
0.000748
0.000748
0.000763
0.000763
0.000763
0.000763
0.000763
0.000763
0.000763
0.000763
0.000763
0.000763
0.000778
0.000778
0.000793
0.000793
0.000793
0.000793
0.000793
0.000793
0.000793
0.000793
0.000793
0.000793
0.000793
0.000793
0.000793
0.000793
0.000793
0.000793
0.000793
0.000793
0.000793
0.000793
0.000793
0.000793
0.000793
0.000793
0.000793
0.000793
0.000793
0.000793
0.000793
0.000793
0.000793
0.000793
0.000793
0.000824
0.000824
0.000828
0.000830
0.000830
0.000833
0.000835
0.000837
0.000839
0.000839
0.000839
0.000839
0.000839
0.000847
0.000851
0.000854
0.000854
0.000854
0.000854
0.000854
0.000854
0.000854
0.000854
0.000854
0.000854
0.000854
0.000854
0.000854
0.000854
0.000854
0.000854
0.000854
0.000854
0.000854
0.000854
0.000854
0.000854
0.000854
0.000854
0.000854
0.000854
0.000854
0.000854
0.000854
0.000854
0.000854
0.000854
0.000854
0.000854
0.000854
0.000854
0.000854
0.000854
0.000854
0.000854
0.000854
0.000854
0.000854
0.000854
0.000854
0.000854
0.000854
0.000854
0.000854
0.000854
0.000854
0.000854
0.000854
0.000854
0.000854
0.000854
0.000854
0.000854
0.000854
0.000854
0.000854
0.000854
0.000854
0.000854
0.000854
0.000854
0.000854
0.000854
0.000854
0.000854
0.000854
0.000854
0.000854
0.000854
0.000854
0.000854
0.000854
0.000854
0.000854
0.000854
0.000854
0.000854
0.000854
0.000854
0.000854
0.000854
0.000854
0.000854
0.000854
0.000854
0.000854
0.000854
0.000854
0.000854
0.000854
0.000854
0.000854
0.000854
0.000854
0.000854
0.000854
0.000854
0.000854
0.000854
0.000854
0.000854
0.000854
0.000854
0.000854
0.000854
0.000854
0.000854
0.000854
0.000854
0.000854
0.000854
0.000854
0.000854
0.000854
0.000854
0.000854
0.000854
0.000854
0.000854
0.000854
0.000854
0.000854
0.000854
0.000854
0.000854
0.000854
0.000854
0.000854
0.000854
0.000854
0.000854
0.000854
0.000854
0.000854
0.000854
0.000854
0.000854
0.000854
0.000854
0.000854
0.000854
0.000854
0.000854
0.000854
0.000854
0.000854
0.000854
0.000854
0.000854
0.000854
0.000854
0.000854
0.000854
0.000854
0.000854
0.000854
0.000854
0.000854
0.000854
0.000854
0.000854
0.000854
0.000854
0.000854
0.000860
0.000862
0.000862
0.000870
0.000870
0.000870
0.000870
0.000870
0.000870
0.000870
0.000870
0.000870
0.000870
0.000877
0.000885
0.000885
0.000885
0.000885
0.000885
0.000885
0.000885
0.000885
0.000885
0.000885
0.000885
0.000885
0.000885
0.000885
0.000885
0.000885
0.000885
0.000885
0.000885
0.000885
0.000885
0.000885
0.000885
0.000896
0.000900
0.000900
0.000900
0.000900
0.000900
0.000900
0.000908
0.000916
0.000916
0.000916
0.000916
0.000916
0.000916
0.000916
0.000916
0.000916
0.000916
0.000916
0.000916
0.000916
0.000916
0.000916
0.000916
0.000916
0.000916
0.000916
0.000916
0.000916
0.000916
0.000916
0.000916
0.000916
0.000916
0.000916
0.000916
0.000916
0.000916
0.000916
0.000916
0.000916
0.000916
0.000916
0.000916
0.000916
0.000916
0.000916
0.000916
0.000916
0.000916
0.000916
0.000916
0.000916
0.000916
0.000916
0.000916
0.000916
0.000916
0.000916
0.000916
0.000916
0.000916
0.000916
0.000916
0.000916
0.000916
0.000916
0.000916
0.000916
0.000916
0.000916
0.000916
0.000916
0.000916
0.000916
0.000916
0.000916
0.000916
0.000916
0.000916
0.000916
0.000916
0.000923
0.000931
0.000931
0.000946
0.000946
0.000946
0.000946
0.000946
0.000961
0.000977
0.000977
0.000977
0.000977
0.000977
0.000977
0.000977
0.000977
0.000977
0.000977
0.000977
0.000977
0.000977
0.000977
0.000977
0.000977
0.000977
0.000977
0.000977
0.000977
0.000977
0.000977
0.000977
0.000977
0.000977
0.000977
0.000977
0.000977
0.000977
0.000977
0.000977
0.000977
0.000977
0.000977
0.000977
0.000977
0.000977
0.000977
0.000977
0.000977
0.000977
0.000977
0.000977
0.000977
0.000977
0.000977
0.000977
0.000977
0.000977
0.000977
0.000977
0.000977
0.000977
0.000977
0.000977
0.000977
0.000977
0.000977
0.000977
0.000977
0.000977
0.000977
0.000977
0.000977
0.000977
0.000977
0.000977
0.000977
0.000977
0.000977
0.000977
0.000977
0.000977
0.000977
0.000977
0.000977
0.000977
0.000977
0.000977
0.000977
0.000977
0.000977
0.000977
0.000977
0.000977
0.000977
0.000977
0.000977
0.000977
0.000977
0.000977
0.000977
0.000977
0.000977
0.000977
0.000977
0.000977
0.000977
0.000977
0.000977
0.000977
0.000977
0.000977
0.000977
0.000977
0.000977
0.000977
0.000977
0.000977
0.000977
0.000977
0.000977
0.000977
0.000977
0.000977
0.000977
0.000977
0.000977
0.000977
0.000977
0.000977
0.000977
0.000977
0.000977
0.000977
0.000977
0.000977
0.000977
0.000977
0.000977
0.000977
0.000977
0.000977
0.000977
0.000977
0.000977
0.000977
0.000977
0.000977
0.000977
0.000977
0.000977
0.000977
0.000977
0.000977
0.000977
0.000977
0.000977
0.000977
0.000977
0.000977
0.000977
0.000977
0.000977
0.000977
0.000977
0.000977
0.000977
0.000977
0.000977
0.000977
0.000977
0.000977
0.000977
0.000977
0.000977
0.000977
0.000977
0.000977
0.000977
0.000977
0.000977
0.000977
0.000977
0.000977
0.000977
0.000977
0.000977
0.000977
0.000977
0.000977
0.000977
0.000977
0.000977
0.000977
0.000977
0.000977
0.000977
0.000977
0.000977
0.000977
0.000977
0.000977
0.000977
0.000977
0.000977
0.000977
0.000977
0.000977
0.000977
0.000977
0.000977
0.000977
0.000977
0.000977
0.000977
0.000977
0.000977
0.000977
0.000977
0.000977
0.000977
0.000977
0.000977
0.000977
0.000977
0.000977
0.000977
0.000977
0.000977
0.000977
0.000977
0.000977
0.000977
0.000977
0.000977
0.000977
0.000977
0.000977
0.000977
0.000977
0.000977
0.000977
0.000977
0.000977
0.000977
0.000977
0.000977
0.000977
0.000977
0.000977
0.000977
0.000977
0.000977
0.000977
0.000977
0.000977
0.000977
0.000977
0.000977
0.000977
0.000977
0.000977
0.000977
0.000977
0.000977
0.000977
0.000977
0.000977
0.000977
0.000977
0.000977
0.000977
0.000977
0.000977
0.000977
0.000977
0.000977
0.000977
0.000977
0.000977
0.000977
0.000977
0.000977
0.000977
0.000977
0.000977
0.000977
0.000977
0.000977
0.000977
0.000977
0.000977
0.000977
0.000977
0.000977
0.000977
0.000977
0.000977
0.000977
0.000977
0.000977
0.000977
0.000977
0.000977
0.000977
0.000977
0.000977
0.000977
0.000977
0.000977
0.000977
0.000977
0.000977
0.000977
0.000977
0.000977
0.000977
0.000977
0.000977
0.000977
0.000977
0.000977
0.000977
0.000977
0.000977
0.000977
0.000977
0.000977
0.000977
0.000977
0.000977
0.000977
0.000977
0.000977
0.000977
0.000977
0.000977
0.000977
0.000977
0.000977
0.000977
0.000977
0.000977
0.000977
0.000977
0.000977
0.000977
0.000977
0.000977
0.000977
0.000977
0.000977
0.000977
0.000977
0.000977
0.000977
0.000977
0.000977
0.000977
0.000977
0.000977
0.000977
0.000977
0.000977
0.000977
0.000977
0.000977
0.000977
0.000977
0.000977
0.000977
0.000977
0.000977
0.000977
0.000977
0.000977
0.000977
0.000977
0.000977
0.000977
0.000977
0.000977
0.000977
0.000977
0.000977
0.000977
0.000977
0.000977
0.000977
0.000977
0.000977
0.000977
0.000977
0.000977
0.000977
0.000977
0.000977
0.000977
0.000977
0.000977
0.000977
0.000977
0.000977
0.000977
0.000977
0.000977
0.000977
0.000977
0.000977
0.000977
0.000977
0.000977
0.000977
0.000977
0.000977
0.000977
0.000977
0.000977
0.000977
0.000977
0.000977
0.000977
0.000977
0.000977
0.000977
0.000977
0.000977
0.000977
0.000977
0.000977
0.000977
0.000977
0.000977
0.000977
0.000977
0.000977
0.000977
0.000977
0.000977
0.000977
0.000977
0.000977
0.000977
0.000977
0.000977
0.000977
0.000977
0.000977
0.000977
0.000977
0.000977
0.000977
0.000977
0.000977
0.000977
0.000977
0.000977
0.000977
0.000977
0.000977
0.000977
0.000977
0.000977
0.000977
0.000977
0.000977
0.000977
0.000977
0.000977
0.000977
0.000977
0.000977
0.000977
0.000977
0.000977
0.000977
0.000977
0.000977
0.000977
0.000977
0.000977
0.000977
0.000977
0.000977
0.000977
0.000977
0.000977
0.000977
0.000977
0.000977
0.000977
0.000977
0.000977
0.000977
0.000977
0.000977
0.000977
0.000977
0.000977
0.000977
0.000977
0.000977
0.000977
0.000977
0.000977
0.000977
0.000977
0.000977
0.000977
0.000977
0.000977
0.000977
0.000977
0.000977
0.000977
0.000977
0.000977
0.000977
0.000977
0.000977
0.000977
0.000977
0.000977
0.000977
0.000977
0.000977
0.000977
0.000977
0.000977
0.000977
0.000977
0.000977
0.000977
0.000977
0.000977
0.000977
0.000977
0.000977
0.000977
0.000977
0.000977
0.000977
0.000977
0.000977
0.000977
0.000977
0.000977
0.000977
0.000977
0.000977
0.000977
0.000977
0.000977
0.000977
0.000977
0.000977
0.000977
0.000977
0.000977
0.000977
0.000977
0.000977
0.000977
0.000977
0.000977
0.000977
0.000977
0.000977
0.000977
0.000977
0.000977
0.000977
0.000977
0.000977
0.000977
0.000977
0.000977
0.000977
0.000977
0.000977
0.000977
0.000977
0.000977
0.000977
0.000977
0.000977
0.000977
0.000977
0.000977
0.000977
0.000977
0.000977
0.000977
0.000977
0.000977
0.000977
0.000977
0.000977
0.000977
0.000977
0.000977
0.000977
0.000977
0.000977
0.000977
0.000977
0.000977
0.000977
0.000977
0.000977
0.000977
0.000977
0.000977
0.000977
0.000977
0.000977
0.000977
0.000977
0.000977
0.000977
0.000977
0.000977
0.000977
0.000977
0.000977
0.000977
0.000977
0.000977
0.000977
0.000977
0.000977
0.000977
0.000977
0.000977
0.000977
0.000977
0.000977
0.000977
0.000977
0.000977
0.000977
0.000977
0.000977
0.000977
0.000977
0.000977
0.000977
0.000977
0.000977
0.000977
0.000977
0.000977
0.000977
0.000977
0.000977
0.000977
0.000977
0.000977
0.000977
0.000977
0.000977
0.000977
0.000977
0.000977
0.000977
0.000977
0.000977
0.000977
0.000977
0.000977
0.000977
0.000977
0.000977
0.000977
0.000977
0.000977
0.000977
0.000977
0.000977
0.000977
0.000977
0.000977
0.000977
0.000977
0.000977
0.000977
0.000977
0.000977
0.000977
0.000977
0.000977
0.000977
0.000977
0.000977
0.000977
0.000977
0.000977
0.000977
0.000977
0.000977
0.000977
0.000977
0.000977
0.000977
0.000977
0.000977
0.000977
0.000977
0.000977
0.000977
0.000977
0.000977
0.000977
0.000977
0.000977
0.000977
0.000977
0.000977
0.000977
0.000977
0.000977
0.000977
0.000977
0.000977
0.000977
0.000977
0.000977
0.000977
0.000977
0.000977
0.000977
0.000977
0.000977
0.000977
0.000977
0.000977
0.000977
0.000977
0.000977
0.000977
0.000977
0.000977
0.000977
0.000977
0.000977
0.000977
0.000977
0.000977
0.000977
0.000977
0.000977
0.000977
0.000977
0.000977
0.000977
0.000977
0.000977
0.000977
0.000977
0.000977
0.000977
0.000977
0.000977
0.000977
0.000977
0.000977
0.000977
0.000977
0.000977
0.000977
0.000977
0.000977
0.000977
0.000977
0.000977
0.000977
0.000977
0.000977
0.000992
0.000992
0.000999
0.000999
0.000999
0.001000
0.001003
0.001007
0.001007
0.001007
0.001007
0.001007
0.001007
0.001007
0.001007
0.001007
0.001007
0.001007
0.001007
0.001007
0.001007
0.001015
0.001015
0.001015
0.001015
0.001022
0.001022
0.001022
0.001022
0.001022
0.001022
0.001027
0.001038
0.001038
0.001038
0.001038
0.001038
0.001038
0.001038
0.001038
0.001038
0.001038
0.001038
0.001038
0.001038
0.001038
0.001038
0.001038
0.001038
0.001038
0.001038
0.001038
0.001038
0.001038
0.001038
0.001038
0.001038
0.001038
0.001038
0.001038
0.001038
0.001038
0.001038
0.001038
0.001038
0.001038
0.001038
0.001038
0.001038
0.001038
0.001038
0.001038
0.001038
0.001038
0.001038
0.001038
0.001038
0.001038
0.001038
0.001038
0.001038
0.001038
0.001038
0.001038
0.001038
0.001038
0.001038
0.001038
0.001038
0.001038
0.001038
0.001038
0.001038
0.001038
0.001038
0.001038
0.001038
0.001038
0.001038
0.001038
0.001038
0.001038
0.001038
0.001038
0.001038
0.001038
0.001038
0.001038
0.001038
0.001038
0.001038
0.001038
0.001038
0.001038
0.001038
0.001045
0.001045
0.001053
0.001053
0.001053
0.001053
0.001068
0.001068
0.001068
0.001068
0.001068
0.001068
0.001068
0.001068
0.001068
0.001068
0.001068
0.001068
0.001068
0.001068
0.001068
0.001068
0.001068
0.001068
0.001068
0.001068
0.001068
0.001068
0.001068
0.001068
0.001076
0.001083
0.001083
0.001099
0.001099
0.001099
0.001099
0.001099
0.001099
0.001099
0.001099
0.001099
0.001099
0.001099
0.001099
0.001099
0.001099
0.001099
0.001099
0.001099
0.001099
0.001099
0.001099
0.001099
0.001099
0.001099
0.001099
0.001099
0.001099
0.001099
0.001099
0.001099
0.001099
0.001099
0.001099
0.001099
0.001099
0.001099
0.001099
0.001099
0.001099
0.001099
0.001099
0.001099
0.001099
0.001099
0.001099
0.001099
0.001099
0.001099
0.001099
0.001099
0.001099
0.001099
0.001099
0.001099
0.001099
0.001099
0.001099
0.001099
0.001099
0.001099
0.001099
0.001099
0.001099
0.001099
0.001099
0.001099
0.001099
0.001099
0.001099
0.001099
0.001099
0.001099
0.001099
0.001099
0.001099
0.001099
0.001099
0.001099
0.001099
0.001099
0.001099
0.001099
0.001099
0.001099
0.001099
0.001099
0.001099
0.001099
0.001099
0.001099
0.001099
0.001099
0.001099
0.001099
0.001099
0.001099
0.001099
0.001099
0.001099
0.001099
0.001099
0.001099
0.001099
0.001099
0.001099
0.001099
0.001099
0.001099
0.001099
0.001099
0.001099
0.001099
0.001099
0.001099
0.001099
0.001099
0.001099
0.001099
0.001099
0.001099
0.001099
0.001099
0.001099
0.001099
0.001099
0.001099
0.001099
0.001099
0.001099
0.001099
0.001099
0.001099
0.001099
0.001099
0.001099
0.001099
0.001099
0.001099
0.001099
0.001099
0.001099
0.001099
0.001099
0.001099
0.001099
0.001099
0.001099
0.001099
0.001099
0.001099
0.001099
0.001099
0.001099
0.001099
0.001099
0.001099
0.001099
0.001099
0.001099
0.001099
0.001099
0.001099
0.001099
0.001099
0.001099
0.001099
0.001099
0.001099
0.001099
0.001099
0.001099
0.001099
0.001099
0.001099
0.001099
0.001099
0.001099
0.001099
0.001099
0.001099
0.001099
0.001099
0.001099
0.001099
0.001099
0.001099
0.001099
0.001099
0.001099
0.001099
0.001099
0.001099
0.001099
0.001099
0.001099
0.001099
0.001099
0.001099
0.001099
0.001099
0.001099
0.001099
0.001099
0.001099
0.001099
0.001099
0.001099
0.001099
0.001099
0.001099
0.001099
0.001099
0.001099
0.001099
0.001099
0.001099
0.001099
0.001099
0.001099
0.001099
0.001099
0.001099
0.001099
0.001099
0.001099
0.001099
0.001099
0.001099
0.001099
0.001099
0.001099
0.001099
0.001099
0.001099
0.001099
0.001099
0.001099
0.001099
0.001099
0.001099
0.001099
0.001099
0.001099
0.001099
0.001099
0.001099
0.001099
0.001099
0.001099
0.001099
0.001106
0.001114
0.001129
0.001129
0.001129
0.001129
0.001129
0.001129
0.001129
0.001129
0.001129
0.001129
0.001129
0.001134
0.001144
0.001144
0.001144
0.001144
0.001156
0.001160
0.001160
0.001160
0.001160
0.001160
0.001160
0.001160
0.001160
0.001160
0.001160
0.001160
0.001160
0.001160
0.001160
0.001160
0.001160
0.001160
0.001160
0.001160
0.001160
0.001160
0.001160
0.001160
0.001160
0.001160
0.001160
0.001160
0.001160
0.001160
0.001160
0.001160
0.001160
0.001160
0.001160
0.001167
0.001167
0.001167
0.001167
0.001171
0.001175
0.001175
0.001175
0.001175
0.001175
0.001175
0.001175
0.001183
0.001183
0.001186
0.001190
0.001190
0.001190
0.001190
0.001190
0.001190
0.001190
0.001190
0.001190
0.001190
0.001190
0.001190
0.001190
0.001190
0.001190
0.001194
0.001198
0.001205
0.001205
0.001205
0.001205
0.001205
0.001205
0.001205
0.001213
0.001221
0.001221
0.001221
0.001221
0.001221
0.001221
0.001221
0.001221
0.001221
0.001221
0.001221
0.001221
0.001221
0.001221
0.001221
0.001221
0.001221
0.001221
0.001221
0.001221
0.001221
0.001221
0.001221
0.001221
0.001221
0.001221
0.001221
0.001221
0.001221
0.001221
0.001221
0.001221
0.001221
0.001221
0.001221
0.001221
0.001221
0.001221
0.001221
0.001221
0.001221
0.001221
0.001221
0.001221
0.001221
0.001221
0.001221
0.001221
0.001221
0.001221
0.001221
0.001221
0.001221
0.001221
0.001221
0.001221
0.001221
0.001221
0.001221
0.001221
0.001221
0.001221
0.001221
0.001221
0.001221
0.001221
0.001221
0.001221
0.001221
0.001221
0.001221
0.001221
0.001221
0.001221
0.001221
0.001221
0.001221
0.001221
0.001221
0.001221
0.001221
0.001221
0.001221
0.001221
0.001221
0.001221
0.001221
0.001221
0.001221
0.001221
0.001221
0.001221
0.001221
0.001221
0.001221
0.001221
0.001221
0.001221
0.001221
0.001221
0.001221
0.001221
0.001221
0.001221
0.001221
0.001221
0.001221
0.001221
0.001221
0.001221
0.001221
0.001221
0.001221
0.001221
0.001221
0.001221
0.001221
0.001221
0.001221
0.001221
0.001221
0.001221
0.001221
0.001221
0.001221
0.001221
0.001221
0.001221
0.001221
0.001221
0.001221
0.001221
0.001221
0.001221
0.001221
0.001221
0.001221
0.001221
0.001221
0.001221
0.001221
0.001221
0.001221
0.001221
0.001221
0.001221
0.001221
0.001221
0.001221
0.001221
0.001221
0.001221
0.001221
0.001221
0.001221
0.001221
0.001221
0.001221
0.001221
0.001221
0.001221
0.001221
0.001221
0.001221
0.001221
0.001221
0.001221
0.001221
0.001221
0.001221
0.001221
0.001221
0.001221
0.001221
0.001221
0.001221
0.001221
0.001221
0.001221
0.001221
0.001221
0.001221
0.001221
0.001221
0.001221
0.001221
0.001221
0.001221
0.001221
0.001221
0.001221
0.001221
0.001221
0.001221
0.001221
0.001221
0.001221
0.001221
0.001221
0.001221
0.001221
0.001221
0.001221
0.001221
0.001221
0.001221
0.001221
0.001221
0.001221
0.001221
0.001221
0.001221
0.001221
0.001221
0.001221
0.001221
0.001221
0.001221
0.001221
0.001221
0.001221
0.001221
0.001221
0.001221
0.001221
0.001221
0.001221
0.001221
0.001221
0.001221
0.001221
0.001221
0.001221
0.001221
0.001221
0.001221
0.001221
0.001221
0.001221
0.001221
0.001221
0.001221
0.001221
0.001221
0.001221
0.001221
0.001221
0.001221
0.001221
0.001221
0.001221
0.001221
0.001221
0.001221
0.001221
0.001221
0.001221
0.001221
0.001221
0.001221
0.001221
0.001221
0.001221
0.001221
0.001221
0.001221
0.001221
0.001221
0.001221
0.001221
0.001221
0.001221
0.001221
0.001221
0.001221
0.001221
0.001221
0.001221
0.001221
0.001221
0.001221
0.001221
0.001221
0.001221
0.001221
0.001221
0.001221
0.001221
0.001221
0.001221
0.001221
0.001221
0.001221
0.001221
0.001221
0.001221
0.001221
0.001221
0.001221
0.001221
0.001221
0.001221
0.001221
0.001221
0.001221
0.001221
0.001221
0.001221
0.001221
0.001221
0.001221
0.001221
0.001221
0.001221
0.001221
0.001221
0.001221
0.001221
0.001221
0.001221
0.001221
0.001221
0.001221
0.001221
0.001221
0.001221
0.001221
0.001221
0.001221
0.001221
0.001221
0.001221
0.001221
0.001221
0.001221
0.001221
0.001221
0.001221
0.001221
0.001221
0.001221
0.001221
0.001221
0.001221
0.001221
0.001221
0.001221
0.001221
0.001221
0.001221
0.001221
0.001221
0.001221
0.001221
0.001221
0.001221
0.001221
0.001221
0.001221
0.001221
0.001221
0.001221
0.001221
0.001221
0.001221
0.001221
0.001221
0.001221
0.001221
0.001221
0.001221
0.001221
0.001221
0.001221
0.001221
0.001221
0.001221
0.001221
0.001221
0.001221
0.001221
0.001221
0.001221
0.001221
0.001221
0.001221
0.001221
0.001221
0.001221
0.001221
0.001221
0.001221
0.001221
0.001221
0.001221
0.001221
0.001221
0.001221
0.001221
0.001221
0.001221
0.001221
0.001221
0.001221
0.001221
0.001221
0.001221
0.001221
0.001221
0.001221
0.001221
0.001221
0.001221
0.001221
0.001221
0.001221
0.001221
0.001221
0.001221
0.001221
0.001221
0.001221
0.001221
0.001221
0.001221
0.001221
0.001221
0.001221
0.001221
0.001221
0.001221
0.001221
0.001221
0.001221
0.001221
0.001221
0.001221
0.001221
0.001221
0.001221
0.001221
0.001221
0.001221
0.001221
0.001221
0.001221
0.001221
0.001221
0.001221
0.001221
0.001221
0.001221
0.001221
0.001221
0.001221
0.001221
0.001221
0.001221
0.001221
0.001221
0.001221
0.001221
0.001221
0.001221
0.001221
0.001221
0.001221
0.001221
0.001221
0.001221
0.001221
0.001221
0.001221
0.001221
0.001221
0.001221
0.001221
0.001221
0.001221
0.001221
0.001221
0.001221
0.001221
0.001221
0.001221
0.001221
0.001221
0.001221
0.001221
0.001221
0.001221
0.001221
0.001221
0.001221
0.001221
0.001221
0.001221
0.001221
0.001221
0.001221
0.001221
0.001221
0.001221
0.001221
0.001221
0.001221
0.001221
0.001221
0.001221
0.001221
0.001221
0.001221
0.001221
0.001221
0.001221
0.001221
0.001221
0.001221
0.001221
0.001221
0.001221
0.001221
0.001221
0.001221
0.001221
0.001221
0.001221
0.001221
0.001221
0.001221
0.001221
0.001221
0.001221
0.001221
0.001221
0.001221
0.001221
0.001221
0.001221
0.001221
0.001221
0.001221
0.001221
0.001221
0.001221
0.001221
0.001221
0.001221
0.001221
0.001221
0.001221
0.001221
0.001221
0.001221
0.001221
0.001221
0.001221
0.001221
0.001221
0.001221
0.001221
0.001221
0.001221
0.001221
0.001221
0.001221
0.001221
0.001221
0.001221
0.001221
0.001221
0.001221
0.001221
0.001221
0.001221
0.001221
0.001221
0.001221
0.001221
0.001221
0.001221
0.001221
0.001221
0.001221
0.001221
0.001221
0.001221
0.001221
0.001221
0.001221
0.001221
0.001221
0.001221
0.001221
0.001221
0.001221
0.001221
0.001221
0.001221
0.001221
0.001221
0.001221
0.001221
0.001221
0.001221
0.001221
0.001221
0.001221
0.001221
0.001221
0.001221
0.001221
0.001221
0.001221
0.001221
0.001221
0.001221
0.001221
0.001221
0.001221
0.001221
0.001221
0.001221
0.001221
0.001221
0.001221
0.001221
0.001221
0.001221
0.001221
0.001221
0.001221
0.001221
0.001221
0.001221
0.001221
0.001221
0.001221
0.001221
0.001221
0.001221
0.001221
0.001221
0.001221
0.001221
0.001221
0.001221
0.001221
0.001221
0.001221
0.001221
0.001221
0.001221
0.001221
0.001221
0.001221
0.001221
0.001221
0.001221
0.001221
0.001221
0.001221
0.001221
0.001221
0.001221
0.001221
0.001221
0.001221
0.001221
0.001221
0.001221
0.001221
0.001221
0.001221
0.001221
0.001221
0.001221
0.001221
0.001221
0.001221
0.001221
0.001221
0.001221
0.001221
0.001221
0.001221
0.001221
0.001221
0.001221
0.001221
0.001221
0.001221
0.001221
0.001221
0.001221
0.001221
0.001221
0.001221
0.001221
0.001221
0.001221
0.001221
0.001221
0.001221
0.001221
0.001221
0.001221
0.001221
0.001221
0.001221
0.001221
0.001221
0.001221
0.001221
0.001221
0.001221
0.001221
0.001221
0.001221
0.001221
0.001221
0.001221
0.001221
0.001221
0.001221
0.001221
0.001221
0.001221
0.001221
0.001221
0.001221
0.001221
0.001221
0.001221
0.001221
0.001221
0.001221
0.001221
0.001221
0.001221
0.001221
0.001221
0.001221
0.001221
0.001221
0.001221
0.001221
0.001221
0.001221
0.001221
0.001221
0.001221
0.001221
0.001221
0.001221
0.001221
0.001221
0.001221
0.001221
0.001221
0.001221
0.001221
0.001221
0.001221
0.001221
0.001221
0.001221
0.001221
0.001221
0.001221
0.001221
0.001221
0.001221
0.001221
0.001221
0.001221
0.001221
0.001221
0.001221
0.001221
0.001221
0.001221
0.001221
0.001221
0.001221
0.001221
0.001221
0.001221
0.001221
0.001221
0.001221
0.001221
0.001221
0.001221
0.001221
0.001221
0.001221
0.001221
0.001221
0.001221
0.001221
0.001221
0.001221
0.001221
0.001221
0.001236
0.001236
0.001251
0.001251
0.001251
0.001251
0.001251
0.001251
0.001251
0.001251
0.001251
0.001251
0.001251
0.001266
0.001282
0.001282
0.001282
0.001282
0.001282
0.001282
0.001282
0.001282
0.001282
0.001282
0.001282
0.001282
0.001282
0.001282
0.001282
0.001282
0.001282
0.001282
0.001282
0.001282
0.001282
0.001282
0.001282
0.001282
0.001282
0.001282
0.001282
0.001282
0.001282
0.001282
0.001282
0.001282
0.001282
0.001282
0.001282
0.001293
0.001293
0.001297
0.001305
0.001305
0.001305
0.001305
0.001305
0.001308
0.001312
0.001312
0.001312
0.001312
0.001312
0.001312
0.001312
0.001312
0.001312
0.001320
0.001320
0.001320
0.001328
0.001328
0.001328
0.001328
0.001328
0.001328
0.001331
0.001337
0.001343
0.001343
0.001343
0.001343
0.001343
0.001343
0.001343
0.001343
0.001343
0.001343
0.001343
0.001343
0.001343
0.001343
0.001343
0.001343
0.001343
0.001343
0.001343
0.001343
0.001343
0.001343
0.001343
0.001343
0.001343
0.001343
0.001343
0.001343
0.001343
0.001343
0.001343
0.001343
0.001343
0.001343
0.001343
0.001343
0.001343
0.001343
0.001343
0.001343
0.001343
0.001343
0.001343
0.001343
0.001343
0.001343
0.001343
0.001343
0.001343
0.001343
0.001343
0.001343
0.001343
0.001343
0.001343
0.001343
0.001343
0.001343
0.001343
0.001343
0.001343
0.001343
0.001343
0.001343
0.001343
0.001343
0.001343
0.001343
0.001343
0.001343
0.001343
0.001343
0.001343
0.001343
0.001343
0.001343
0.001343
0.001343
0.001343
0.001343
0.001343
0.001343
0.001343
0.001343
0.001343
0.001343
0.001343
0.001343
0.001343
0.001343
0.001343
0.001343
0.001343
0.001343
0.001343
0.001343
0.001343
0.001343
0.001343
0.001343
0.001343
0.001343
0.001343
0.001343
0.001343
0.001343
0.001343
0.001343
0.001343
0.001343
0.001343
0.001343
0.001343
0.001343
0.001343
0.001343
0.001343
0.001343
0.001343
0.001343
0.001343
0.001343
0.001343
0.001343
0.001343
0.001343
0.001343
0.001343
0.001343
0.001343
0.001343
0.001343
0.001343
0.001343
0.001343
0.001343
0.001343
0.001343
0.001343
0.001343
0.001343
0.001343
0.001343
0.001343
0.001343
0.001343
0.001343
0.001343
0.001343
0.001343
0.001343
0.001343
0.001343
0.001343
0.001343
0.001343
0.001343
0.001343
0.001343
0.001343
0.001343
0.001343
0.001343
0.001343
0.001343
0.001343
0.001343
0.001343
0.001343
0.001343
0.001343
0.001343
0.001343
0.001343
0.001343
0.001343
0.001343
0.001343
0.001343
0.001343
0.001343
0.001343
0.001343
0.001343
0.001343
0.001343
0.001343
0.001343
0.001343
0.001343
0.001343
0.001343
0.001343
0.001343
0.001343
0.001343
0.001343
0.001343
0.001343
0.001343
0.001358
0.001373
0.001373
0.001373
0.001373
0.001373
0.001373
0.001373
0.001373
0.001373
0.001373
0.001373
0.001373
0.001373
0.001373
0.001373
0.001373
0.001373
0.001373
0.001373
0.001377
0.001389
0.001389
0.001404
0.001404
0.001404
0.001404
0.001404
0.001404
0.001404
0.001404
0.001404
0.001404
0.001404
0.001404
0.001404
0.001404
0.001404
0.001404
0.001404
0.001404
0.001404
0.001404
0.001404
0.001404
0.001404
0.001404
0.001404
0.001404
0.001404
0.001404
0.001404
0.001404
0.001404
0.001404
0.001404
0.001404
0.001404
0.001404
0.001404
0.001404
0.001404
0.001404
0.001404
0.001404
0.001404
0.001404
0.001434
0.001434
0.001434
0.001434
0.001434
0.001434
0.001434
0.001434
0.001434
0.001450
0.001463
0.001465
0.001465
0.001465
0.001465
0.001465
0.001465
0.001465
0.001465
0.001465
0.001465
0.001465
0.001465
0.001465
0.001465
0.001465
0.001465
0.001465
0.001465
0.001465
0.001465
0.001465
0.001465
0.001465
0.001465
0.001465
0.001465
0.001465
0.001465
0.001465
0.001465
0.001465
0.001465
0.001465
0.001465
0.001465
0.001465
0.001465
0.001465
0.001465
0.001465
0.001465
0.001465
0.001465
0.001465
0.001465
0.001465
0.001465
0.001465
0.001465
0.001465
0.001465
0.001465
0.001465
0.001465
0.001465
0.001465
0.001465
0.001465
0.001465
0.001465
0.001465
0.001465
0.001465
0.001465
0.001465
0.001465
0.001465
0.001465
0.001465
0.001465
0.001465
0.001465
0.001465
0.001465
0.001465
0.001465
0.001465
0.001465
0.001465
0.001465
0.001465
0.001465
0.001465
0.001465
0.001465
0.001465
0.001465
0.001465
0.001465
0.001465
0.001465
0.001465
0.001465
0.001465
0.001465
0.001465
0.001465
0.001465
0.001465
0.001465
0.001465
0.001465
0.001465
0.001465
0.001465
0.001465
0.001465
0.001465
0.001465
0.001465
0.001465
0.001465
0.001465
0.001465
0.001465
0.001465
0.001465
0.001465
0.001465
0.001465
0.001465
0.001465
0.001465
0.001465
0.001465
0.001465
0.001465
0.001465
0.001465
0.001465
0.001465
0.001465
0.001465
0.001465
0.001465
0.001465
0.001465
0.001465
0.001465
0.001465
0.001465
0.001465
0.001465
0.001465
0.001465
0.001465
0.001465
0.001465
0.001465
0.001465
0.001465
0.001465
0.001465
0.001465
0.001465
0.001465
0.001465
0.001465
0.001465
0.001465
0.001465
0.001465
0.001465
0.001465
0.001465
0.001465
0.001465
0.001465
0.001465
0.001465
0.001465
0.001465
0.001465
0.001465
0.001465
0.001465
0.001465
0.001465
0.001465
0.001465
0.001465
0.001465
0.001465
0.001465
0.001465
0.001465
0.001465
0.001465
0.001465
0.001465
0.001465
0.001465
0.001465
0.001465
0.001465
0.001465
0.001465
0.001465
0.001465
0.001465
0.001465
0.001465
0.001465
0.001465
0.001465
0.001465
0.001465
0.001465
0.001465
0.001465
0.001465
0.001465
0.001465
0.001465
0.001465
0.001465
0.001465
0.001465
0.001465
0.001465
0.001465
0.001465
0.001465
0.001465
0.001465
0.001465
0.001465
0.001465
0.001465
0.001465
0.001465
0.001465
0.001465
0.001465
0.001465
0.001465
0.001465
0.001465
0.001465
0.001465
0.001465
0.001465
0.001465
0.001465
0.001465
0.001465
0.001465
0.001465
0.001465
0.001465
0.001465
0.001465
0.001465
0.001465
0.001465
0.001465
0.001465
0.001465
0.001465
0.001465
0.001465
0.001465
0.001465
0.001465
0.001465
0.001465
0.001465
0.001465
0.001465
0.001465
0.001465
0.001465
0.001465
0.001465
0.001465
0.001465
0.001465
0.001465
0.001465
0.001465
0.001465
0.001465
0.001465
0.001465
0.001465
0.001465
0.001465
0.001465
0.001465
0.001465
0.001465
0.001465
0.001465
0.001465
0.001465
0.001465
0.001465
0.001465
0.001465
0.001465
0.001465
0.001465
0.001465
0.001465
0.001465
0.001465
0.001465
0.001465
0.001465
0.001465
0.001465
0.001465
0.001465
0.001465
0.001465
0.001465
0.001465
0.001465
0.001465
0.001465
0.001465
0.001465
0.001465
0.001465
0.001465
0.001465
0.001465
0.001465
0.001465
0.001465
0.001465
0.001465
0.001465
0.001465
0.001465
0.001465
0.001465
0.001465
0.001465
0.001465
0.001465
0.001465
0.001465
0.001465
0.001465
0.001465
0.001465
0.001465
0.001465
0.001465
0.001465
0.001465
0.001465
0.001465
0.001465
0.001465
0.001465
0.001465
0.001465
0.001465
0.001465
0.001465
0.001465
0.001465
0.001465
0.001465
0.001465
0.001465
0.001465
0.001465
0.001465
0.001465
0.001465
0.001465
0.001465
0.001465
0.001465
0.001465
0.001465
0.001465
0.001465
0.001465
0.001465
0.001465
0.001465
0.001465
0.001465
0.001465
0.001465
0.001465
0.001465
0.001465
0.001465
0.001465
0.001465
0.001465
0.001465
0.001465
0.001465
0.001465
0.001465
0.001465
0.001465
0.001465
0.001465
0.001465
0.001465
0.001465
0.001465
0.001465
0.001465
0.001465
0.001465
0.001465
0.001465
0.001465
0.001465
0.001465
0.001465
0.001465
0.001465
0.001465
0.001465
0.001465
0.001465
0.001465
0.001465
0.001465
0.001465
0.001465
0.001465
0.001465
0.001465
0.001465
0.001465
0.001465
0.001465
0.001465
0.001465
0.001465
0.001465
0.001465
0.001465
0.001465
0.001465
0.001465
0.001465
0.001465
0.001465
0.001465
0.001465
0.001465
0.001465
0.001465
0.001465
0.001465
0.001465
0.001465
0.001465
0.001465
0.001465
0.001465
0.001465
0.001465
0.001465
0.001465
0.001465
0.001465
0.001465
0.001465
0.001465
0.001465
0.001465
0.001465
0.001465
0.001465
0.001465
0.001465
0.001465
0.001465
0.001465
0.001465
0.001465
0.001465
0.001465
0.001465
0.001465
0.001465
0.001465
0.001465
0.001465
0.001465
0.001465
0.001465
0.001465
0.001472
0.001472
0.001476
0.001480
0.001484
0.001486
0.001488
0.001495
0.001495
0.001495
0.001495
0.001495
0.001495
0.001495
0.001495
0.001499
0.001503
0.001511
0.001511
0.001511
0.001511
0.001526
0.001526
0.001526
0.001526
0.001526
0.001526
0.001526
0.001526
0.001526
0.001526
0.001526
0.001526
0.001526
0.001526
0.001526
0.001526
0.001526
0.001526
0.001526
0.001526
0.001526
0.001526
0.001526
0.001526
0.001526
0.001526
0.001526
0.001526
0.001526
0.001526
0.001526
0.001526
0.001541
0.001541
0.001541
0.001556
0.001556
0.001556
0.001556
0.001572
0.001579
0.001587
0.001587
0.001587
0.001587
0.001587
0.001587
0.001587
0.001587
0.001587
0.001587
0.001587
0.001587
0.001587
0.001587
0.001587
0.001587
0.001587
0.001587
0.001587
0.001587
0.001587
0.001587
0.001587
0.001587
0.001587
0.001587
0.001587
0.001587
0.001587
0.001587
0.001587
0.001587
0.001587
0.001587
0.001587
0.001587
0.001587
0.001587
0.001587
0.001587
0.001587
0.001587
0.001587
0.001587
0.001587
0.001587
0.001587
0.001587
0.001587
0.001587
0.001587
0.001587
0.001587
0.001587
0.001587
0.001587
0.001587
0.001587
0.001587
0.001587
0.001587
0.001587
0.001587
0.001587
0.001587
0.001587
0.001587
0.001587
0.001587
0.001587
0.001587
0.001587
0.001587
0.001587
0.001587
0.001587
0.001587
0.001587
0.001587
0.001587
0.001587
0.001587
0.001587
0.001587
0.001587
0.001587
0.001587
0.001587
0.001587
0.001587
0.001587
0.001587
0.001587
0.001587
0.001587
0.001587
0.001587
0.001587
0.001587
0.001587
0.001587
0.001587
0.001587
0.001587
0.001613
0.001614
0.001617
0.001617
0.001617
0.001648
0.001648
0.001648
0.001648
0.001648
0.001648
0.001648
0.001648
0.001648
0.001648
0.001648
0.001648
0.001648
0.001648
0.001648
0.001648
0.001663
0.001663
0.001663
0.001678
0.001678
0.001678
0.001678
0.001678
0.001678
0.001678
0.001678
0.001678
0.001678
0.001678
0.001678
0.001709
0.001709
0.001709
0.001709
0.001709
0.001709
0.001709
0.001709
0.001709
0.001709
0.001709
0.001709
0.001709
0.001709
0.001709
0.001709
0.001709
0.001709
0.001709
0.001709
0.001709
0.001709
0.001709
0.001709
0.001709
0.001709
0.001709
0.001709
0.001709
0.001709
0.001709
0.001709
0.001709
0.001709
0.001709
0.001709
0.001709
0.001709
0.001709
0.001709
0.001709
0.001709
0.001709
0.001709
0.001709
0.001709
0.001709
0.001709
0.001709
0.001709
0.001709
0.001709
0.001709
0.001709
0.001709
0.001709
0.001709
0.001709
0.001709
0.001709
0.001709
0.001709
0.001709
0.001709
0.001709
0.001709
0.001709
0.001709
0.001709
0.001709
0.001709
0.001709
0.001709
0.001709
0.001709
0.001709
0.001709
0.001709
0.001709
0.001709
0.001709
0.001709
0.001709
0.001709
0.001709
0.001709
0.001709
0.001709
0.001709
0.001709
0.001709
0.001709
0.001709
0.001709
0.001709
0.001709
0.001709
0.001709
0.001709
0.001709
0.001709
0.001709
0.001709
0.001709
0.001709
0.001709
0.001709
0.001709
0.001709
0.001709
0.001709
0.001709
0.001709
0.001709
0.001709
0.001709
0.001709
0.001709
0.001709
0.001709
0.001709
0.001709
0.001709
0.001709
0.001709
0.001709
0.001709
0.001709
0.001709
0.001709
0.001709
0.001709
0.001709
0.001709
0.001709
0.001709
0.001709
0.001709
0.001709
0.001709
0.001709
0.001709
0.001709
0.001709
0.001709
0.001709
0.001709
0.001709
0.001709
0.001709
0.001709
0.001709
0.001709
0.001709
0.001709
0.001709
0.001709
0.001709
0.001709
0.001709
0.001709
0.001709
0.001709
0.001709
0.001709
0.001709
0.001709
0.001709
0.001709
0.001709
0.001709
0.001709
0.001709
0.001709
0.001709
0.001709
0.001709
0.001709
0.001709
0.001709
0.001709
0.001709
0.001709
0.001709
0.001709
0.001709
0.001709
0.001709
0.001709
0.001709
0.001709
0.001709
0.001709
0.001709
0.001709
0.001709
0.001709
0.001709
0.001709
0.001709
0.001709
0.001709
0.001709
0.001709
0.001709
0.001709
0.001709
0.001709
0.001709
0.001709
0.001709
0.001709
0.001709
0.001709
0.001709
0.001709
0.001709
0.001709
0.001709
0.001709
0.001709
0.001709
0.001709
0.001709
0.001709
0.001709
0.001709
0.001709
0.001709
0.001709
0.001709
0.001709
0.001709
0.001709
0.001709
0.001709
0.001709
0.001709
0.001709
0.001709
0.001709
0.001709
0.001709
0.001709
0.001709
0.001709
0.001709
0.001709
0.001709
0.001709
0.001709
0.001709
0.001709
0.001709
0.001709
0.001709
0.001709
0.001709
0.001709
0.001709
0.001709
0.001709
0.001709
0.001709
0.001709
0.001709
0.001709
0.001709
0.001709
0.001709
0.001709
0.001709
0.001709
0.001709
0.001709
0.001724
0.001740
0.001755
0.001758
0.001759
0.001760
0.001770
0.001770
0.001770
0.001770
0.001770
0.001770
0.001779
0.001797
0.001801
0.001801
0.001801
0.001801
0.001816
0.001816
0.001816
0.001831
0.001831
0.001831
0.001831
0.001831
0.001831
0.001831
0.001831
0.001831
0.001831
0.001831
0.001831
0.001831
0.001831
0.001831
0.001831
0.001831
0.001831
0.001831
0.001831
0.001831
0.001831
0.001831
0.001831
0.001831
0.001831
0.001831
0.001831
0.001831
0.001831
0.001831
0.001831
0.001831
0.001831
0.001831
0.001831
0.001831
0.001831
0.001831
0.001831
0.001831
0.001831
0.001831
0.001831
0.001850
0.001862
0.001862
0.001862
0.001892
0.001892
0.001892
0.001892
0.001892
0.001892
0.001892
0.001892
0.001892
0.001892
0.001934
0.001938
0.001953
0.001953
0.001953
0.001953
0.001953
0.001953
0.001953
0.001953
0.001953
0.001953
0.001953
0.001953
0.001953
0.001953
0.001953
0.001953
0.001953
0.001953
0.001953
0.001953
0.001953
0.001953
0.001953
0.001953
0.001953
0.001953
0.001953
0.001953
0.001953
0.001953
0.001953
0.001953
0.001953
0.001953
0.001953
0.001953
0.001953
0.001953
0.001953
0.001953
0.001953
0.001953
0.001953
0.001953
0.001953
0.001953
0.001953
0.001953
0.001953
0.001953
0.001953
0.001953
0.001953
0.001953
0.001953
0.001953
0.001953
0.001953
0.001953
0.001953
0.001953
0.001953
0.001953
0.001953
0.001953
0.001953
0.001953
0.001953
0.001953
0.001953
0.001953
0.001953
0.001953
0.001953
0.001953
0.001953
0.001953
0.001953
0.001953
0.001953
0.001953
0.001953
0.001953
0.001953
0.001953
0.001953
0.001953
0.001953
0.001953
0.001953
0.001953
0.001953
0.001953
0.001953
0.001953
0.001953
0.001953
0.001953
0.001953
0.001953
0.001953
0.001953
0.001953
0.001953
0.001953
0.001961
0.001984
0.002007
0.002014
0.002014
0.002014
0.002014
0.002014
0.002014
0.002014
0.002075
0.002075
0.002075
0.002075
0.002075
0.002075
0.002075
0.002075
0.002075
0.002075
0.002075
0.002075
0.002075
0.002075
0.002075
0.002075
0.002075
0.002075
0.002075
0.002075
0.002075
0.002087
0.002090
0.002094
0.002106
0.002106
0.002121
0.002121
0.002136
0.002136
0.002136
0.002136
0.002167
0.002167
0.002182
0.002197
0.002197
0.002197
0.002197
0.002197
0.002197
0.002197
0.002197
0.002197
0.002197
0.002197
0.002197
0.002197
0.002197
0.002197
0.002197
0.002197
0.002197
0.002197
0.002197
0.002197
0.002197
0.002197
0.002197
0.002197
0.002197
0.002197
0.002197
0.002197
0.002197
0.002197
0.002197
0.002197
0.002197
0.002197
0.002197
0.002197
0.002197
0.002197
0.002197
0.002197
0.002197
0.002197
0.002197
0.002197
0.002197
0.002197
0.002197
0.002197
0.002213
0.002218
0.002228
0.002228
0.002235
0.002258
0.002258
0.002289
0.002319
0.002319
0.002319
0.002319
0.002319
0.002319
0.002319
0.002319
0.002319
0.002319
0.002319
0.002356
0.002380
0.002380
0.002441
0.002441
0.002441
0.002441
0.002441
0.002441
0.002441
0.002441
0.002441
0.002441
0.002441
0.002441
0.002441
0.002441
0.002441
0.002441
0.002441
0.002441
0.002441
0.002441
0.002441
0.002441
0.002441
0.002441
0.002441
0.002441
0.002441
0.002441
0.002441
0.002441
0.002441
0.002441
0.002441
0.002441
0.002441
0.002441
0.002441
0.002472
0.002502
0.002558
0.002563
0.002563
0.002563
0.002563
0.002563
0.002563
0.002563
0.002563
0.002563
0.002563
0.002594
0.002625
0.002625
0.002625
0.002625
0.002625
0.002640
0.002686
0.002686
0.002686
0.002686
0.002686
0.002686
0.002686
0.002686
0.002686
0.002686
0.002686
0.002686
0.002686
0.002686
0.002686
0.002686
0.002686
0.002686
0.002686
0.002686
0.002686
0.002686
0.002686
0.002686
0.002686
0.002686
0.002686
0.002686
0.002686
0.002686
0.002686
0.002686
0.002686
0.002686
0.002686
0.002686
0.002686
0.002686
0.002710
0.002716
0.002724
0.002731
0.002747
0.002747
0.002769
0.002808
0.002808
0.002808
0.002869
0.002869
0.002930
0.002930
0.002930
0.002930
0.002930
0.002930
0.002930
0.002930
0.002930
0.002930
0.002930
0.002930
0.002930
0.002930
0.002930
0.002930
0.002930
0.002930
0.002930
0.002960
0.002991
0.002991
0.003021
0.003022
0.003052
0.003052
0.003052
0.003052
0.003052
0.003052
0.003052
0.003052
0.003052
0.003052
0.003052
0.003059
0.003105
0.003113
0.003143
0.003166
0.003174
0.003174
0.003174
0.003174
0.003174
0.003174
0.003174
0.003174
0.003174
0.003174
0.003174
0.003174
0.003174
0.003174
0.003174
0.003174
0.003174
0.003174
0.003174
0.003174
0.003174
0.003174
0.003174
0.003174
0.003174
0.003174
0.003204
0.003235
0.003235
0.003235
0.003235
0.003235
0.003281
0.003296
0.003296
0.003296
0.003296
0.003296
0.003296
0.003296
0.003296
0.003296
0.003326
0.003334
0.003349
0.003357
0.003357
0.003357
0.003387
0.003410
0.003418
0.003418
0.003418
0.003418
0.003418
0.003418
0.003418
0.003418
0.003418
0.003418
0.003418
0.003418
0.003418
0.003418
0.003418
0.003418
0.003418
0.003418
0.003418
0.003418
0.003418
0.003418
0.003418
0.003418
0.003418
0.003418
0.003418
0.003418
0.003483
0.003502
0.003540
0.003540
0.003540
0.003540
0.003540
0.003540
0.003540
0.003632
0.003662
0.003662
0.003662
0.003662
0.003662
0.003662
0.003662
0.003662
0.003662
0.003662
0.003662
0.003662
0.003662
0.003662
0.003662
0.003662
0.003662
0.003662
0.003662
0.003662
0.003662
0.003662
0.003662
0.003662
0.003685
0.003693
0.003723
0.003784
0.003784
0.003784
0.003784
0.003784
0.003784
0.003845
0.003845
0.003845
0.003845
0.003845
0.003906
0.003906
0.003906
0.003906
0.003906
0.003906
0.003906
0.003906
0.003906
0.003906
0.003906
0.003906
0.003906
0.003906
0.003906
0.003906
0.003906
0.003906
0.003906
0.003906
0.003906
0.003906
0.003906
0.003906
0.003906
0.004028
0.004028
0.004028
0.004028
0.004028
0.004089
0.004089
0.004089
0.004120
0.004120
0.004120
0.004150
0.004150
0.004150
0.004150
0.004150
0.004150
0.004150
0.004150
0.004150
0.004150
0.004150
0.004150
0.004150
0.004150
0.004150
0.004150
0.004150
0.004150
0.004150
0.004150
0.004150
0.004150
0.004150
0.004150
0.004150
0.004150
0.004150
0.004150
0.004150
0.004150
0.004150
0.004150
0.004150
0.004150
0.004181
0.004211
0.004272
0.004272
0.004272
0.004272
0.004272
0.004272
0.004272
0.004272
0.004288
0.004333
0.004395
0.004395
0.004395
0.004395
0.004395
0.004395
0.004395
0.004395
0.004395
0.004395
0.004395
0.004395
0.004395
0.004395
0.004395
0.004456
0.004456
0.004486
0.004486
0.004517
0.004517
0.004517
0.004517
0.004570
0.004639
0.004639
0.004639
0.004639
0.004639
0.004639
0.004639
0.004639
0.004639
0.004639
0.004639
0.004639
0.004639
0.004639
0.004639
0.004639
0.004639
0.004639
0.004639
0.004639
0.004639
0.004639
0.004639
0.004720
0.004738
0.004761
0.004761
0.004761
0.004761
0.004761
0.004761
0.004761
0.004883
0.004883
0.004883
0.004883
0.004883
0.004883
0.004883
0.004883
0.004883
0.004883
0.004883
0.004883
0.004883
0.004883
0.004883
0.004883
0.004883
0.004883
0.004883
0.004883
0.004883
0.004883
0.004898
0.004921
0.004944
0.004944
0.004944
0.004944
0.004944
0.005005
0.005005
0.005005
0.005005
0.005035
0.005066
0.005066
0.005066
0.005066
0.005096
0.005127
0.005127
0.005127
0.005127
0.005127
0.005127
0.005127
0.005127
0.005127
0.005127
0.005127
0.005127
0.005127
0.005127
0.005127
0.005127
0.005127
0.005127
0.005127
0.005127
0.005127
0.005127
0.005127
0.005127
0.005127
0.005127
0.005142
0.005157
0.005188
0.005203
0.005249
0.005249
0.005249
0.005264
0.005341
0.005371
0.005371
0.005371
0.005371
0.005371
0.005371
0.005371
0.005371
0.005371
0.005371
0.005371
0.005371
0.005371
0.005371
0.005371
0.005371
0.005371
0.005371
0.005493
0.005493
0.005493
0.005493
0.005554
0.005554
0.005615
0.005615
0.005615
0.005615
0.005615
0.005615
0.005615
0.005615
0.005615
0.005615
0.005615
0.005615
0.005615
0.005615
0.005615
0.005615
0.005615
0.005646
0.005676
0.005692
0.005737
0.005737
0.005798
0.005798
0.005859
0.005859
0.005859
0.005859
0.005859
0.005859
0.005859
0.005859
0.005859
0.005859
0.005859
0.005859
0.005859
0.005859
0.005859
0.005859
0.005859
0.005890
0.005920
0.005920
0.005961
0.005981
0.005981
0.005981
0.005981
0.005981
0.005981
0.005981
0.005981
0.006104
0.006104
0.006104
0.006104
0.006104
0.006104
0.006104
0.006104
0.006104
0.006104
0.006104
0.006104
0.006104
0.006104
0.006104
0.006104
0.006165
0.006165
0.006165
0.006180
0.006226
0.006226
0.006264
0.006287
0.006287
0.006317
0.006348
0.006348
0.006348
0.006348
0.006348
0.006348
0.006348
0.006348
0.006348
0.006348
0.006348
0.006348
0.006348
0.006348
0.006348
0.006378
0.006397
0.006470
0.006470
0.006470
0.006470
0.006470
0.006470
0.006531
0.006531
0.006531
0.006531
0.006592
0.006592
0.006592
0.006592
0.006592
0.006592
0.006592
0.006592
0.006592
0.006592
0.006592
0.006592
0.006592
0.006622
0.006653
0.006653
0.006683
0.006714
0.006714
0.006714
0.006836
0.006836
0.006836
0.006836
0.006836
0.006836
0.006836
0.006836
0.006836
0.006836
0.006836
0.006836
0.006836
0.006836
0.006836
0.006836
0.006836
0.006893
0.006958
0.007019
0.007080
0.007080
0.007080
0.007080
0.007080
0.007080
0.007080
0.007080
0.007080
0.007080
0.007080
0.007080
0.007080
0.007080
0.007141
0.007141
0.007202
0.007202
0.007202
0.007202
0.007202
0.007202
0.007233
0.007263
0.007263
0.007324
0.007324
0.007324
0.007324
0.007324
0.007324
0.007324
0.007324
0.007324
0.007324
0.007324
0.007324
0.007385
0.007385
0.007446
0.007446
0.007446
0.007507
0.007507
0.007538
0.007568
0.007568
0.007568
0.007568
0.007568
0.007568
0.007568
0.007568
0.007568
0.007568
0.007568
0.007568
0.007568
0.007568
0.007568
0.007568
0.007568
0.007568
0.007568
0.007629
0.007660
0.007690
0.007690
0.007690
0.007690
0.007690
0.007690
0.007721
0.007812
0.007812
0.007812
0.007812
0.007812
0.007812
0.007812
0.007812
0.007812
0.007874
0.007874
0.007935
0.007935
0.007935
0.008057
0.008057
0.008057
0.008057
0.008057
0.008057
0.008057
0.008057
0.008057
0.008057
0.008118
0.008179
0.008179
0.008179
0.008240
0.008301
0.008301
0.008301
0.008301
0.008301
0.008301
0.008301
0.008301
0.008301
0.008301
0.008301
0.008301
0.008301
0.008301
0.008301
0.008301
0.008301
0.008301
0.008301
0.008423
0.008423
0.008423
0.008423
0.008423
0.008453
0.008453
0.008480
0.008484
0.008484
0.008545
0.008545
0.008545
0.008545
0.008545
0.008545
0.008545
0.008545
0.008545
0.008545
0.008545
0.008545
0.008545
0.008606
0.008606
0.008606
0.008606
0.008606
0.008606
0.008667
0.008667
0.008667
0.008734
0.008743
0.008789
0.008789
0.008789
0.008789
0.008789
0.008789
0.008789
0.008789
0.008789
0.008789
0.008789
0.008850
0.008858
0.008911
0.008911
0.008911
0.008911
0.008942
0.008972
0.009033
0.009033
0.009033
0.009033
0.009033
0.009033
0.009033
0.009033
0.009033
0.009033
0.009033
0.009033
0.009033
0.009033
0.009094
0.009155
0.009155
0.009155
0.009155
0.009155
0.009171
0.009277
0.009277
0.009277
0.009277
0.009277
0.009277
0.009277
0.009277
0.009277
0.009277
0.009277
0.009277
0.009277
0.009277
0.009338
0.009338
0.009399
0.009399
0.009399
0.009399
0.009411
0.009430
0.009521
0.009521
0.009521
0.009521
0.009521
0.009521
0.009521
0.009521
0.009521
0.009521
0.009521
0.009521
0.009521
0.009521
0.009567
0.009632
0.009644
0.009644
0.009644
0.009644
0.009644
0.009705
0.009720
0.009766
0.009766
0.009766
0.009766
0.009766
0.009766
0.009766
0.009766
0.009766
0.009766
0.009766
0.009766
0.009766
0.009766
0.009766
0.009815
0.009827
0.009842
0.009872
0.009888
0.009888
0.009888
0.009888
0.009888
0.009888
0.009888
0.009888
0.009949
0.010010
0.010010
0.010010
0.010010
0.010010
0.010010
0.010010
0.010010
0.010010
0.010010
0.010010
0.010010
0.010010
0.010010
0.010010
0.010010
0.010031
0.010040
0.010071
0.010071
0.010071
0.010101
0.010132
0.010132
0.010132
0.010132
0.010193
0.010193
0.010254
0.010254
0.010254
0.010254
0.010254
0.010254
0.010254
0.010254
0.010254
0.010254
0.010254
0.010254
0.010254
0.010254
0.010254
0.010254
0.010254
0.010254
0.010300
0.010300
0.010315
0.010338
0.010345
0.010345
0.010376
0.010376
0.010376
0.010376
0.010376
0.010376
0.010468
0.010468
0.010498
0.010498
0.010498
0.010498
0.010498
0.010498
0.010498
0.010498
0.010498
0.010529
0.010620
0.010620
0.010620
0.010620
0.010620
0.010620
0.010620
0.010620
0.010681
0.010742
0.010742
0.010742
0.010742
0.010742
0.010742
0.010742
0.010742
0.010742
0.010742
0.010742
0.010742
0.010742
0.010742
0.010742
0.010742
0.010742
0.010742
0.010742
0.010742
0.010742
0.010742
0.010788
0.010803
0.010803
0.010834
0.010864
0.010864
0.010864
0.010864
0.010975
0.010986
0.010986
0.010986
0.010986
0.010986
0.010986
0.010986
0.010986
0.010986
0.010986
0.010986
0.010986
0.010986
0.010986
0.010986
0.010986
0.010986
0.010986
0.010986
0.011047
0.011047
0.011078
0.011078
0.011108
0.011108
0.011108
0.011108
0.011108
0.011108
0.011108
0.011108
0.011108
0.011139
0.011169
0.011200
0.011230
0.011230
0.011230
0.011230
0.011230
0.011230
0.011230
0.011230
0.011230
0.011230
0.011230
0.011230
0.011230
0.011230
0.011230
0.011230
0.011230
0.011230
0.011230
0.011230
0.011230
0.011230
0.011230
0.011230
0.011292
0.011292
0.011353
0.011353
0.011353
0.011383
0.011444
0.011475
0.011475
0.011475
0.011475
0.011475
0.011475
0.011475
0.011475
0.011475
0.011475
0.011475
0.011475
0.011475
0.011475
0.011475
0.011536
0.011566
0.011597
0.011597
0.011627
0.011658
0.011658
0.011719
0.011719
0.011719
0.011719
0.011719
0.011719
0.011719
0.011841
0.011841
0.011841
0.011841
0.011841
0.011841
0.011841
0.011963
0.011963
0.011963
0.011963
0.011963
0.011963
0.012085
0.012085
0.012100
0.012146
0.012146
0.012207
0.012207
0.012207
0.012207
0.012207
0.012207
0.012207
0.012329
0.012329
0.012329
0.012451
0.012451
0.012451
0.012573
0.012695
0.012695
0.012695
0.012695
0.012695
0.012711
0.012939
0.012939
0.012939
0.012939
0.012939
0.012970
0.013016
0.013123
0.013123
0.013184
0.013184
0.013184
0.013306
0.013428
0.013428
0.013428
0.013428
0.013428
0.013428
0.013550
0.013672
0.013672
0.013733
0.013916
0.013916
0.013977
0.014160
0.014160
0.014160
0.014404
0.014618
0.014648
0.014648
0.014648
0.014648
0.015137
0.015137
0.015137
0.015259
0.015259
0.015320
0.015564
0.015625
0.015747
0.015808
0.015808
0.015869
0.015869
0.015869
0.015930
0.016113
0.016113
0.016205
0.016357
0.016357
0.016571
0.016602
0.016602
0.016785
0.016846
0.017456
0.017517
0.018066
0.018066
0.018433
0.018555
0.018799
0.018911
0.019135
0.019257
0.019531
0.019531
0.019531
0.020264
0.020264
0.020386
0.020508
0.020508
0.020508
0.021240
0.021240
0.021484
0.021484
0.021790
0.021973
0.021973
0.022217
0.022217
0.022583
0.022949
0.024658
0.026337
0.029419
0.035156
0.051086
