0.00122
0.00171
0.00171
0.00183
0.00195
0.00195
0.00195
0.00195
0.00195
0.00201
0.00214
0.00220
0.00220
0.00220
0.00226
0.00238
0.00244
0.00244
0.00244
0.00244
0.00244
0.00244
0.00244
0.00250
0.00251
0.00253
0.00256
0.00256
0.00256
0.00267
0.00269
0.00269
0.00269
0.00281
0.00287
0.00293
0.00293
0.00293
0.00293
0.00293
0.00299
0.00299
0.00304
0.00305
0.00308
0.00311
0.00317
0.00317
0.00317
0.00317
0.00317
0.00317
0.00317
0.00317
0.00323
0.00330
0.00330
0.00339
0.00339
0.00342
0.00342
0.00342
0.00342
0.00342
0.00342
0.00342
0.00351
0.00354
0.00366
0.00366
0.00366
0.00366
0.00366
0.00366
0.00366
0.00366
0.00366
0.00372
0.00378
0.00378
0.00391
0.00391
0.00391
0.00391
0.00391
0.00391
0.00391
0.00391
0.00403
0.00403
0.00404
0.00408
0.00409
0.00409
0.00413
0.00415
0.00415
0.00415
0.00415
0.00415
0.00415
0.00415
0.00415
0.00415
0.00426
0.00433
0.00439
0.00439
0.00439
0.00439
0.00439
0.00439
0.00439
0.00439
0.00443
0.00447
0.00458
0.00464
0.00464
0.00464
0.00464
0.00464
0.00464
0.00464
0.00464
0.00464
0.00464
0.00464
0.00464
0.00476
0.00476
0.00478
0.00482
0.00482
0.00488
0.00488
0.00488
0.00488
0.00488
0.00488
0.00488
0.00488
0.00488
0.00488
0.00488
0.00491
0.00513
0.00513
0.00513
0.00513
0.00513
0.00513
0.00513
0.00513
0.00513
0.00513
0.00513
0.00519
0.00525
0.00525
0.00528
0.00528
0.00537
0.00537
0.00537
0.00537
0.00537
0.00537
0.00537
0.00537
0.00537
0.00537
0.00542
0.00543
0.00546
0.00549
0.00549
0.00549
0.00551
0.00554
0.00562
0.00562
0.00562
0.00562
0.00562
0.00562
0.00572
0.00574
0.00574
0.00577
0.00580
0.00580
0.00586
0.00586
0.00586
0.00586
0.00586
0.00586
0.00586
0.00586
0.00586
0.00586
0.00598
0.00598
0.00609
0.00610
0.00610
0.00610
0.00610
0.00610
0.00610
0.00610
0.00610
0.00610
0.00610
0.00610
0.00610
0.00610
0.00610
0.00610
0.00623
0.00623
0.00626
0.00629
0.00635
0.00635
0.00635
0.00635
0.00635
0.00635
0.00635
0.00647
0.00647
0.00647
0.00647
0.00647
0.00652
0.00653
0.00659
0.00659
0.00659
0.00659
0.00659
0.00659
0.00659
0.00659
0.00659
0.00659
0.00671
0.00671
0.00671
0.00671
0.00674
0.00677
0.00684
0.00684
0.00684
0.00684
0.00684
0.00684
0.00684
0.00684
0.00684
0.00684
0.00696
0.00696
0.00708
0.00708
0.00708
0.00708
0.00708
0.00708
0.00708
0.00708
0.00708
0.00720
0.00720
0.00720
0.00732
0.00732
0.00732
0.00732
0.00732
0.00732
0.00732
0.00732
0.00732
0.00732
0.00739
0.00745
0.00745
0.00745
0.00745
0.00745
0.00746
0.00748
0.00754
0.00757
0.00757
0.00757
0.00757
0.00757
0.00757
0.00757
0.00763
0.00769
0.00775
0.00781
0.00781
0.00781
0.00781
0.00781
0.00781
0.00781
0.00781
0.00787
0.00787
0.00793
0.00797
0.00800
0.00806
0.00806
0.00806
0.00806
0.00806
0.00806
0.00806
0.00806
0.00806
0.00806
0.00809
0.00812
0.00818
0.00818
0.00818
0.00818
0.00824
0.00824
0.00829
0.00830
0.00830
0.00830
0.00830
0.00830
0.00830
0.00830
0.00830
0.00830
0.00830
0.00839
0.00842
0.00842
0.00842
0.00847
0.00851
0.00853
0.00854
0.00854
0.00854
0.00854
0.00854
0.00854
0.00854
0.00854
0.00854
0.00854
0.00861
0.00867
0.00867
0.00879
0.00879
0.00879
0.00879
0.00879
0.00879
0.00879
0.00879
0.00879
0.00879
0.00891
0.00891
0.00891
0.00896
0.00897
0.00897
0.00897
0.00897
0.00903
0.00903
0.00903
0.00903
0.00903
0.00903
0.00903
0.00903
0.00903
0.00916
0.00916
0.00916
0.00928
0.00928
0.00928
0.00928
0.00928
0.00928
0.00928
0.00928
0.00928
0.00934
0.00940
0.00943
0.00946
0.00952
0.00952
0.00952
0.00952
0.00952
0.00952
0.00952
0.00952
0.00952
0.00952
0.00957
0.00964
0.00964
0.00964
0.00964
0.00970
0.00974
0.00975
0.00977
0.00977
0.00977
0.00977
0.00977
0.00977
0.00977
0.00977
0.00977
0.00977
0.00977
0.00977
0.00977
0.00983
0.00989
0.00989
0.00995
0.00995
0.01001
0.01001
0.01001
0.01001
0.01001
0.01001
0.01001
0.01001
0.01001
0.01002
0.01002
0.01006
0.01013
0.01013
0.01019
0.01019
0.01022
0.01025
0.01025
0.01025
0.01025
0.01025
0.01025
0.01025
0.01025
0.01031
0.01038
0.01038
0.01040
0.01041
0.01041
0.01041
0.01050
0.01050
0.01050
0.01050
0.01050
0.01050
0.01056
0.01059
0.01062
0.01062
0.01062
0.01062
0.01062
0.01071
0.01074
0.01074
0.01074
0.01074
0.01074
0.01074
0.01074
0.01074
0.01074
0.01074
0.01080
0.01080
0.01080
0.01086
0.01086
0.01086
0.01086
0.01086
0.01086
0.01086
0.01091
0.01093
0.01099
0.01099
0.01099
0.01099
0.01099
0.01099
0.01099
0.01099
0.01099
0.01099
0.01099
0.01099
0.01103
0.01111
0.01111
0.01111
0.01117
0.01123
0.01123
0.01123
0.01129
0.01141
0.01147
0.01147
0.01147
0.01147
0.01147
0.01154
0.01160
0.01160
0.01166
0.01172
0.01172
0.01172
0.01172
0.01172
0.01172
0.01172
0.01172
0.01172
0.01172
0.01172
0.01172
0.01172
0.01181
0.01184
0.01184
0.01196
0.01196
0.01196
0.01196
0.01196
0.01196
0.01196
0.01196
0.01196
0.01196
0.01196
0.01196
0.01196
0.01196
0.01196
0.01202
0.01208
0.01208
0.01208
0.01208
0.01212
0.01218
0.01221
0.01221
0.01221
0.01221
0.01221
0.01221
0.01221
0.01227
0.01227
0.01233
0.01237
0.01239
0.01245
0.01245
0.01245
0.01245
0.01245
0.01251
0.01251
0.01254
0.01257
0.01257
0.01257
0.01257
0.01257
0.01257
0.01257
0.01260
0.01270
0.01270
0.01270
0.01270
0.01270
0.01270
0.01270
0.01270
0.01279
0.01282
0.01294
0.01294
0.01294
0.01294
0.01294
0.01294
0.01294
0.01300
0.01306
0.01312
0.01312
0.01318
0.01318
0.01318
0.01318
0.01318
0.01318
0.01331
0.01331
0.01332
0.01334
0.01337
0.01343
0.01343
0.01343
0.01343
0.01343
0.01343
0.01343
0.01343
0.01343
0.01355
0.01355
0.01355
0.01360
0.01361
0.01367
0.01367
0.01367
0.01367
0.01367
0.01367
0.01367
0.01367
0.01367
0.01367
0.01370
0.01379
0.01379
0.01379
0.01379
0.01379
0.01392
0.01392
0.01392
0.01392
0.01398
0.01404
0.01404
0.01404
0.01410
0.01416
0.01416
0.01416
0.01416
0.01416
0.01416
0.01416
0.01416
0.01416
0.01416
0.01416
0.01416
0.01416
0.01419
0.01425
0.01431
0.01434
0.01439
0.01440
0.01440
0.01440
0.01440
0.01440
0.01440
0.01440
0.01440
0.01440
0.01440
0.01440
0.01440
0.01440
0.01440
0.01440
0.01440
0.01440
0.01440
0.01440
0.01447
0.01450
0.01453
0.01453
0.01453
0.01453
0.01453
0.01456
0.01457
0.01461
0.01465
0.01465
0.01465
0.01465
0.01465
0.01465
0.01465
0.01465
0.01465
0.01465
0.01465
0.01465
0.01465
0.01465
0.01465
0.01465
0.01465
0.01465
0.01465
0.01465
0.01465
0.01465
0.01465
0.01471
0.01471
0.01471
0.01474
0.01477
0.01477
0.01477
0.01477
0.01477
0.01477
0.01477
0.01483
0.01483
0.01486
0.01489
0.01489
0.01489
0.01489
0.01489
0.01489
0.01489
0.01489
0.01489
0.01489
0.01489
0.01489
0.01489
0.01489
0.01489
0.01489
0.01489
0.01489
0.01489
0.01489
0.01489
0.01495
0.01495
0.01498
0.01501
0.01501
0.01501
0.01501
0.01501
0.01501
0.01501
0.01501
0.01505
0.01508
0.01508
0.01508
0.01508
0.01514
0.01514
0.01514
0.01514
0.01514
0.01514
0.01514
0.01514
0.01514
0.01514
0.01514
0.01514
0.01514
0.01514
0.01514
0.01514
0.01514
0.01514
0.01514
0.01514
0.01514
0.01514
0.01514
0.01514
0.01514
0.01514
0.01514
0.01516
0.01520
0.01520
0.01520
0.01520
0.01520
0.01526
0.01526
0.01526
0.01526
0.01526
0.01526
0.01526
0.01526
0.01526
0.01529
0.01530
0.01532
0.01535
0.01538
0.01538
0.01538
0.01538
0.01538
0.01538
0.01538
0.01538
0.01538
0.01538
0.01538
0.01538
0.01538
0.01538
0.01538
0.01538
0.01538
0.01538
0.01538
0.01538
0.01538
0.01538
0.01538
0.01538
0.01538
0.01538
0.01538
0.01538
0.01538
0.01543
0.01544
0.01544
0.01544
0.01547
0.01547
0.01547
0.01550
0.01550
0.01550
0.01550
0.01550
0.01550
0.01550
0.01550
0.01550
0.01550
0.01550
0.01550
0.01550
0.01556
0.01556
0.01556
0.01556
0.01556
0.01556
0.01556
0.01559
0.01562
0.01562
0.01562
0.01562
0.01562
0.01562
0.01562
0.01562
0.01562
0.01562
0.01562
0.01562
0.01562
0.01562
0.01562
0.01562
0.01562
0.01562
0.01562
0.01562
0.01562
0.01562
0.01562
0.01562
0.01562
0.01562
0.01562
0.01562
0.01562
0.01562
0.01562
0.01562
0.01562
0.01569
0.01569
0.01569
0.01569
0.01569
0.01569
0.01572
0.01572
0.01575
0.01575
0.01575
0.01575
0.01575
0.01575
0.01575
0.01575
0.01575
0.01575
0.01575
0.01575
0.01575
0.01575
0.01575
0.01575
0.01578
0.01581
0.01581
0.01581
0.01587
0.01587
0.01587
0.01587
0.01587
0.01587
0.01587
0.01587
0.01587
0.01587
0.01587
0.01587
0.01587
0.01587
0.01587
0.01587
0.01587
0.01587
0.01587
0.01587
0.01587
0.01587
0.01587
0.01587
0.01587
0.01587
0.01587
0.01587
0.01587
0.01587
0.01587
0.01587
0.01587
0.01587
0.01587
0.01587
0.01587
0.01587
0.01587
0.01587
0.01587
0.01587
0.01587
0.01587
0.01587
0.01587
0.01587
0.01590
0.01593
0.01593
0.01593
0.01593
0.01595
0.01599
0.01599
0.01599
0.01599
0.01599
0.01599
0.01599
0.01599
0.01599
0.01599
0.01599
0.01599
0.01599
0.01599
0.01599
0.01599
0.01599
0.01599
0.01600
0.01602
0.01604
0.01605
0.01605
0.01605
0.01610
0.01611
0.01611
0.01611
0.01611
0.01611
0.01611
0.01611
0.01611
0.01611
0.01611
0.01611
0.01611
0.01611
0.01611
0.01611
0.01611
0.01611
0.01611
0.01611
0.01611
0.01611
0.01611
0.01611
0.01611
0.01611
0.01611
0.01611
0.01611
0.01611
0.01611
0.01611
0.01611
0.01611
0.01611
0.01611
0.01611
0.01611
0.01611
0.01611
0.01611
0.01611
0.01611
0.01611
0.01611
0.01611
0.01611
0.01611
0.01611
0.01611
0.01611
0.01611
0.01611
0.01611
0.01611
0.01611
0.01614
0.01614
0.01617
0.01617
0.01617
0.01619
0.01620
0.01620
0.01622
0.01624
0.01624
0.01624
0.01624
0.01624
0.01624
0.01624
0.01624
0.01624
0.01624
0.01624
0.01624
0.01624
0.01624
0.01624
0.01624
0.01624
0.01626
0.01627
0.01627
0.01630
0.01630
0.01630
0.01630
0.01630
0.01630
0.01630
0.01630
0.01633
0.01634
0.01636
0.01636
0.01636
0.01636
0.01636
0.01636
0.01636
0.01636
0.01636
0.01636
0.01636
0.01636
0.01636
0.01636
0.01636
0.01636
0.01636
0.01636
0.01636
0.01636
0.01636
0.01636
0.01636
0.01636
0.01636
0.01636
0.01636
0.01636
0.01636
0.01636
0.01636
0.01636
0.01636
0.01636
0.01636
0.01636
0.01636
0.01636
0.01636
0.01636
0.01636
0.01636
0.01636
0.01636
0.01636
0.01636
0.01636
0.01636
0.01636
0.01636
0.01636
0.01636
0.01636
0.01636
0.01636
0.01636
0.01636
0.01636
0.01636
0.01636
0.01636
0.01636
0.01636
0.01636
0.01636
0.01636
0.01636
0.01636
0.01636
0.01636
0.01636
0.01636
0.01636
0.01636
0.01637
0.01638
0.01639
0.01642
0.01642
0.01642
0.01642
0.01642
0.01642
0.01645
0.01648
0.01648
0.01648
0.01648
0.01648
0.01648
0.01648
0.01648
0.01648
0.01648
0.01648
0.01648
0.01648
0.01648
0.01648
0.01648
0.01648
0.01648
0.01648
0.01648
0.01648
0.01648
0.01648
0.01648
0.01648
0.01648
0.01651
0.01654
0.01654
0.01654
0.01654
0.01656
0.01657
0.01660
0.01660
0.01660
0.01660
0.01660
0.01660
0.01660
0.01660
0.01660
0.01660
0.01660
0.01660
0.01660
0.01660
0.01660
0.01660
0.01660
0.01660
0.01660
0.01660
0.01660
0.01660
0.01660
0.01660
0.01660
0.01660
0.01660
0.01660
0.01660
0.01660
0.01660
0.01660
0.01660
0.01660
0.01660
0.01660
0.01660
0.01660
0.01660
0.01660
0.01660
0.01660
0.01660
0.01660
0.01660
0.01660
0.01660
0.01660
0.01660
0.01660
0.01660
0.01660
0.01660
0.01660
0.01660
0.01660
0.01660
0.01660
0.01660
0.01660
0.01660
0.01660
0.01660
0.01660
0.01660
0.01660
0.01660
0.01660
0.01660
0.01660
0.01660
0.01660
0.01660
0.01660
0.01660
0.01660
0.01660
0.01660
0.01660
0.01660
0.01660
0.01660
0.01663
0.01663
0.01663
0.01665
0.01666
0.01666
0.01666
0.01666
0.01669
0.01671
0.01672
0.01672
0.01672
0.01672
0.01672
0.01672
0.01672
0.01672
0.01672
0.01672
0.01672
0.01672
0.01672
0.01672
0.01672
0.01672
0.01672
0.01672
0.01672
0.01672
0.01672
0.01672
0.01672
0.01672
0.01672
0.01672
0.01672
0.01672
0.01672
0.01672
0.01672
0.01672
0.01672
0.01672
0.01674
0.01674
0.01676
0.01678
0.01678
0.01680
0.01682
0.01685
0.01685
0.01685
0.01685
0.01685
0.01685
0.01685
0.01685
0.01685
0.01685
0.01685
0.01685
0.01685
0.01685
0.01685
0.01685
0.01685
0.01685
0.01685
0.01685
0.01685
0.01685
0.01685
0.01685
0.01685
0.01685
0.01685
0.01685
0.01685
0.01685
0.01685
0.01685
0.01685
0.01685
0.01685
0.01685
0.01685
0.01685
0.01685
0.01685
0.01685
0.01685
0.01685
0.01685
0.01685
0.01685
0.01685
0.01685
0.01685
0.01685
0.01685
0.01685
0.01685
0.01685
0.01685
0.01685
0.01685
0.01685
0.01685
0.01685
0.01685
0.01685
0.01685
0.01685
0.01685
0.01685
0.01685
0.01685
0.01685
0.01685
0.01685
0.01685
0.01685
0.01685
0.01685
0.01685
0.01685
0.01685
0.01685
0.01685
0.01685
0.01685
0.01685
0.01685
0.01685
0.01685
0.01685
0.01685
0.01685
0.01685
0.01685
0.01685
0.01685
0.01685
0.01685
0.01685
0.01685
0.01685
0.01685
0.01688
0.01688
0.01689
0.01690
0.01691
0.01691
0.01691
0.01691
0.01691
0.01691
0.01694
0.01694
0.01694
0.01697
0.01697
0.01697
0.01697
0.01697
0.01697
0.01697
0.01697
0.01697
0.01697
0.01697
0.01697
0.01697
0.01697
0.01697
0.01697
0.01697
0.01697
0.01697
0.01697
0.01697
0.01697
0.01697
0.01697
0.01697
0.01697
0.01697
0.01697
0.01697
0.01699
0.01699
0.01703
0.01703
0.01703
0.01703
0.01703
0.01703
0.01703
0.01703
0.01703
0.01703
0.01703
0.01703
0.01703
0.01703
0.01703
0.01706
0.01706
0.01706
0.01707
0.01709
0.01709
0.01709
0.01709
0.01709
0.01709
0.01709
0.01709
0.01709
0.01709
0.01709
0.01709
0.01709
0.01709
0.01709
0.01709
0.01709
0.01709
0.01709
0.01709
0.01709
0.01709
0.01709
0.01709
0.01709
0.01709
0.01709
0.01709
0.01709
0.01709
0.01709
0.01709
0.01709
0.01709
0.01709
0.01709
0.01709
0.01709
0.01709
0.01709
0.01709
0.01709
0.01709
0.01709
0.01709
0.01709
0.01709
0.01709
0.01709
0.01709
0.01709
0.01709
0.01709
0.01709
0.01709
0.01709
0.01709
0.01709
0.01709
0.01709
0.01709
0.01709
0.01709
0.01709
0.01709
0.01709
0.01709
0.01709
0.01709
0.01709
0.01709
0.01709
0.01709
0.01709
0.01709
0.01709
0.01709
0.01709
0.01709
0.01709
0.01709
0.01709
0.01709
0.01709
0.01709
0.01709
0.01709
0.01709
0.01709
0.01709
0.01709
0.01709
0.01709
0.01709
0.01709
0.01709
0.01709
0.01709
0.01709
0.01709
0.01709
0.01709
0.01709
0.01709
0.01709
0.01712
0.01712
0.01714
0.01714
0.01714
0.01715
0.01715
0.01715
0.01715
0.01715
0.01715
0.01715
0.01715
0.01718
0.01718
0.01718
0.01718
0.01721
0.01721
0.01721
0.01721
0.01721
0.01721
0.01721
0.01721
0.01721
0.01721
0.01721
0.01721
0.01721
0.01721
0.01721
0.01721
0.01721
0.01721
0.01721
0.01721
0.01721
0.01721
0.01721
0.01721
0.01721
0.01721
0.01721
0.01721
0.01721
0.01721
0.01721
0.01721
0.01721
0.01721
0.01721
0.01721
0.01721
0.01721
0.01721
0.01721
0.01721
0.01721
0.01724
0.01727
0.01727
0.01727
0.01727
0.01727
0.01727
0.01727
0.01727
0.01727
0.01730
0.01732
0.01733
0.01733
0.01733
0.01733
0.01733
0.01733
0.01733
0.01733
0.01733
0.01733
0.01733
0.01733
0.01733
0.01733
0.01733
0.01733
0.01733
0.01733
0.01733
0.01733
0.01733
0.01733
0.01733
0.01733
0.01733
0.01733
0.01733
0.01733
0.01733
0.01733
0.01733
0.01733
0.01733
0.01733
0.01733
0.01733
0.01733
0.01733
0.01733
0.01733
0.01733
0.01733
0.01733
0.01733
0.01733
0.01733
0.01733
0.01733
0.01733
0.01733
0.01733
0.01733
0.01733
0.01733
0.01733
0.01733
0.01733
0.01733
0.01733
0.01733
0.01733
0.01733
0.01733
0.01733
0.01733
0.01733
0.01733
0.01733
0.01733
0.01733
0.01733
0.01733
0.01733
0.01733
0.01733
0.01733
0.01733
0.01733
0.01733
0.01733
0.01733
0.01733
0.01733
0.01733
0.01733
0.01733
0.01733
0.01733
0.01733
0.01733
0.01733
0.01733
0.01733
0.01733
0.01733
0.01733
0.01733
0.01733
0.01733
0.01733
0.01733
0.01733
0.01733
0.01733
0.01733
0.01733
0.01733
0.01733
0.01733
0.01733
0.01733
0.01733
0.01735
0.01736
0.01736
0.01736
0.01736
0.01740
0.01740
0.01740
0.01740
0.01740
0.01740
0.01740
0.01740
0.01740
0.01740
0.01740
0.01741
0.01741
0.01743
0.01744
0.01744
0.01746
0.01746
0.01746
0.01746
0.01746
0.01746
0.01746
0.01746
0.01746
0.01746
0.01746
0.01746
0.01746
0.01746
0.01746
0.01746
0.01746
0.01746
0.01746
0.01746
0.01746
0.01746
0.01746
0.01746
0.01746
0.01746
0.01746
0.01746
0.01746
0.01746
0.01747
0.01748
0.01749
0.01749
0.01749
0.01749
0.01749
0.01750
0.01752
0.01752
0.01752
0.01752
0.01753
0.01754
0.01755
0.01757
0.01757
0.01758
0.01758
0.01758
0.01758
0.01758
0.01758
0.01758
0.01758
0.01758
0.01758
0.01758
0.01758
0.01758
0.01758
0.01758
0.01758
0.01758
0.01758
0.01758
0.01758
0.01758
0.01758
0.01758
0.01758
0.01758
0.01758
0.01758
0.01758
0.01758
0.01758
0.01758
0.01758
0.01758
0.01758
0.01758
0.01758
0.01758
0.01758
0.01758
0.01758
0.01758
0.01758
0.01758
0.01758
0.01758
0.01758
0.01758
0.01758
0.01758
0.01758
0.01758
0.01758
0.01758
0.01758
0.01758
0.01758
0.01758
0.01758
0.01758
0.01758
0.01758
0.01758
0.01758
0.01758
0.01758
0.01758
0.01758
0.01758
0.01758
0.01758
0.01758
0.01758
0.01758
0.01758
0.01758
0.01758
0.01758
0.01758
0.01758
0.01758
0.01758
0.01758
0.01758
0.01758
0.01758
0.01758
0.01758
0.01758
0.01758
0.01758
0.01758
0.01758
0.01758
0.01758
0.01758
0.01758
0.01758
0.01758
0.01758
0.01758
0.01758
0.01758
0.01758
0.01758
0.01758
0.01758
0.01758
0.01758
0.01758
0.01758
0.01758
0.01758
0.01758
0.01758
0.01758
0.01758
0.01758
0.01758
0.01758
0.01758
0.01758
0.01758
0.01758
0.01758
0.01759
0.01759
0.01761
0.01761
0.01761
0.01761
0.01761
0.01762
0.01762
0.01762
0.01764
0.01764
0.01764
0.01764
0.01764
0.01764
0.01764
0.01764
0.01765
0.01766
0.01767
0.01767
0.01770
0.01770
0.01770
0.01770
0.01770
0.01770
0.01770
0.01770
0.01770
0.01770
0.01770
0.01770
0.01770
0.01770
0.01770
0.01770
0.01770
0.01770
0.01770
0.01770
0.01770
0.01770
0.01770
0.01770
0.01770
0.01770
0.01770
0.01770
0.01770
0.01770
0.01770
0.01770
0.01770
0.01770
0.01770
0.01770
0.01770
0.01770
0.01770
0.01770
0.01770
0.01770
0.01770
0.01770
0.01770
0.01770
0.01770
0.01770
0.01773
0.01773
0.01773
0.01774
0.01775
0.01776
0.01776
0.01776
0.01776
0.01776
0.01776
0.01776
0.01776
0.01776
0.01776
0.01776
0.01776
0.01779
0.01779
0.01779
0.01779
0.01779
0.01779
0.01780
0.01781
0.01782
0.01782
0.01782
0.01782
0.01782
0.01782
0.01782
0.01782
0.01782
0.01782
0.01782
0.01782
0.01782
0.01782
0.01782
0.01782
0.01782
0.01782
0.01782
0.01782
0.01782
0.01782
0.01782
0.01782
0.01782
0.01782
0.01782
0.01782
0.01782
0.01782
0.01782
0.01782
0.01782
0.01782
0.01782
0.01782
0.01782
0.01782
0.01782
0.01782
0.01782
0.01782
0.01782
0.01782
0.01782
0.01782
0.01782
0.01782
0.01782
0.01782
0.01782
0.01782
0.01782
0.01782
0.01782
0.01782
0.01782
0.01782
0.01782
0.01782
0.01782
0.01782
0.01782
0.01782
0.01782
0.01782
0.01782
0.01782
0.01782
0.01782
0.01782
0.01782
0.01782
0.01782
0.01782
0.01782
0.01782
0.01782
0.01782
0.01782
0.01782
0.01782
0.01782
0.01782
0.01782
0.01782
0.01782
0.01782
0.01782
0.01782
0.01782
0.01782
0.01782
0.01782
0.01782
0.01782
0.01782
0.01782
0.01782
0.01782
0.01782
0.01782
0.01782
0.01782
0.01782
0.01782
0.01782
0.01782
0.01782
0.01782
0.01782
0.01782
0.01782
0.01782
0.01782
0.01782
0.01782
0.01782
0.01782
0.01782
0.01782
0.01782
0.01782
0.01782
0.01782
0.01782
0.01782
0.01782
0.01782
0.01782
0.01782
0.01782
0.01782
0.01782
0.01784
0.01785
0.01785
0.01785
0.01785
0.01788
0.01788
0.01788
0.01788
0.01788
0.01788
0.01788
0.01788
0.01789
0.01790
0.01791
0.01791
0.01791
0.01793
0.01793
0.01793
0.01794
0.01794
0.01794
0.01794
0.01794
0.01794
0.01794
0.01794
0.01794
0.01794
0.01794
0.01794
0.01794
0.01794
0.01794
0.01794
0.01794
0.01794
0.01794
0.01794
0.01794
0.01794
0.01794
0.01794
0.01794
0.01794
0.01794
0.01794
0.01794
0.01794
0.01794
0.01794
0.01794
0.01794
0.01794
0.01794
0.01794
0.01794
0.01794
0.01794
0.01794
0.01797
0.01797
0.01797
0.01797
0.01801
0.01801
0.01801
0.01801
0.01801
0.01801
0.01801
0.01801
0.01802
0.01803
0.01804
0.01804
0.01804
0.01807
0.01807
0.01807
0.01807
0.01807
0.01807
0.01807
0.01807
0.01807
0.01807
0.01807
0.01807
0.01807
0.01807
0.01807
0.01807
0.01807
0.01807
0.01807
0.01807
0.01807
0.01807
0.01807
0.01807
0.01807
0.01807
0.01807
0.01807
0.01807
0.01807
0.01807
0.01807
0.01807
0.01807
0.01807
0.01807
0.01807
0.01807
0.01807
0.01807
0.01807
0.01807
0.01807
0.01807
0.01807
0.01807
0.01807
0.01807
0.01807
0.01807
0.01807
0.01807
0.01807
0.01807
0.01807
0.01807
0.01807
0.01807
0.01807
0.01807
0.01807
0.01807
0.01807
0.01807
0.01807
0.01807
0.01807
0.01807
0.01807
0.01807
0.01807
0.01807
0.01807
0.01807
0.01807
0.01807
0.01807
0.01807
0.01807
0.01807
0.01807
0.01807
0.01807
0.01807
0.01807
0.01807
0.01807
0.01807
0.01807
0.01807
0.01807
0.01807
0.01807
0.01807
0.01807
0.01807
0.01807
0.01807
0.01807
0.01807
0.01807
0.01807
0.01807
0.01807
0.01807
0.01807
0.01807
0.01807
0.01807
0.01807
0.01807
0.01807
0.01807
0.01807
0.01807
0.01807
0.01807
0.01807
0.01807
0.01807
0.01807
0.01807
0.01807
0.01807
0.01807
0.01807
0.01807
0.01807
0.01810
0.01810
0.01813
0.01813
0.01813
0.01813
0.01813
0.01813
0.01813
0.01813
0.01813
0.01813
0.01813
0.01813
0.01813
0.01813
0.01813
0.01813
0.01816
0.01816
0.01817
0.01817
0.01819
0.01819
0.01819
0.01819
0.01819
0.01819
0.01819
0.01819
0.01819
0.01819
0.01819
0.01819
0.01819
0.01819
0.01819
0.01819
0.01819
0.01819
0.01819
0.01819
0.01819
0.01819
0.01819
0.01819
0.01819
0.01819
0.01819
0.01819
0.01819
0.01819
0.01819
0.01819
0.01819
0.01819
0.01819
0.01819
0.01819
0.01819
0.01820
0.01822
0.01823
0.01825
0.01825
0.01825
0.01825
0.01825
0.01825
0.01825
0.01825
0.01826
0.01826
0.01827
0.01828
0.01828
0.01830
0.01831
0.01831
0.01831
0.01831
0.01831
0.01831
0.01831
0.01831
0.01831
0.01831
0.01831
0.01831
0.01831
0.01831
0.01831
0.01831
0.01831
0.01831
0.01831
0.01831
0.01831
0.01831
0.01831
0.01831
0.01831
0.01831
0.01831
0.01831
0.01831
0.01831
0.01831
0.01831
0.01831
0.01831
0.01831
0.01831
0.01831
0.01831
0.01831
0.01831
0.01831
0.01831
0.01831
0.01831
0.01831
0.01831
0.01831
0.01831
0.01831
0.01831
0.01831
0.01831
0.01831
0.01831
0.01831
0.01831
0.01831
0.01831
0.01831
0.01831
0.01831
0.01831
0.01831
0.01831
0.01831
0.01831
0.01831
0.01831
0.01831
0.01831
0.01831
0.01831
0.01831
0.01831
0.01831
0.01831
0.01831
0.01831
0.01831
0.01831
0.01831
0.01831
0.01831
0.01831
0.01831
0.01831
0.01831
0.01831
0.01831
0.01831
0.01831
0.01831
0.01831
0.01831
0.01831
0.01831
0.01831
0.01831
0.01831
0.01831
0.01831
0.01831
0.01831
0.01831
0.01831
0.01831
0.01831
0.01831
0.01831
0.01831
0.01831
0.01831
0.01831
0.01831
0.01831
0.01831
0.01831
0.01831
0.01831
0.01831
0.01831
0.01831
0.01831
0.01831
0.01831
0.01831
0.01831
0.01831
0.01831
0.01831
0.01831
0.01831
0.01831
0.01831
0.01831
0.01831
0.01831
0.01831
0.01831
0.01831
0.01831
0.01831
0.01831
0.01831
0.01831
0.01831
0.01831
0.01831
0.01831
0.01832
0.01834
0.01834
0.01834
0.01834
0.01834
0.01834
0.01837
0.01837
0.01837
0.01837
0.01837
0.01837
0.01837
0.01837
0.01837
0.01837
0.01837
0.01837
0.01837
0.01837
0.01837
0.01839
0.01839
0.01840
0.01843
0.01843
0.01843
0.01843
0.01843
0.01843
0.01843
0.01843
0.01843
0.01843
0.01843
0.01843
0.01843
0.01843
0.01843
0.01843
0.01843
0.01843
0.01843
0.01843
0.01843
0.01843
0.01843
0.01843
0.01843
0.01843
0.01843
0.01843
0.01843
0.01843
0.01843
0.01843
0.01843
0.01843
0.01843
0.01843
0.01843
0.01843
0.01843
0.01843
0.01843
0.01843
0.01843
0.01843
0.01843
0.01843
0.01843
0.01843
0.01843
0.01843
0.01843
0.01843
0.01843
0.01843
0.01846
0.01846
0.01846
0.01846
0.01846
0.01847
0.01849
0.01849
0.01849
0.01849
0.01849
0.01849
0.01849
0.01849
0.01849
0.01849
0.01852
0.01852
0.01852
0.01853
0.01854
0.01855
0.01855
0.01855
0.01855
0.01855
0.01855
0.01855
0.01855
0.01855
0.01855
0.01855
0.01855
0.01855
0.01855
0.01855
0.01855
0.01855
0.01855
0.01855
0.01855
0.01855
0.01855
0.01855
0.01855
0.01855
0.01855
0.01855
0.01855
0.01855
0.01855
0.01855
0.01855
0.01855
0.01855
0.01855
0.01855
0.01855
0.01855
0.01855
0.01855
0.01855
0.01855
0.01855
0.01855
0.01855
0.01855
0.01855
0.01855
0.01855
0.01855
0.01855
0.01855
0.01855
0.01855
0.01855
0.01855
0.01855
0.01855
0.01855
0.01855
0.01855
0.01855
0.01855
0.01855
0.01855
0.01855
0.01855
0.01855
0.01855
0.01855
0.01855
0.01855
0.01855
0.01855
0.01855
0.01855
0.01855
0.01855
0.01855
0.01855
0.01855
0.01855
0.01855
0.01855
0.01855
0.01855
0.01855
0.01855
0.01855
0.01855
0.01855
0.01855
0.01855
0.01855
0.01855
0.01855
0.01855
0.01855
0.01855
0.01855
0.01855
0.01855
0.01855
0.01855
0.01855
0.01855
0.01855
0.01855
0.01855
0.01855
0.01855
0.01855
0.01855
0.01855
0.01855
0.01855
0.01855
0.01855
0.01855
0.01855
0.01855
0.01855
0.01855
0.01855
0.01855
0.01855
0.01855
0.01855
0.01855
0.01855
0.01855
0.01855
0.01855
0.01855
0.01855
0.01855
0.01855
0.01855
0.01855
0.01855
0.01859
0.01859
0.01859
0.01860
0.01862
0.01862
0.01862
0.01862
0.01862
0.01862
0.01862
0.01862
0.01862
0.01862
0.01862
0.01862
0.01862
0.01862
0.01862
0.01865
0.01865
0.01865
0.01865
0.01866
0.01866
0.01868
0.01868
0.01868
0.01868
0.01868
0.01868
0.01868
0.01868
0.01868
0.01868
0.01868
0.01868
0.01868
0.01868
0.01868
0.01868
0.01868
0.01868
0.01868
0.01868
0.01868
0.01868
0.01868
0.01868
0.01868
0.01868
0.01868
0.01868
0.01868
0.01868
0.01868
0.01868
0.01868
0.01868
0.01868
0.01868
0.01868
0.01868
0.01868
0.01868
0.01868
0.01868
0.01869
0.01869
0.01871
0.01871
0.01871
0.01871
0.01872
0.01874
0.01874
0.01874
0.01874
0.01874
0.01874
0.01874
0.01874
0.01874
0.01874
0.01874
0.01874
0.01874
0.01874
0.01874
0.01875
0.01875
0.01877
0.01877
0.01877
0.01877
0.01877
0.01880
0.01880
0.01880
0.01880
0.01880
0.01880
0.01880
0.01880
0.01880
0.01880
0.01880
0.01880
0.01880
0.01880
0.01880
0.01880
0.01880
0.01880
0.01880
0.01880
0.01880
0.01880
0.01880
0.01880
0.01880
0.01880
0.01880
0.01880
0.01880
0.01880
0.01880
0.01880
0.01880
0.01880
0.01880
0.01880
0.01880
0.01880
0.01880
0.01880
0.01880
0.01880
0.01880
0.01880
0.01880
0.01880
0.01880
0.01880
0.01880
0.01880
0.01880
0.01880
0.01880
0.01880
0.01880
0.01880
0.01880
0.01880
0.01880
0.01880
0.01880
0.01880
0.01880
0.01880
0.01880
0.01880
0.01880
0.01880
0.01880
0.01880
0.01880
0.01880
0.01880
0.01880
0.01880
0.01880
0.01880
0.01880
0.01880
0.01880
0.01880
0.01880
0.01880
0.01880
0.01880
0.01880
0.01880
0.01880
0.01880
0.01880
0.01880
0.01880
0.01880
0.01880
0.01880
0.01880
0.01880
0.01880
0.01880
0.01880
0.01880
0.01880
0.01880
0.01880
0.01880
0.01880
0.01880
0.01880
0.01880
0.01880
0.01880
0.01880
0.01880
0.01880
0.01880
0.01880
0.01880
0.01880
0.01880
0.01880
0.01880
0.01880
0.01880
0.01880
0.01880
0.01880
0.01880
0.01880
0.01880
0.01880
0.01880
0.01880
0.01880
0.01880
0.01880
0.01880
0.01880
0.01880
0.01880
0.01880
0.01880
0.01880
0.01880
0.01880
0.01880
0.01880
0.01880
0.01880
0.01880
0.01880
0.01880
0.01880
0.01880
0.01880
0.01880
0.01880
0.01880
0.01880
0.01880
0.01886
0.01886
0.01886
0.01886
0.01886
0.01886
0.01886
0.01886
0.01886
0.01887
0.01889
0.01889
0.01889
0.01889
0.01891
0.01892
0.01892
0.01892
0.01892
0.01892
0.01892
0.01892
0.01892
0.01892
0.01892
0.01892
0.01892
0.01892
0.01892
0.01892
0.01892
0.01892
0.01892
0.01892
0.01892
0.01892
0.01892
0.01892
0.01892
0.01892
0.01892
0.01892
0.01892
0.01892
0.01892
0.01892
0.01892
0.01892
0.01892
0.01892
0.01892
0.01892
0.01892
0.01892
0.01892
0.01892
0.01892
0.01892
0.01894
0.01894
0.01894
0.01895
0.01895
0.01895
0.01898
0.01898
0.01898
0.01898
0.01898
0.01898
0.01898
0.01898
0.01898
0.01900
0.01901
0.01903
0.01904
0.01904
0.01904
0.01904
0.01904
0.01904
0.01904
0.01904
0.01904
0.01904
0.01904
0.01904
0.01904
0.01904
0.01904
0.01904
0.01904
0.01904
0.01904
0.01904
0.01904
0.01904
0.01904
0.01904
0.01904
0.01904
0.01904
0.01904
0.01904
0.01904
0.01904
0.01904
0.01904
0.01904
0.01904
0.01904
0.01904
0.01904
0.01904
0.01904
0.01904
0.01904
0.01904
0.01904
0.01904
0.01904
0.01904
0.01904
0.01904
0.01904
0.01904
0.01904
0.01904
0.01904
0.01904
0.01904
0.01904
0.01904
0.01904
0.01904
0.01904
0.01904
0.01904
0.01904
0.01904
0.01904
0.01904
0.01904
0.01904
0.01904
0.01904
0.01904
0.01904
0.01904
0.01904
0.01904
0.01904
0.01904
0.01904
0.01904
0.01904
0.01904
0.01904
0.01904
0.01904
0.01904
0.01904
0.01904
0.01904
0.01904
0.01904
0.01904
0.01904
0.01904
0.01904
0.01904
0.01904
0.01904
0.01904
0.01904
0.01904
0.01904
0.01904
0.01904
0.01904
0.01904
0.01904
0.01904
0.01904
0.01904
0.01904
0.01904
0.01904
0.01904
0.01904
0.01904
0.01904
0.01904
0.01904
0.01904
0.01904
0.01904
0.01904
0.01904
0.01904
0.01904
0.01904
0.01904
0.01904
0.01904
0.01904
0.01904
0.01904
0.01904
0.01904
0.01904
0.01904
0.01904
0.01904
0.01904
0.01904
0.01904
0.01904
0.01904
0.01904
0.01904
0.01904
0.01904
0.01904
0.01904
0.01904
0.01904
0.01904
0.01904
0.01907
0.01907
0.01907
0.01910
0.01910
0.01910
0.01910
0.01910
0.01910
0.01910
0.01910
0.01910
0.01910
0.01910
0.01911
0.01912
0.01913
0.01917
0.01917
0.01917
0.01917
0.01917
0.01917
0.01917
0.01917
0.01917
0.01917
0.01917
0.01917
0.01917
0.01917
0.01917
0.01917
0.01917
0.01917
0.01917
0.01917
0.01917
0.01917
0.01917
0.01917
0.01917
0.01917
0.01917
0.01917
0.01917
0.01917
0.01917
0.01917
0.01917
0.01917
0.01917
0.01917
0.01917
0.01917
0.01917
0.01917
0.01917
0.01917
0.01917
0.01917
0.01917
0.01917
0.01917
0.01917
0.01917
0.01918
0.01918
0.01918
0.01918
0.01919
0.01920
0.01921
0.01923
0.01923
0.01923
0.01923
0.01923
0.01923
0.01923
0.01923
0.01923
0.01923
0.01923
0.01923
0.01923
0.01923
0.01926
0.01926
0.01926
0.01926
0.01928
0.01929
0.01929
0.01929
0.01929
0.01929
0.01929
0.01929
0.01929
0.01929
0.01929
0.01929
0.01929
0.01929
0.01929
0.01929
0.01929
0.01929
0.01929
0.01929
0.01929
0.01929
0.01929
0.01929
0.01929
0.01929
0.01929
0.01929
0.01929
0.01929
0.01929
0.01929
0.01929
0.01929
0.01929
0.01929
0.01929
0.01929
0.01929
0.01929
0.01929
0.01929
0.01929
0.01929
0.01929
0.01929
0.01929
0.01929
0.01929
0.01929
0.01929
0.01929
0.01929
0.01929
0.01929
0.01929
0.01929
0.01929
0.01929
0.01929
0.01929
0.01929
0.01929
0.01929
0.01929
0.01929
0.01929
0.01929
0.01929
0.01929
0.01929
0.01929
0.01929
0.01929
0.01929
0.01929
0.01929
0.01929
0.01929
0.01929
0.01929
0.01929
0.01929
0.01929
0.01929
0.01929
0.01929
0.01929
0.01929
0.01929
0.01929
0.01929
0.01929
0.01929
0.01929
0.01929
0.01929
0.01929
0.01929
0.01929
0.01929
0.01929
0.01929
0.01929
0.01929
0.01929
0.01929
0.01929
0.01929
0.01929
0.01929
0.01929
0.01929
0.01929
0.01929
0.01929
0.01929
0.01929
0.01929
0.01929
0.01929
0.01929
0.01929
0.01929
0.01929
0.01929
0.01929
0.01929
0.01929
0.01929
0.01929
0.01929
0.01929
0.01929
0.01929
0.01932
0.01933
0.01934
0.01935
0.01935
0.01935
0.01935
0.01935
0.01935
0.01936
0.01938
0.01938
0.01938
0.01938
0.01938
0.01939
0.01941
0.01941
0.01941
0.01941
0.01941
0.01941
0.01941
0.01941
0.01941
0.01941
0.01941
0.01941
0.01941
0.01941
0.01941
0.01941
0.01941
0.01941
0.01941
0.01941
0.01941
0.01941
0.01941
0.01941
0.01941
0.01941
0.01941
0.01941
0.01941
0.01941
0.01941
0.01941
0.01941
0.01941
0.01941
0.01941
0.01941
0.01941
0.01941
0.01941
0.01941
0.01942
0.01944
0.01944
0.01944
0.01947
0.01947
0.01947
0.01947
0.01947
0.01947
0.01947
0.01947
0.01947
0.01947
0.01947
0.01947
0.01947
0.01947
0.01947
0.01947
0.01949
0.01949
0.01950
0.01950
0.01950
0.01953
0.01953
0.01953
0.01953
0.01953
0.01953
0.01953
0.01953
0.01953
0.01953
0.01953
0.01953
0.01953
0.01953
0.01953
0.01953
0.01953
0.01953
0.01953
0.01953
0.01953
0.01953
0.01953
0.01953
0.01953
0.01953
0.01953
0.01953
0.01953
0.01953
0.01953
0.01953
0.01953
0.01953
0.01953
0.01953
0.01953
0.01953
0.01953
0.01953
0.01953
0.01953
0.01953
0.01953
0.01953
0.01953
0.01953
0.01953
0.01953
0.01953
0.01953
0.01953
0.01953
0.01953
0.01953
0.01953
0.01953
0.01953
0.01953
0.01953
0.01953
0.01953
0.01953
0.01953
0.01953
0.01953
0.01953
0.01953
0.01953
0.01953
0.01953
0.01953
0.01953
0.01953
0.01953
0.01953
0.01953
0.01953
0.01953
0.01953
0.01953
0.01953
0.01953
0.01953
0.01953
0.01953
0.01953
0.01953
0.01953
0.01953
0.01953
0.01953
0.01953
0.01953
0.01953
0.01953
0.01953
0.01953
0.01953
0.01953
0.01953
0.01953
0.01953
0.01953
0.01953
0.01953
0.01953
0.01953
0.01953
0.01953
0.01953
0.01953
0.01953
0.01953
0.01953
0.01953
0.01954
0.01955
0.01956
0.01956
0.01956
0.01959
0.01959
0.01959
0.01959
0.01959
0.01959
0.01959
0.01959
0.01959
0.01959
0.01959
0.01959
0.01961
0.01961
0.01962
0.01962
0.01965
0.01965
0.01965
0.01965
0.01965
0.01965
0.01965
0.01965
0.01965
0.01965
0.01965
0.01965
0.01965
0.01965
0.01965
0.01965
0.01965
0.01965
0.01965
0.01965
0.01965
0.01965
0.01965
0.01965
0.01965
0.01965
0.01965
0.01965
0.01965
0.01965
0.01965
0.01965
0.01965
0.01965
0.01965
0.01965
0.01965
0.01965
0.01965
0.01965
0.01967
0.01970
0.01971
0.01971
0.01971
0.01971
0.01971
0.01971
0.01971
0.01971
0.01971
0.01971
0.01973
0.01974
0.01976
0.01978
0.01978
0.01978
0.01978
0.01978
0.01978
0.01978
0.01978
0.01978
0.01978
0.01978
0.01978
0.01978
0.01978
0.01978
0.01978
0.01978
0.01978
0.01978
0.01978
0.01978
0.01978
0.01978
0.01978
0.01978
0.01978
0.01978
0.01978
0.01978
0.01978
0.01978
0.01978
0.01978
0.01978
0.01978
0.01978
0.01978
0.01978
0.01978
0.01978
0.01978
0.01978
0.01978
0.01978
0.01978
0.01978
0.01978
0.01978
0.01978
0.01978
0.01978
0.01978
0.01978
0.01978
0.01978
0.01978
0.01978
0.01978
0.01978
0.01978
0.01978
0.01978
0.01978
0.01978
0.01978
0.01978
0.01978
0.01978
0.01978
0.01978
0.01978
0.01978
0.01978
0.01978
0.01978
0.01978
0.01978
0.01978
0.01978
0.01978
0.01978
0.01978
0.01978
0.01978
0.01978
0.01978
0.01978
0.01978
0.01978
0.01978
0.01978
0.01978
0.01978
0.01978
0.01978
0.01978
0.01978
0.01978
0.01978
0.01978
0.01978
0.01978
0.01978
0.01978
0.01978
0.01978
0.01978
0.01978
0.01978
0.01978
0.01978
0.01978
0.01978
0.01978
0.01978
0.01978
0.01978
0.01978
0.01978
0.01978
0.01978
0.01978
0.01978
0.01984
0.01984
0.01984
0.01984
0.01984
0.01984
0.01984
0.01984
0.01984
0.01987
0.01987
0.01990
0.01990
0.01990
0.01990
0.01990
0.01990
0.01990
0.01990
0.01990
0.01990
0.01990
0.01990
0.01990
0.01990
0.01990
0.01990
0.01990
0.01990
0.01990
0.01990
0.01990
0.01990
0.01990
0.01990
0.01990
0.01990
0.01990
0.01990
0.01990
0.01990
0.01990
0.01990
0.01990
0.01990
0.01990
0.01990
0.01990
0.01990
0.01990
0.01990
0.01990
0.01990
0.01993
0.01996
0.01996
0.01996
0.01996
0.01996
0.01996
0.01999
0.01999
0.02001
0.02002
0.02002
0.02002
0.02002
0.02002
0.02002
0.02002
0.02002
0.02002
0.02002
0.02002
0.02002
0.02002
0.02002
0.02002
0.02002
0.02002
0.02002
0.02002
0.02002
0.02002
0.02002
0.02002
0.02002
0.02002
0.02002
0.02002
0.02002
0.02002
0.02002
0.02002
0.02002
0.02002
0.02002
0.02002
0.02002
0.02002
0.02002
0.02002
0.02002
0.02002
0.02002
0.02002
0.02002
0.02002
0.02002
0.02002
0.02002
0.02002
0.02002
0.02002
0.02002
0.02002
0.02002
0.02002
0.02002
0.02002
0.02002
0.02002
0.02002
0.02002
0.02002
0.02002
0.02002
0.02002
0.02002
0.02002
0.02002
0.02002
0.02002
0.02002
0.02002
0.02002
0.02002
0.02002
0.02002
0.02002
0.02002
0.02002
0.02002
0.02002
0.02002
0.02002
0.02002
0.02002
0.02002
0.02002
0.02002
0.02002
0.02002
0.02002
0.02002
0.02002
0.02002
0.02002
0.02002
0.02002
0.02003
0.02005
0.02005
0.02007
0.02008
0.02008
0.02008
0.02008
0.02008
0.02011
0.02013
0.02014
0.02014
0.02014
0.02014
0.02014
0.02014
0.02014
0.02014
0.02014
0.02014
0.02014
0.02014
0.02014
0.02014
0.02014
0.02014
0.02014
0.02014
0.02014
0.02014
0.02014
0.02014
0.02014
0.02014
0.02014
0.02014
0.02014
0.02014
0.02014
0.02014
0.02016
0.02017
0.02018
0.02019
0.02019
0.02020
0.02020
0.02020
0.02020
0.02020
0.02020
0.02023
0.02023
0.02025
0.02026
0.02026
0.02026
0.02026
0.02026
0.02026
0.02026
0.02026
0.02026
0.02026
0.02026
0.02026
0.02026
0.02026
0.02026
0.02026
0.02026
0.02026
0.02026
0.02026
0.02026
0.02026
0.02026
0.02026
0.02026
0.02026
0.02026
0.02026
0.02026
0.02026
0.02026
0.02026
0.02026
0.02026
0.02026
0.02026
0.02026
0.02026
0.02026
0.02026
0.02026
0.02026
0.02026
0.02026
0.02026
0.02026
0.02026
0.02026
0.02026
0.02026
0.02026
0.02026
0.02026
0.02026
0.02026
0.02026
0.02026
0.02026
0.02026
0.02026
0.02026
0.02026
0.02026
0.02026
0.02026
0.02026
0.02026
0.02026
0.02026
0.02026
0.02026
0.02026
0.02026
0.02026
0.02026
0.02026
0.02026
0.02026
0.02026
0.02026
0.02026
0.02026
0.02026
0.02026
0.02026
0.02026
0.02026
0.02026
0.02026
0.02026
0.02026
0.02026
0.02026
0.02026
0.02026
0.02026
0.02026
0.02026
0.02026
0.02026
0.02026
0.02026
0.02026
0.02026
0.02026
0.02026
0.02026
0.02026
0.02026
0.02026
0.02026
0.02026
0.02026
0.02026
0.02026
0.02026
0.02026
0.02026
0.02029
0.02032
0.02032
0.02032
0.02032
0.02032
0.02032
0.02035
0.02036
0.02038
0.02039
0.02039
0.02039
0.02039
0.02039
0.02039
0.02039
0.02039
0.02039
0.02039
0.02039
0.02039
0.02039
0.02039
0.02039
0.02039
0.02039
0.02039
0.02039
0.02039
0.02039
0.02039
0.02040
0.02045
0.02045
0.02045
0.02048
0.02048
0.02051
0.02051
0.02051
0.02051
0.02051
0.02051
0.02051
0.02051
0.02051
0.02051
0.02051
0.02051
0.02051
0.02051
0.02051
0.02051
0.02051
0.02051
0.02051
0.02051
0.02051
0.02051
0.02051
0.02051
0.02051
0.02051
0.02051
0.02051
0.02051
0.02051
0.02051
0.02051
0.02051
0.02051
0.02051
0.02051
0.02051
0.02051
0.02051
0.02051
0.02051
0.02051
0.02051
0.02051
0.02051
0.02051
0.02051
0.02051
0.02051
0.02051
0.02051
0.02051
0.02051
0.02051
0.02051
0.02051
0.02051
0.02051
0.02051
0.02051
0.02051
0.02051
0.02051
0.02051
0.02051
0.02051
0.02051
0.02051
0.02051
0.02051
0.02051
0.02051
0.02051
0.02051
0.02051
0.02051
0.02054
0.02054
0.02054
0.02055
0.02057
0.02057
0.02057
0.02057
0.02057
0.02057
0.02057
0.02057
0.02057
0.02060
0.02060
0.02060
0.02060
0.02063
0.02063
0.02063
0.02063
0.02063
0.02063
0.02063
0.02063
0.02063
0.02063
0.02063
0.02063
0.02063
0.02063
0.02063
0.02063
0.02063
0.02063
0.02063
0.02063
0.02063
0.02063
0.02063
0.02063
0.02063
0.02063
0.02063
0.02063
0.02065
0.02068
0.02069
0.02069
0.02069
0.02069
0.02069
0.02071
0.02073
0.02075
0.02075
0.02075
0.02075
0.02075
0.02075
0.02075
0.02075
0.02075
0.02075
0.02075
0.02075
0.02075
0.02075
0.02075
0.02075
0.02075
0.02075
0.02075
0.02075
0.02075
0.02075
0.02075
0.02075
0.02075
0.02075
0.02075
0.02075
0.02075
0.02075
0.02075
0.02075
0.02075
0.02075
0.02075
0.02075
0.02075
0.02075
0.02075
0.02075
0.02075
0.02075
0.02075
0.02075
0.02075
0.02075
0.02075
0.02075
0.02075
0.02075
0.02075
0.02075
0.02075
0.02075
0.02075
0.02075
0.02075
0.02075
0.02075
0.02075
0.02075
0.02075
0.02075
0.02075
0.02075
0.02075
0.02075
0.02075
0.02075
0.02075
0.02075
0.02075
0.02075
0.02075
0.02075
0.02075
0.02075
0.02075
0.02075
0.02075
0.02075
0.02075
0.02077
0.02079
0.02080
0.02081
0.02081
0.02081
0.02081
0.02081
0.02081
0.02081
0.02081
0.02081
0.02081
0.02084
0.02086
0.02087
0.02087
0.02087
0.02087
0.02087
0.02087
0.02087
0.02087
0.02087
0.02087
0.02087
0.02087
0.02087
0.02087
0.02087
0.02087
0.02087
0.02087
0.02087
0.02089
0.02090
0.02094
0.02094
0.02094
0.02094
0.02094
0.02097
0.02097
0.02097
0.02100
0.02100
0.02100
0.02100
0.02100
0.02100
0.02100
0.02100
0.02100
0.02100
0.02100
0.02100
0.02100
0.02100
0.02100
0.02100
0.02100
0.02100
0.02100
0.02100
0.02100
0.02100
0.02100
0.02100
0.02100
0.02100
0.02100
0.02100
0.02100
0.02100
0.02100
0.02100
0.02100
0.02100
0.02100
0.02100
0.02100
0.02100
0.02100
0.02100
0.02100
0.02100
0.02100
0.02100
0.02100
0.02100
0.02100
0.02100
0.02100
0.02100
0.02100
0.02100
0.02100
0.02100
0.02100
0.02100
0.02100
0.02100
0.02100
0.02101
0.02103
0.02104
0.02106
0.02106
0.02106
0.02107
0.02109
0.02109
0.02109
0.02110
0.02112
0.02112
0.02112
0.02112
0.02112
0.02112
0.02112
0.02112
0.02112
0.02112
0.02112
0.02112
0.02112
0.02112
0.02112
0.02116
0.02117
0.02118
0.02118
0.02118
0.02122
0.02124
0.02124
0.02124
0.02124
0.02124
0.02124
0.02124
0.02124
0.02124
0.02124
0.02124
0.02124
0.02124
0.02124
0.02124
0.02124
0.02124
0.02124
0.02124
0.02124
0.02124
0.02124
0.02124
0.02124
0.02124
0.02124
0.02124
0.02124
0.02124
0.02124
0.02124
0.02124
0.02124
0.02124
0.02124
0.02124
0.02124
0.02124
0.02124
0.02124
0.02124
0.02124
0.02124
0.02124
0.02124
0.02124
0.02124
0.02124
0.02124
0.02124
0.02124
0.02124
0.02124
0.02124
0.02124
0.02124
0.02124
0.02124
0.02124
0.02124
0.02124
0.02124
0.02124
0.02124
0.02124
0.02124
0.02124
0.02124
0.02124
0.02127
0.02127
0.02127
0.02130
0.02130
0.02130
0.02130
0.02133
0.02133
0.02133
0.02136
0.02136
0.02136
0.02136
0.02136
0.02136
0.02136
0.02136
0.02136
0.02139
0.02139
0.02139
0.02140
0.02142
0.02142
0.02145
0.02148
0.02148
0.02148
0.02148
0.02148
0.02148
0.02148
0.02148
0.02148
0.02148
0.02148
0.02148
0.02148
0.02148
0.02148
0.02148
0.02148
0.02148
0.02148
0.02148
0.02148
0.02148
0.02148
0.02148
0.02148
0.02148
0.02148
0.02148
0.02148
0.02148
0.02148
0.02148
0.02148
0.02148
0.02148
0.02148
0.02148
0.02148
0.02148
0.02148
0.02148
0.02148
0.02148
0.02148
0.02148
0.02148
0.02148
0.02148
0.02148
0.02148
0.02148
0.02148
0.02148
0.02148
0.02151
0.02155
0.02155
0.02155
0.02159
0.02161
0.02161
0.02161
0.02161
0.02161
0.02161
0.02161
0.02161
0.02161
0.02161
0.02161
0.02161
0.02164
0.02167
0.02167
0.02167
0.02167
0.02173
0.02173
0.02173
0.02173
0.02173
0.02173
0.02173
0.02173
0.02173
0.02173
0.02173
0.02173
0.02173
0.02173
0.02173
0.02173
0.02173
0.02173
0.02173
0.02173
0.02173
0.02173
0.02173
0.02173
0.02173
0.02173
0.02173
0.02173
0.02173
0.02174
0.02175
0.02179
0.02179
0.02182
0.02185
0.02185
0.02185
0.02185
0.02185
0.02185
0.02185
0.02185
0.02185
0.02185
0.02185
0.02185
0.02185
0.02185
0.02189
0.02191
0.02191
0.02191
0.02191
0.02193
0.02194
0.02196
0.02196
0.02197
0.02197
0.02197
0.02197
0.02197
0.02197
0.02197
0.02197
0.02197
0.02197
0.02197
0.02197
0.02197
0.02197
0.02197
0.02197
0.02197
0.02197
0.02197
0.02197
0.02197
0.02197
0.02197
0.02197
0.02197
0.02197
0.02197
0.02197
0.02197
0.02197
0.02197
0.02197
0.02197
0.02197
0.02197
0.02197
0.02197
0.02197
0.02197
0.02197
0.02197
0.02197
0.02197
0.02200
0.02203
0.02206
0.02209
0.02209
0.02209
0.02209
0.02209
0.02209
0.02209
0.02209
0.02209
0.02209
0.02209
0.02209
0.02209
0.02209
0.02209
0.02209
0.02213
0.02216
0.02222
0.02222
0.02222
0.02222
0.02222
0.02222
0.02222
0.02222
0.02222
0.02222
0.02222
0.02222
0.02222
0.02222
0.02222
0.02222
0.02222
0.02222
0.02222
0.02222
0.02222
0.02222
0.02222
0.02222
0.02222
0.02222
0.02222
0.02222
0.02222
0.02222
0.02222
0.02222
0.02222
0.02222
0.02222
0.02222
0.02222
0.02222
0.02228
0.02233
0.02234
0.02234
0.02234
0.02234
0.02234
0.02234
0.02234
0.02234
0.02234
0.02234
0.02234
0.02240
0.02240
0.02242
0.02246
0.02246
0.02246
0.02246
0.02246
0.02246
0.02246
0.02246
0.02246
0.02246
0.02246
0.02246
0.02246
0.02246
0.02246
0.02246
0.02246
0.02246
0.02246
0.02246
0.02246
0.02246
0.02246
0.02246
0.02246
0.02246
0.02246
0.02246
0.02246
0.02246
0.02246
0.02246
0.02246
0.02246
0.02246
0.02246
0.02252
0.02255
0.02258
0.02258
0.02258
0.02258
0.02258
0.02258
0.02258
0.02258
0.02258
0.02258
0.02259
0.02260
0.02261
0.02264
0.02271
0.02271
0.02271
0.02271
0.02271
0.02271
0.02271
0.02271
0.02271
0.02271
0.02271
0.02271
0.02271
0.02271
0.02271
0.02271
0.02271
0.02271
0.02271
0.02271
0.02271
0.02271
0.02271
0.02271
0.02271
0.02271
0.02271
0.02277
0.02280
0.02283
0.02283
0.02283
0.02283
0.02286
0.02286
0.02289
0.02289
0.02289
0.02295
0.02295
0.02295
0.02295
0.02295
0.02295
0.02295
0.02295
0.02295
0.02295
0.02295
0.02295
0.02295
0.02295
0.02295
0.02295
0.02295
0.02295
0.02295
0.02295
0.02295
0.02297
0.02298
0.02300
0.02301
0.02301
0.02301
0.02301
0.02307
0.02307
0.02307
0.02307
0.02307
0.02307
0.02307
0.02307
0.02307
0.02313
0.02313
0.02313
0.02319
0.02319
0.02319
0.02319
0.02319
0.02319
0.02319
0.02319
0.02319
0.02319
0.02319
0.02319
0.02319
0.02319
0.02319
0.02319
0.02319
0.02319
0.02319
0.02319
0.02319
0.02319
0.02325
0.02325
0.02325
0.02325
0.02327
0.02330
0.02332
0.02332
0.02332
0.02332
0.02338
0.02338
0.02338
0.02339
0.02344
0.02344
0.02344
0.02344
0.02344
0.02344
0.02344
0.02344
0.02344
0.02344
0.02344
0.02344
0.02344
0.02344
0.02344
0.02344
0.02344
0.02344
0.02344
0.02344
0.02348
0.02353
0.02356
0.02356
0.02356
0.02361
0.02362
0.02367
0.02368
0.02368
0.02368
0.02368
0.02368
0.02368
0.02368
0.02368
0.02368
0.02368
0.02368
0.02368
0.02368
0.02368
0.02368
0.02368
0.02368
0.02368
0.02368
0.02368
0.02371
0.02371
0.02374
0.02374
0.02376
0.02380
0.02380
0.02380
0.02380
0.02380
0.02380
0.02386
0.02386
0.02390
0.02393
0.02393
0.02393
0.02393
0.02393
0.02393
0.02393
0.02393
0.02393
0.02393
0.02393
0.02393
0.02393
0.02393
0.02393
0.02393
0.02399
0.02399
0.02402
0.02405
0.02405
0.02405
0.02409
0.02411
0.02417
0.02417
0.02417
0.02417
0.02417
0.02417
0.02417
0.02417
0.02417
0.02417
0.02417
0.02417
0.02417
0.02417
0.02417
0.02417
0.02417
0.02417
0.02417
0.02417
0.02417
0.02417
0.02417
0.02417
0.02423
0.02429
0.02432
0.02441
0.02441
0.02441
0.02441
0.02441
0.02441
0.02441
0.02441
0.02441
0.02441
0.02441
0.02441
0.02441
0.02441
0.02441
0.02441
0.02441
0.02441
0.02441
0.02441
0.02441
0.02448
0.02448
0.02448
0.02454
0.02454
0.02454
0.02454
0.02454
0.02454
0.02454
0.02454
0.02454
0.02460
0.02463
0.02463
0.02466
0.02466
0.02466
0.02466
0.02466
0.02466
0.02466
0.02466
0.02466
0.02466
0.02466
0.02466
0.02466
0.02466
0.02466
0.02466
0.02467
0.02472
0.02472
0.02472
0.02478
0.02478
0.02478
0.02484
0.02486
0.02490
0.02490
0.02490
0.02490
0.02490
0.02490
0.02490
0.02490
0.02490
0.02490
0.02490
0.02490
0.02490
0.02490
0.02490
0.02490
0.02499
0.02502
0.02502
0.02505
0.02509
0.02510
0.02512
0.02515
0.02515
0.02515
0.02515
0.02515
0.02515
0.02515
0.02515
0.02515
0.02515
0.02515
0.02515
0.02515
0.02515
0.02515
0.02515
0.02515
0.02515
0.02515
0.02518
0.02521
0.02527
0.02527
0.02530
0.02530
0.02533
0.02538
0.02539
0.02539
0.02539
0.02539
0.02539
0.02539
0.02539
0.02539
0.02539
0.02539
0.02539
0.02539
0.02539
0.02539
0.02541
0.02544
0.02545
0.02549
0.02551
0.02551
0.02551
0.02557
0.02563
0.02563
0.02563
0.02563
0.02563
0.02563
0.02563
0.02563
0.02563
0.02563
0.02563
0.02563
0.02563
0.02563
0.02563
0.02563
0.02563
0.02567
0.02570
0.02570
0.02573
0.02576
0.02576
0.02576
0.02579
0.02580
0.02588
0.02588
0.02588
0.02588
0.02588
0.02588
0.02588
0.02588
0.02588
0.02588
0.02588
0.02588
0.02588
0.02588
0.02597
0.02599
0.02600
0.02600
0.02600
0.02600
0.02600
0.02600
0.02603
0.02606
0.02612
0.02612
0.02612
0.02612
0.02612
0.02612
0.02612
0.02612
0.02612
0.02612
0.02612
0.02618
0.02618
0.02625
0.02625
0.02625
0.02625
0.02625
0.02628
0.02631
0.02634
0.02637
0.02637
0.02637
0.02637
0.02637
0.02637
0.02637
0.02637
0.02643
0.02645
0.02649
0.02649
0.02649
0.02649
0.02649
0.02649
0.02650
0.02652
0.02655
0.02660
0.02661
0.02661
0.02661
0.02661
0.02661
0.02661
0.02661
0.02661
0.02661
0.02661
0.02661
0.02661
0.02661
0.02661
0.02661
0.02661
0.02661
0.02673
0.02673
0.02673
0.02673
0.02673
0.02678
0.02679
0.02686
0.02686
0.02686
0.02686
0.02686
0.02686
0.02686
0.02686
0.02686
0.02686
0.02686
0.02686
0.02686
0.02689
0.02698
0.02698
0.02698
0.02704
0.02710
0.02710
0.02710
0.02710
0.02710
0.02710
0.02710
0.02710
0.02710
0.02710
0.02710
0.02710
0.02710
0.02710
0.02710
0.02710
0.02710
0.02710
0.02715
0.02716
0.02718
0.02722
0.02722
0.02722
0.02722
0.02723
0.02728
0.02728
0.02734
0.02734
0.02734
0.02734
0.02734
0.02734
0.02734
0.02734
0.02734
0.02734
0.02734
0.02734
0.02734
0.02734
0.02734
0.02737
0.02747
0.02747
0.02753
0.02759
0.02759
0.02759
0.02759
0.02759
0.02759
0.02759
0.02759
0.02759
0.02759
0.02759
0.02759
0.02759
0.02765
0.02765
0.02771
0.02771
0.02771
0.02771
0.02772
0.02777
0.02777
0.02783
0.02783
0.02783
0.02783
0.02783
0.02783
0.02783
0.02783
0.02783
0.02789
0.02794
0.02795
0.02795
0.02795
0.02808
0.02808
0.02808
0.02808
0.02808
0.02808
0.02808
0.02808
0.02808
0.02808
0.02814
0.02820
0.02820
0.02820
0.02826
0.02829
0.02830
0.02832
0.02832
0.02832
0.02832
0.02832
0.02832
0.02832
0.02832
0.02832
0.02832
0.02832
0.02832
0.02832
0.02832
0.02832
0.02832
0.02832
0.02832
0.02832
0.02832
0.02832
0.02832
0.02832
0.02832
0.02832
0.02835
0.02847
0.02849
0.02850
0.02856
0.02856
0.02856
0.02856
0.02856
0.02856
0.02856
0.02856
0.02856
0.02856
0.02856
0.02856
0.02856
0.02856
0.02856
0.02859
0.02863
0.02869
0.02869
0.02869
0.02869
0.02875
0.02876
0.02876
0.02879
0.02881
0.02881
0.02881
0.02881
0.02881
0.02881
0.02881
0.02881
0.02881
0.02881
0.02881
0.02881
0.02887
0.02893
0.02899
0.02899
0.02905
0.02905
0.02905
0.02905
0.02905
0.02905
0.02905
0.02905
0.02905
0.02905
0.02905
0.02905
0.02905
0.02905
0.02911
0.02911
0.02917
0.02917
0.02917
0.02917
0.02917
0.02917
0.02917
0.02917
0.02924
0.02924
0.02930
0.02930
0.02930
0.02930
0.02930
0.02930
0.02930
0.02930
0.02930
0.02930
0.02930
0.02936
0.02936
0.02942
0.02942
0.02942
0.02954
0.02954
0.02954
0.02954
0.02954
0.02954
0.02954
0.02954
0.02966
0.02966
0.02966
0.02966
0.02966
0.02975
0.02976
0.02979
0.02979
0.02979
0.02979
0.02979
0.02979
0.02979
0.02979
0.02979
0.02979
0.02979
0.02979
0.02979
0.02985
0.02991
0.02991
0.02999
0.03003
0.03003
0.03003
0.03003
0.03003
0.03003
0.03003
0.03003
0.03003
0.03003
0.03003
0.03015
0.03015
0.03015
0.03021
0.03024
0.03027
0.03027
0.03027
0.03027
0.03027
0.03027
0.03027
0.03027
0.03027
0.03027
0.03027
0.03027
0.03040
0.03040
0.03046
0.03046
0.03049
0.03052
0.03052
0.03052
0.03052
0.03052
0.03052
0.03052
0.03052
0.03052
0.03059
0.03062
0.03064
0.03064
0.03064
0.03064
0.03070
0.03076
0.03076
0.03076
0.03076
0.03076
0.03076
0.03076
0.03088
0.03088
0.03088
0.03088
0.03096
0.03101
0.03101
0.03101
0.03101
0.03101
0.03101
0.03101
0.03101
0.03107
0.03110
0.03113
0.03113
0.03116
0.03119
0.03125
0.03125
0.03125
0.03125
0.03125
0.03125
0.03125
0.03125
0.03125
0.03131
0.03137
0.03137
0.03137
0.03137
0.03137
0.03143
0.03149
0.03149
0.03149
0.03149
0.03149
0.03149
0.03149
0.03149
0.03149
0.03149
0.03149
0.03149
0.03149
0.03149
0.03149
0.03156
0.03159
0.03171
0.03174
0.03174
0.03174
0.03174
0.03174
0.03178
0.03195
0.03198
0.03223
0.03223
0.03223
0.03223
0.03223
0.03226
0.03235
0.03239
0.03241
0.03247
0.03247
0.03265
0.03271
0.03271
0.03271
0.03271
0.03290
0.03296
0.03296
0.03308
0.03308
0.03308
0.03314
0.03314
0.03320
0.03320
0.03320
0.03320
0.03333
0.03333
0.03339
0.03345
0.03362
0.03369
0.03369
0.03369
0.03369
0.03369
0.03369
0.03394
0.03394
0.03394
0.03394
0.03406
0.03406
0.03418
0.03418
0.03418
0.03418
0.03418
0.03430
0.03430
0.03436
0.03436
0.03442
0.03442
0.03442
0.03442
0.03442
0.03467
0.03467
0.03467
0.03477
0.03491
0.03491
0.03491
0.03516
0.03516
0.03537
0.03540
0.03540
0.03546
0.03546
0.03552
0.03561
0.03564
0.03564
0.03564
0.03564
0.03564
0.03574
0.03589
0.03589
0.03589
0.03607
0.03607
0.03613
0.03613
0.03635
0.03638
0.03656
0.03656
0.03656
0.03662
0.03662
0.03662
0.03699
0.03711
0.03711
0.03729
0.03735
0.03741
0.03751
0.03760
0.03784
0.03796
0.03809
0.03809
0.03809
0.03809
0.03809
0.03809
0.03819
0.03827
0.03827
0.03845
0.03852
0.03857
0.03857
0.03864
0.03869
0.03870
0.03882
0.03882
0.03882
0.03885
0.03906
0.03943
0.03955
0.03967
0.03983
0.03986
0.04004
0.04028
0.04041
0.04053
0.04053
0.04077
0.04077
0.04077
0.04077
0.04089
0.04102
0.04126
0.04150
0.04199
0.04199
0.04211
0.04224
0.04248
0.04260
0.04309
0.04333
0.04356
0.04358
0.04370
0.04443
0.04456
0.04468
0.04468
0.04492
0.04535
0.04688
0.04688
0.04712
0.04736
0.04956
0.05029
0.05042
0.05054
0.05078
0.05151
0.06082
0.06104
0.07758
0.07867
0.10382
0.11829
