301051 10 38 3.8
301378 3 6 2
301344 1 1 1
1140 9 14 1.55556
301466 3 3 1
777 4 6 1.5
301194 5 9 1.8
900 13 15 1.15385
1208 1 1 1
1017 1 1 1
969 4 6 1.5
301404 8 10 1.25
301038 3 3 1
301428 12 36 3
1215 6 15 2.5
609 10 14 1.4
553 3 34 11.3333
368 1 1 1
300926 10 25 2.5
825 12 13 1.08333
300655 12 37 3.08333
1166 6 25 4.16667
300792 7 7 1
937 4 6 1.5
117 2 3 1.5
978 1 1 1
200930 7 12 1.71429
200705 6 6 1
200809 5 5 1
106 15 20 1.33333
699 1 1 1
100049 12 13 1.08333
489 2 2 1
201564 7 7 1
103 7 15 2.14286
387 9 11 1.22222
201433 8 8 1
200796 5 6 1.2
100563 9 12 1.33333
101491 9 9 1
201486 1 1 1
200895 1 1 1
201520 3 19 6.33333
101351 13 16 1.23077
100923 4 17 4.25
100757 9 12 1.33333
200807 8 14 1.75
201382 4 4 1
201492 1 1 1
200967 1 1 1
301088 8 8 1
301304 12 15 1.25
301502 9 12 1.33333
200784 5 12 2.4
201573 1 1 1
301023 3 3 1
1503 3 3 1
301072 9 17 1.88889
300382 9 9 1
300769 5 5 1
301294 9 9 1
300996 1 1 1
1126 14 28 2
1439 9 9 1
1211 9 25 2.77778
1028 3 3 1
1316 5 47 9.4
300928 12 20 1.66667
300277 4 4 1
1304 8 9 1.125
300517 2 13 6.5
300651 15 44 2.93333
315 11 23 2.09091
1255 3 3 1
342 3 3 1
705 10 27 2.7
300882 4 9 2.25
300210 5 14 2.8
300856 7 43 6.14286
1467 5 5 1
301070 1 1 1
300291 6 9 1.5
300225 16 19 1.1875
300148 9 32 3.55556
300685 6 25 4.16667
1032 12 25 2.08333
300444 5 10 2
1297 7 35 5
301442 3 5 1.66667
300033 3 4 1.33333
300674 10 17 1.7
300157 14 61 4.35714
301036 5 33 6.6
301358 8 11 1.375
1424 1 1 1
300164 6 25 4.16667
155 16 43 2.6875
874 7 7 1
100861 15 53 3.53333
300229 7 7 1
100682 1 1 1
1091 9 9 1
300759 7 30 4.28571
351 3 17 5.66667
394 1 1 1
963 5 19 3.8
100010 65 107 1.64615
1267 3 3 1
300466 1 1 1
300703 7 7 1
1230 6 16 2.66667
100817 13 19 1.46154
100305 12 13 1.08333
507 7 17 2.42857
629 1 1 1
300432 4 4 1
100729 1 1 1
230 12 29 2.41667
839 10 32 3.2
100256 10 10 1
201010 1 1 1
100567 5 6 1.2
678 2 5 2.5
200089 14 21 1.5
300205 6 11 1.83333
581 6 6 1
100653 7 14 2
100839 11 11 1
525 7 17 2.42857
201251 3 9 3
101260 2 2 1
284 5 5 1
100718 13 22 1.69231
101403 2 6 3
201041 1 1 1
200214 7 30 4.28571
201442 13 22 1.69231
200567 6 6 1
100012 59 93 1.57627
101103 5 23 4.6
100140 4 7 1.75
200693 11 11 1
101278 10 11 1.1
200834 10 14 1.4
200764 3 3 1
100476 12 20 1.66667
200671 8 16 2
200974 12 45 3.75
201424 5 31 6.2
200781 3 3 1
100017 31 51 1.64516
201471 4 6 1.5
201390 8 8 1
201367 7 33 4.71429
100797 3 10 3.33333
201559 5 10 2
300357 9 9 1
200712 1 1 1
100161 2 7 3.5
200682 1 1 1
100207 2 2 1
201103 1 1 1
200242 5 10 2
200642 7 7 1
200897 10 18 1.8
101309 9 9 1
101133 1 1 1
101094 5 16 3.2
300556 6 10 1.66667
301335 6 11 1.83333
300946 3 3 1
300750 12 31 2.58333
300347 6 9 1.5
300575 6 8 1.33333
847 12 19 1.58333
300700 7 16 2.28571
200548 4 7 1.75
300819 3 3 1
300285 5 10 2
301521 7 7 1
702 10 34 3.4
301069 5 11 2.2
625 2 13 6.5
300306 5 10 2
630 6 15 2.5
300933 3 3 1
726 5 47 9.4
276 6 6 1
681 11 19 1.72727
1014 1 1 1
301054 1 1 1
300324 8 8 1
684 12 32 2.66667
300312 1 1 1
1401 4 12 3
301372 3 3 1
70 23 23 1
1149 1 1 1
22 27 39 1.44444
1382 7 12 1.71429
300775 4 5 1.25
1494 5 5 1
269 11 35 3.18182
222 3 3 1
100388 14 33 2.35714
100429 9 9 1
301397 4 4 1
291 13 25 1.92308
1257 1 1 1
562 6 8 1.33333
1339 12 18 1.5
100670 1 1 1
312 1 1 1
100365 14 24 1.71429
100486 9 14 1.55556
1285 9 16 1.77778
201089 6 7 1.16667
200737 1 1 1
1275 3 20 6.66667
100442 10 10 1
100834 11 14 1.27273
100640 4 9 2.25
100421 12 29 2.41667
201161 3 4 1.33333
201150 4 36 9
100705 9 16 1.77778
310 17 30 1.76471
200915 5 37 7.4
100758 4 4 1
201206 3 12 4
13 72 72 1
201284 5 16 3.2
100544 9 13 1.44444
100868 1 1 1
100761 7 10 1.42857
200758 12 29 2.41667
200024 3 6 2
200755 5 6 1.2
200284 14 14 1
100634 1 1 1
200471 1 1 1
200212 11 11 1
200946 4 31 7.75
100102 16 16 1
200280 7 17 2.42857
100003 120 167 1.39167
200239 11 15 1.36364
200263 5 11 2.2
200319 12 26 2.16667
200802 5 30 6
201566 2 2 1
201293 1 1 1
201026 3 3 1
100403 1 1 1
100899 7 25 3.57143
101324 12 26 2.16667
100376 8 9 1.125
200512 4 16 4
201223 12 17 1.41667
201114 5 44 8.8
200810 13 13 1
101263 11 11 1
101377 1 1 1
100896 8 22 2.75
100349 2 2 1
201165 13 35 2.69231
200902 13 15 1.15385
200441 11 20 1.81818
101426 10 12 1.2
201473 7 7 1
201306 8 8 1
200531 12 18 1.5
301084 8 28 3.5
301048 2 2 1
100906 11 11 1
100986 7 7 1
100953 7 9 1.28571
300772 7 15 2.14286
200322 6 15 2.5
300683 12 20 1.66667
1190 9 14 1.55556
300511 12 22 1.83333
693 4 5 1.25
661 5 5 1
301384 3 3 1
246 5 20 4
300257 3 16 5.33333
301526 1 1 1
300731 1 1 1
300186 10 28 2.8
1366 9 21 2.33333
301307 9 11 1.22222
300973 7 47 6.71429
200129 2 11 5.5
799 5 7 1.4
300654 1 1 1
479 1 1 1
137 1 1 1
300741 1 1 1
200157 8 36 4.5
384 12 14 1.16667
300876 13 28 2.15385
518 4 4 1
300206 2 2 1
301078 8 8 1
300955 7 7 1
300262 10 11 1.1
1473 1 1 1
300094 12 36 3
260 11 20 1.81818
622 8 20 2.5
220 9 16 1.77778
1043 1 1 1
550 3 3 1
300305 3 10 3.33333
830 8 11 1.375
1391 3 3 1
287 2 2 1
100297 12 12 1
100230 1 1 1
100098 4 5 1.25
201147 2 2 1
100375 7 7 1
101395 8 10 1.25
717 1 1 1
1005 3 16 5.33333
200958 11 11 1
602 2 2 1
100960 13 15 1.15385
200148 5 7 1.4
100512 8 8 1
100112 6 15 2.5
101031 11 13 1.18182
100457 3 3 1
200498 10 25 2.5
100306 12 22 1.83333
200511 12 17 1.41667
201156 7 7 1
201265 12 30 2.5
201349 4 23 5.75
201125 7 23 3.28571
201112 5 15 3
200690 6 6 1
101044 5 31 6.2
201197 3 3 1
100750 10 11 1.1
101421 6 6 1
100166 6 6 1
200599 7 7 1
101317 7 18 2.57143
301298 8 9 1.125
200727 10 14 1.4
200875 6 10 1.66667
200996 5 5 1
301058 6 7 1.16667
200799 10 14 1.4
301110 9 29 3.22222
300937 6 12 2
201551 8 8 1
101320 12 31 2.58333
200767 13 14 1.07692
201480 10 21 2.1
201406 10 10 1
300392 7 21 3
300940 1 1 1
200547 12 44 3.66667
200516 11 35 3.18182
201289 8 8 1
301034 4 6 1.5
301472 4 4 1
300162 6 8 1.33333
808 12 22 1.83333
1485 2 2 1
301322 2 13 6.5
301432 6 6 1
300692 8 13 1.625
1462 9 21 2.33333
965 6 9 1.5
943 5 14 2.8
1064 5 5 1
861 6 12 2
301522 4 4 1
1160 4 14 3.5
301087 10 25 2.5
200125 10 10 1
1334 5 10 2
635 3 4 1.33333
300778 4 4 1
300900 8 9 1.125
1054 3 2 0.666667
389 8 19 2.375
100829 1 1 1
300744 2 2 1
44 31 34 1.09677
1456 2 2 1
100518 11 29 2.63636
1507 12 18 1.5
620 2 14 7
300546 5 12 2.4
237 12 12 1
854 2 4 2
538 8 11 1.375
100446 7 11 1.57143
26 20 24 1.2
100732 6 23 3.83333
444 8 12 1.5
476 4 4 1
100179 7 7 1
100914 8 10 1.25
200094 5 7 1.4
200976 2 2 1
101359 10 17 1.7
470 9 9 1
201137 6 7 1.16667
615 7 28 4
100911 12 20 1.66667
101266 9 23 2.55556
100920 4 38 9.5
101152 3 5 1.66667
178 13 29 2.23077
201129 2 21 10.5
201340 12 14 1.16667
201268 10 14 1.4
100690 1 1 1
200031 21 41 1.95238
200496 7 10 1.42857
200369 6 6 1
101284 8 11 1.375
301310 6 26 4.33333
100406 5 16 3.2
100886 1 1 1
200207 4 10 2.5
200348 10 14 1.4
100696 12 20 1.66667
201542 8 9 1.125
200943 9 14 1.55556
100595 7 13 1.85714
101472 3 7 2.33333
201466 6 6 1
200717 6 9 1.5
200846 8 15 1.875
300378 12 36 3
200253 13 40 3.07692
101295 10 10 1
201263 12 36 3
201280 2 9 4.5
201191 1 1 1
101501 2 2 1
100913 1 1 1
101397 1 1 1
201237 11 14 1.27273
200341 3 8 2.66667
200339 7 9 1.28571
101138 1 1 1
101279 1 1 1
300551 6 7 1.16667
200591 3 3 1
300739 6 6 1
300580 3 34 11.3333
200011 35 54 1.54286
300857 9 17 1.88889
1082 10 14 1.4
200050 17 45 2.64706
1235 9 26 2.88889
301343 9 21 2.33333
1471 9 12 1.33333
300450 10 10 1
300192 5 5 1
1194 12 58 4.83333
301396 1 1 1
486 5 18 3.6
301144 8 30 3.75
57 9 13 1.44444
301104 8 16 2
1059 9 9 1
300004 224 205 0.915179
300366 4 6 1.5
300493 11 22 2
300999 6 23 3.83333
300077 9 32 3.55556
1199 7 17 2.42857
300470 6 13 2.16667
301119 5 33 6.6
300970 10 28 2.8
300887 1 1 1
1444 2 11 5.5
495 5 9 1.8
300508 6 6 1
300907 2 34 17
1056 12 39 3.25
300026 21 26 1.2381
300502 8 10 1.25
300481 13 20 1.53846
1092 2 2 1
1476 8 10 1.25
200086 3 18 6
626 6 6 1
1193 11 11 1
100891 8 8 1
100841 8 8 1
1046 7 7 1
200079 1 1 1
1236 11 12 1.09091
100447 2 2 1
983 6 9 1.5
18 68 75 1.10294
201395 4 4 1
200413 6 15 2.5
201371 10 20 2
200668 7 24 3.42857
200373 1 1 1
200971 4 33 8.25
101350 2 14 7
201495 1 1 1
100666 10 15 1.5
101459 5 6 1.2
101404 8 9 1.125
201302 11 16 1.45455
201097 9 11 1.22222
100215 6 6 1
100847 2 7 3.5
201144 3 3 1
101194 12 20 1.66667
200546 9 27 3
100449 5 5 1
200701 10 11 1.1
200815 3 3 1
200008 13 16 1.23077
101302 2 2 1
100620 1 1 1
201079 1 1 1
200193 1 1 1
301440 8 8 1
201311 3 3 1
301247 13 28 2.15385
200062 8 25 3.125
301179 6 12 2
101248 1 1 1
301018 3 5 1.66667
200291 2 2 1
300612 1 1 1
300515 3 3 1
301381 10 19 1.9
200627 4 5 1.25
301368 11 14 1.27273
200392 9 9 1
301449 13 23 1.76923
300834 4 13 3.25
300380 11 20 1.81818
492 5 39 7.8
388 11 11 1
1102 13 30 2.30769
365 10 25 2.5
348 5 8 1.6
300755 7 8 1.14286
221 4 11 2.75
214 10 14 1.4
1336 6 16 2.66667
301416 10 12 1.2
301094 2 32 16
300011 176 255 1.44886
300691 1 1 1
574 2 17 8.5
300982 1 1 1
200082 11 11 1
1500 12 25 2.08333
304 13 13 1
300979 5 5 1
300540 2 7 3.5
301170 11 11 1
958 4 7 1.75
145 4 4 1
274 13 14 1.07692
301131 2 2 1
300680 11 24 2.18182
41 13 18 1.38462
301203 6 34 5.66667
300396 10 11 1.1
300824 9 9 1
300878 11 12 1.09091
300286 15 38 2.53333
300727 1 1 1
200064 15 17 1.13333
541 5 5 1
689 6 12 2
768 1 1 1
101469 4 6 1.5
100235 8 32 4
300464 6 15 2.5
100310 9 9 1
201204 9 9 1
201201 6 28 4.66667
607 1 1 1
201008 7 7 1
201430 10 9 0.9
895 10 26 2.6
200289 6 11 1.83333
101312 6 6 1
201460 6 13 2.16667
100138 5 9 1.8
100751 9 38 4.22222
520 6 6 1
546 10 15 1.5
353 7 7 1
200933 13 17 1.30769
200612 5 6 1.2
100825 3 4 1.33333
100716 1 1 1
100658 6 9 1.5
200960 1 1 1
100887 4 9 2.25
100393 7 15 2.14286
101273 1 1 1
100131 1 1 1
100572 14 46 3.28571
201299 13 13 1
200763 12 12 1
200594 5 14 2.8
101209 1 1 1
200229 11 41 3.72727
201136 12 34 2.83333
200040 11 11 1
201469 1 1 1
201142 3 17 5.66667
200624 3 3 1
101151 2 2 1
300410 1 1 1
200899 2 2 1
200989 12 12 1
200312 12 14 1.16667
201070 9 9 1
100980 13 23 1.76923
200240 6 6 1
200674 11 24 2.18182
301316 4 4 1
201512 7 7 1
301419 1 1 1
201321 6 6 1
300484 6 6 1
1442 2 2 1
200452 10 14 1.4
1373 6 11 1.83333
1073 6 6 1
1027 12 21 1.75
1408 2 2 1
300860 10 19 1.9
200014 13 20 1.53846
1180 14 20 1.42857
1179 2 2 1
933 7 7 1
301000 10 12 1.2
301064 1 1 1
300330 14 62 4.42857
804 1 1 1
1423 2 2 1
1354 2 11 5.5
301354 1 1 1
1243 5 21 4.2
1428 10 19 1.9
1165 14 40 2.85714
74 9 25 2.77778
1311 11 12 1.09091
910 1 1 1
455 9 16 1.77778
1388 7 7 1
300622 6 6 1
300178 7 7 1
300344 6 13 2.16667
62 19 25 1.31579
300709 8 9 1.125
1074 1 1 1
301371 2 6 3
300640 4 17 4.25
982 1 1 1
301007 1 1 1
1183 5 10 2
300145 6 6 1
782 5 28 5.6
301099 1 1 1
320 14 57 4.07143
301361 5 7 1.4
100747 1 1 1
100524 12 12 1
362 16 82 5.125
100804 3 3 1
301475 1 1 1
300565 5 38 7.6
721 7 11 1.57143
300964 7 8 1.14286
100463 8 10 1.25
1173 13 15 1.15385
590 7 22 3.14286
289 17 40 2.35294
1496 1 1 1
300041 2 2 1
100723 3 3 1
242 13 14 1.07692
1109 5 5 1
100360 12 25 2.08333
100435 4 15 3.75
300182 1 1 1
796 7 18 2.57143
100769 15 16 1.06667
300212 12 39 3.25
319 16 20 1.25
98 13 19 1.46154
100731 13 33 2.53846
100092 14 19 1.35714
201063 5 51 10.2
50 1 1 1
200926 13 18 1.38462
200257 14 14 1
200854 8 17 2.125
200697 4 4 1
200355 1 1 1
101292 4 5 1.25
101316 11 11 1
200606 10 10 1
100243 5 5 1
200821 1 1 1
201187 9 41 4.55556
101204 3 3 1
201339 6 34 5.66667
201342 6 7 1.16667
101171 10 11 1.1
201003 2 26 13
100701 1 1 1
200622 10 19 1.9
101460 2 2 1
200743 1 1 1
200588 5 5 1
200261 1 1 1
200013 29 32 1.10345
100617 7 20 2.85714
101381 5 10 2
301229 8 21 2.625
300383 6 21 3.5
201084 11 14 1.27273
201312 2 2 1
200600 1 1 1
301076 13 29 2.23077
101261 12 16 1.33333
100019 15 23 1.53333
200576 10 12 1.2
101068 11 11 1
201377 2 2 1
301347 4 11 2.75
201353 4 8 2
200004 303 330 1.08911
201217 10 10 1
200235 2 5 2.5
300434 13 39 3
1384 11 13 1.18182
300886 1 1 1
300678 2 2 1
1405 11 21 1.90909
200603 1 1 1
200636 4 4 1
301162 3 20 6.66667
200660 7 7 1
301159 7 7 1
300852 1 1 1
300490 5 5 1
1030 6 9 1.5
300060 21 36 1.71429
301314 11 13 1.18182
1137 1 1 1
301146 10 13 1.3
1395 1 1 1
474 3 15 5
1364 12 16 1.33333
1453 11 17 1.54545
745 10 12 1.2
300431 6 25 4.16667
300763 1 1 1
300268 10 20 2
300436 1 1 1
52 26 44 1.69231
561 10 11 1.1
300029 5 9 1.8
1152 1 1 1
300248 2 2 1
300319 2 2 1
300487 5 7 1.4
1518 5 5 1
1435 4 4 1
300452 13 34 2.61538
300844 3 3 1
329 13 13 1
1426 5 5 1
940 11 14 1.27273
200165 2 2 1
1041 10 16 1.6
754 11 44 4
1051 3 3 1
101432 3 3 1
778 11 11 1
100638 11 12 1.09091
101405 7 17 2.42857
100062 6 6 1
100844 7 13 1.85714
100811 1 1 1
101505 10 12 1.2
101393 1 1 1
88 4 4 1
356 12 22 1.83333
200745 15 31 2.06667
47 8 16 2
201017 2 2 1
200924 7 9 1.28571
200388 1 1 1
200748 1 1 1
100313 11 12 1.09091
101419 8 18 2.25
101425 1 1 1
100497 1 1 1
100210 5 5 1
100722 7 6 0.857143
101056 1 1 1
101530 13 15 1.15385
200585 3 3 1
301278 4 4 1
100474 12 38 3.16667
200406 1 1 1
200058 7 15 2.14286
101233 1 1 1
100471 4 4 1
101002 2 16 8
301226 6 6 1
200688 2 12 6
301285 11 11 1
201014 6 8 1.33333
200559 9 13 1.44444
201173 3 4 1.33333
200358 2 12 6
100292 16 37 2.3125
101386 8 8 1
200269 13 13 1
200850 14 26 1.85714
101124 12 13 1.08333
101080 5 6 1.2
200794 8 27 3.375
301399 9 9 1
200608 1 1 1
101267 2 2 1
301180 8 27 3.375
200581 6 6 1
200621 10 42 4.2
200028 4 9 2.25
301489 12 22 1.83333
301093 3 3 1
1443 5 5 1
301116 7 7 1
200211 9 26 2.88889
300504 3 14 4.66667
1488 1 1 1
201335 3 49 16.3333
300117 12 17 1.41667
300646 2 12 6
1145 9 9 1
300048 15 21 1.4
200665 11 12 1.09091
300952 11 33 3
818 3 3 1
300904 10 10 1
739 13 40 3.07692
300593 5 14 2.8
300879 8 8 1
512 5 5 1
300296 13 20 1.53846
301120 7 30 4.28571
390 1 1 1
300479 12 22 1.83333
367 12 21 1.75
300242 1 1 1
301456 4 10 2.5
1479 2 4 2
301340 12 16 1.33333
300803 2 14 7
81 2 2 1
593 4 4 1
200152 2 11 5.5
101226 11 11 1
100058 2 2 1
434 10 22 2.2
300539 6 6 1
344 9 34 3.77778
301161 4 5 1.25
100803 10 10 1
300606 4 7 1.75
300461 9 15 1.66667
100483 2 2 1
300829 1 1 1
300532 4 20 5
170 4 24 6
100378 5 12 2.4
300948 10 27 2.7
67 23 23 1
300332 2 8 4
300526 1 1 1
300630 9 13 1.44444
964 5 8 1.6
361 5 6 1.2
201133 3 14 4.66667
201159 2 2 1
100399 4 4 1
100190 12 12 1
201051 3 25 8.33333
675 1 1 1
530 4 14 3.5
380 1 1 1
201514 7 12 1.71429
200526 1 1 1
64 6 16 2.66667
100599 1 1 1
200454 4 4 1
100533 4 5 1.25
201106 1 1 1
101148 11 27 2.45455
200994 12 12 1
201389 1 1 1
100693 8 8 1
200771 1 1 1
200222 17 54 3.17647
101401 9 14 1.55556
200026 7 18 2.57143
201034 9 9 1
200570 4 4 1
201507 2 2 1
100983 3 3 1
101276 4 4 1
200232 5 6 1.2
101139 8 8 1
200482 4 4 1
200327 3 8 2.66667
100139 11 11 1
100964 10 22 2.2
201077 8 13 1.625
200773 1 1 1
300586 6 6 1
301350 3 5 1.66667
100995 2 7 3.5
100915 7 11 1.57143
300974 11 14 1.27273
201510 10 16 1.6
301424 10 22 2.2
300921 15 24 1.6
200586 1 1 1
301061 9 35 3.88889
301506 4 4 1
300911 1 1 1
301251 8 9 1.125
300942 12 13 1.08333
301133 4 10 2.5
300074 5 11 2.2
1482 4 5 1.25
300369 4 4 1
459 12 33 2.75
300625 2 24 12
1359 3 14 4.66667
1261 1 1 1
300611 4 4 1
301125 1 1 1
1039 6 10 1.66667
1264 2 2 1
1216 11 12 1.09091
301176 10 27 2.7
301136 5 45 9
300203 9 9 1
301192 2 2 1
300208 10 16 1.6
300875 1 1 1
300405 6 23 3.83333
100677 4 13 3.25
100082 10 24 2.4
300084 4 20 5
300125 3 4 1.33333
300672 9 9 1
177 2 2 1
153 2 3 1.5
100680 8 26 3.25
800 13 45 3.46154
6 98 113 1.15306
61 6 12 2
300008 121 162 1.33884
101488 13 23 1.76923
751 11 11 1
100299 9 9 1
101066 12 18 1.5
100091 9 14 1.55556
200859 8 22 2.75
201219 6 36 6
201366 9 9 1
101114 11 23 2.09091
200555 3 3 1
100753 3 5 1.66667
200635 3 3 1
100970 4 24 6
101050 10 11 1.1
200845 5 40 8
101109 3 3 1
101497 5 6 1.2
201585 3 3 1
100971 5 6 1.2
100940 6 8 1.33333
201332 2 2 1
101011 10 16 1.6
200832 7 10 1.42857
100335 10 10 1
200430 11 20 1.81818
100957 7 7 1
100281 3 3 1
101043 11 11 1
200882 8 8 1
101366 9 22 2.44444
101141 15 33 2.2
100943 1 1 1
301492 4 4 1
300870 7 8 1.14286
200735 1 1 1
201239 14 32 2.28571
300735 4 14 3.5
301313 4 9 2.25
1478 4 4 1
300281 9 17 1.88889
201240 11 13 1.18182
301053 1 1 1
200618 3 3 1
1288 9 27 3
901 10 13 1.3
300614 1 1 1
954 6 9 1.5
300451 11 17 1.54545
300702 7 15 2.14286
301367 9 8 0.888889
1010 11 26 2.36364
300416 11 13 1.18182
1035 1 1 1
300121 9 16 1.77778
301474 2 2 1
100078 8 8 1
300960 5 5 1
300034 9 15 1.66667
919 11 11 1
301487 7 8 1.14286
34 20 31 1.55
300545 3 3 1
300390 3 11 3.66667
301151 11 16 1.45455
936 10 12 1.2
300811 8 16 2
439 4 6 1.5
300938 6 6 1
226 6 6 1
1142 7 12 1.71429
506 7 7 1
300467 3 3 1
300689 3 3 1
859 10 22 2.2
1117 2 2 1
20 80 125 1.5625
1019 1 1 1
301497 10 11 1.1
1226 12 12 1
300169 6 6 1
100564 1 1 1
716 7 25 3.57143
1350 12 15 1.25
1186 9 22 2.44444
200159 7 7 1
501 12 33 2.75
54 4 4 1
100835 5 5 1
803 3 15 5
456 2 2 1
300669 1 1 1
601 9 14 1.55556
301024 11 12 1.09091
101186 5 5 1
100118 8 8 1
1031 2 18 9
100660 6 14 2.33333
1356 10 22 2.2
336 7 33 4.71429
793 11 28 2.54545
1103 7 19 2.71429
100692 6 48 8
1207 2 2 1
300015 72 99 1.375
200841 11 35 3.18182
201042 2 2 1
300241 5 10 2
300278 14 14 1
817 5 56 11.2
100996 10 19 1.9
100015 31 32 1.03226
100547 1 1 1
239 2 20 10
100573 5 5 1
21 55 81 1.47273
200868 1 1 1
200978 12 13 1.08333
201594 8 8 1
101409 10 13 1.3
200707 1 1 1
101451 10 17 1.7
100453 8 9 1.125
100749 7 21 3
201386 8 11 1.375
101125 8 23 2.875
200492 3 3 1
101165 9 46 5.11111
201364 10 17 1.7
201099 1 1 1
101422 1 1 1
200506 9 8 0.888889
101378 9 10 1.11111
200565 2 2 1
301267 5 11 2.2
100775 1 1 1
201610 6 6 1
200695 3 7 2.33333
100646 12 24 2
100808 1 1 1
201458 10 17 1.7
100643 1 1 1
101453 5 7 1.4
101014 9 12 1.33333
200428 8 10 1.25
201524 4 4 1
301293 4 19 4.75
200768 9 15 1.66667
200522 12 25 2.08333
101129 10 17 1.7
301097 5 5 1
101017 6 6 1
200367 2 2 1
101442 6 15 2.5
200384 1 1 1
101288 8 23 2.875
200485 13 37 2.84615
201606 3 3 1
301107 2 2 1
200966 9 23 2.55556
200265 9 11 1.22222
301044 9 21 2.33333
200343 9 13 1.44444
300518 2 2 1
300180 8 20 2.5
301345 12 12 1
300924 11 14 1.27273
984 12 27 2.25
200439 4 4 1
1312 12 24 2
1420 12 42 3.5
776 5 53 10.6
301083 6 6 1
1158 6 10 1.66667
1016 11 30 2.72727
673 8 12 1.5
300859 9 37 4.11111
301167 12 15 1.25
301249 6 7 1.16667
301074 8 32 4
730 2 11 5.5
301477 6 7 1.16667
300428 9 13 1.44444
864 1 1 1
1097 3 3 1
171 5 5 1
300239 10 20 2
300780 2 2 1
1459 12 28 2.33333
300197 9 17 1.88889
200150 10 10 1
301103 8 12 1.5
428 3 15 5
844 4 9 2.25
261 1 1 1
1241 1 1 1
772 2 39 19.5
293 7 21 3
301488 4 4 1
300014 111 131 1.18018
453 4 4 1
301408 8 21 2.625
100063 1 1 1
300314 3 7 2.33333
100569 7 12 1.71429
504 2 2 1
1380 1 1 1
1369 11 14 1.27273
300150 2 2 1
300260 1 1 1
1222 2 2 1
100515 1 1 1
488 8 8 1
1510 8 8 1
100622 3 15 5
300816 1 1 1
249 5 5 1
1342 10 24 2.4
100587 3 3 1
416 11 24 2.18182
300815 13 13 1
300088 1 1 1
548 1 1 1
100494 8 13 1.625
376 11 39 3.54545
201000 6 6 1
82 18 27 1.5
101183 10 12 1.2
100103 10 26 2.6
100039 13 22 1.69231
100610 11 11 1
200203 10 14 1.4
101175 1 1 1
706 2 2 1
200283 2 6 3
101228 7 7 1
307 11 22 2
101282 13 28 2.15385
48 7 24 3.42857
379 8 10 1.25
142 7 25 3.57143
101222 9 37 4.11111
100536 7 23 3.28571
100673 1 1 1
200297 11 19 1.72727
201316 4 4 1
100624 12 21 1.75
200652 10 28 2.8
201073 7 7 1
200721 1 1 1
101140 10 11 1.1
201445 10 21 2.1
101096 10 20 2
101236 2 46 23
101203 4 41 10.25
200731 8 15 1.875
100984 6 7 1.16667
200620 10 10 1
201308 6 6 1
100612 10 13 1.3
201246 1 1 1
200295 10 15 1.5
200350 7 20 2.85714
201011 4 53 13.25
201463 8 10 1.25
201325 1 1 1
201394 12 12 1
200751 8 18 2.25
101415 2 4 2
201083 1 1 1
101256 1 1 1
200416 2 2 1
301211 7 41 5.85714
200250 11 11 1
101028 12 37 3.08333
200309 3 7 2.33333
200540 1 1 1
1417 10 17 1.7
200434 6 6 1
300752 2 13 6.5
301172 9 13 1.44444
301254 3 3 1
1049 5 21 4.2
1399 7 9 1.28571
301227 3 27 9
300439 10 29 2.9
300486 10 23 2.3
300425 1 1 1
300496 1 1 1
301327 9 10 1.11111
300862 2 2 1
300153 9 9 1
301079 1 1 1
1474 7 13 1.85714
200174 12 28 2.33333
301443 9 14 1.55556
1306 12 26 2.16667
300812 5 5 1
300165 8 13 1.625
992 5 5 1
1045 4 4 1
301089 1 1 1
100601 2 2 1
301391 11 20 1.81818
200088 3 3 1
711 1 1 1
300717 5 11 2.2
100619 1 1 1
655 6 16 2.66667
200144 11 17 1.54545
657 7 18 2.57143
300267 9 15 1.66667
200138 1 1 1
392 1 1 1
1001 8 8 1
259 6 27 4.5
300443 8 8 1
918 1 1 1
300222 1 1 1
1431 11 30 2.72727
300193 6 6 1
130 10 33 3.3
110 8 8 1
200141 3 5 1.66667
100633 3 3 1
101514 10 12 1.2
101495 1 1 1
1196 7 7 1
101414 4 17 4.25
200188 13 14 1.07692
101534 14 14 1
100060 4 5 1.25
101015 6 12 2
100615 2 3 1.5
100655 7 10 1.42857
100054 13 24 1.84615
200595 3 3 1
100560 2 2 1
101322 8 9 1.125
100992 5 5 1
200596 2 2 1
100345 4 4 1
100554 1 1 1
101521 1 1 1
100023 1 1 1
100584 11 11 1
200903 3 8 2.66667
100522 4 4 1
100581 15 52 3.46667
100629 4 36 9
100669 8 21 2.625
201267 11 15 1.36364
101433 6 17 2.83333
100741 5 5 1
201119 14 45 3.21429
100258 12 12 1
201596 1 1 1
101108 1 1 1
101326 9 26 2.88889
200231 5 5 1
200925 3 5 1.66667
200663 8 8 1
301100 1 1 1
301004 1 1 1
200245 12 28 2.33333
101300 1 1 1
301459 3 4 1.33333
300972 2 2 1
301234 9 11 1.22222
201328 6 6 1
300350 5 5 1
200344 8 12 1.5
301460 7 7 1
300214 11 33 3
301380 1 1 1
300794 10 12 1.2
300320 8 12 1.5
569 1 1 1
707 3 9 3
300200 14 31 2.21429
300874 11 11 1
578 4 31 7.75
935 7 7 1
484 10 15 1.5
616 1 1 1
301483 3 3 1
333 16 16 1
544 5 10 2
1338 8 8 1
670 10 10 1
300482 9 33 3.66667
907 9 12 1.33333
1324 2 7 3.5
200163 1 1 1
100067 17 17 1
300037 19 48 2.52632
200132 5 5 1
638 13 25 1.92308
101192 1 1 1
200122 8 19 2.375
300255 1 1 1
124 4 4 1
897 1 1 1
100 16 18 1.125
100137 5 23 4.6
78 20 25 1.25
709 5 5 1
1345 6 9 1.5
100651 2 15 7.5
201101 7 19 2.71429
300524 10 21 2.1
201045 1 1 1
300122 13 15 1.15385
201214 5 12 2.4
1274 5 41 8.2
100317 15 23 1.53333
100822 3 3 1
300070 15 22 1.46667
101429 2 2 1
300808 14 27 1.92857
100133 2 2 1
101070 1 1 1
200084 13 13 1
100739 4 8 2
201157 2 2 1
640 12 46 3.83333
201568 1 1 1
200187 5 5 1
100188 6 6 1
100334 8 34 4.25
100592 1 1 1
201291 5 5 1
198 1 1 1
101330 1 1 1
200486 7 20 2.85714
200804 1 1 1
201588 8 8 1
200782 8 8 1
200217 3 11 3.66667
100514 4 4 1
201227 1 1 1
100506 4 4 1
101348 1 1 1
100888 10 20 2
100396 5 6 1.2
100976 1 1 1
200447 9 12 1.33333
201243 1 1 1
201300 8 32 4
101078 1 1 1
200949 2 3 1.5
100609 5 24 4.8
200590 5 5 1
201221 13 15 1.15385
101019 9 9 1
200527 10 10 1
301201 8 23 2.875
200552 10 18 1.8
101022 12 18 1.5
101060 12 15 1.25
201322 11 16 1.45455
201234 3 3 1
300725 7 15 2.14286
101372 9 8 0.888889
300354 1 1 1
201443 12 15 1.25
301153 1 1 1
201580 8 11 1.375
1036 3 14 4.66667
300394 4 4 1
301491 2 2 1
301385 2 8 4
200655 2 2 1
300137 7 13 1.85714
200691 5 13 2.6
200038 1 1 1
1386 10 10 1
300800 4 17 4.25
1480 6 6 1
1244 5 5 1
146 12 18 1.5
794 3 4 1.33333
301357 10 33 3.3
189 11 39 3.54545
181 10 11 1.1
300089 16 21 1.3125
1135 2 2 1
300388 10 21 2.1
100070 18 24 1.33333
118 15 15 1
882 3 3 1
49 18 18 1
25 48 58 1.20833
300553 4 15 3.75
100840 7 14 2
447 2 2 1
1315 9 14 1.55556
300694 3 3 1
161 5 9 1.8
862 3 3 1
279 10 12 1.2
100641 5 5 1
300172 2 8 4
471 1 1 1
101218 6 15 2.5
300236 5 7 1.4
100040 2 7 3.5
836 2 2 1
100294 8 27 3.375
100147 10 20 2
1129 12 33 2.75
331 16 52 3.25
100034 5 9 1.8
300185 10 19 1.9
989 8 8 1
101456 10 17 1.7
533 1 1 1
100884 6 10 1.66667
201479 1 1 1
201336 6 10 1.66667
101407 8 12 1.5
200574 3 3 1
200320 14 18 1.28571
133 12 16 1.33333
200378 10 22 2.2
101507 4 5 1.25
100303 4 13 3.25
200156 7 7 1
201488 1 1 1
201139 6 14 2.33333
200036 18 31 1.72222
100872 10 17 1.7
200886 9 10 1.11111
200301 2 16 8
201546 5 9 1.8
100656 3 7 2.33333
101465 2 4 2
100865 9 18 2
201496 9 22 2.44444
201474 6 6 1
200541 2 2 1
200371 1 1 1
100853 9 10 1.11111
201121 9 9 1
201418 3 16 5.33333
201031 7 7 1
101436 8 15 1.875
200458 10 10 1
200538 1 1 1
300361 12 21 1.75
301510 4 7 1.75
100870 1 1 1
300408 7 19 2.71429
200045 13 16 1.23077
100938 8 12 1.5
200529 6 6 1
301301 8 23 2.875
101176 5 11 2.2
100941 15 25 1.66667
200465 1 1 1
1132 4 9 2.25
300352 7 11 1.57143
1367 5 5 1
200317 9 23 2.55556
301187 2 2 1
301115 12 27 2.25
300246 1 1 1
200494 5 5 1
301095 1 1 1
300799 8 34 4.25
300211 9 21 2.33333
301388 11 23 2.09091
1188 12 12 1
195 3 3 1
658 6 6 1
652 10 15 1.5
300167 1 1 1
300536 12 39 3.25
300080 10 12 1.2
300906 7 9 1.28571
301365 6 11 1.83333
540 12 37 3.08333
300676 2 5 2.5
300017 40 40 1
1110 1 1 1
300576 4 19 4.75
948 6 17 2.83333
100469 6 6 1
300183 16 54 3.375
300947 3 3 1
300143 8 8 1
887 11 14 1.27273
905 1 1 1
563 10 24 2.4
300738 7 18 2.57143
1061 11 18 1.63636
101384 5 5 1
200117 11 13 1.18182
100417 5 13 2.6
1098 11 13 1.18182
100116 11 12 1.09091
1058 1 1 1
100712 6 6 1
217 9 20 2.22222
923 11 29 2.63636
200817 7 15 2.14286
300420 8 12 1.5
200922 1 1 1
85 24 31 1.29167
516 4 4 1
100550 1 1 1
100356 11 15 1.36364
100523 3 3 1
712 7 20 2.85714
200074 14 17 1.21429
200822 1 1 1
101143 11 28 2.54545
100752 10 10 1
100924 3 5 1.66667
200233 6 11 1.83333
100005 64 70 1.09375
100814 6 6 1
100263 15 31 2.06667
200190 1 1 1
200180 8 8 1
100167 10 26 2.6
200983 12 12 1
100111 13 19 1.46154
101327 1 1 1
101185 8 24 3
100807 12 26 2.16667
100418 5 5 1
200953 10 13 1.3
100143 2 2 1
100559 5 5 1
100285 1 1 1
100648 3 4 1.33333
201313 7 9 1.28571
100382 3 3 1
200053 1 1 1
100197 13 18 1.38462
100241 6 26 4.33333
200420 10 23 2.3
200009 14 16 1.14286
201185 12 43 3.58333
100695 1 1 1
200501 3 3 1
201305 6 30 5
201544 1 1 1
100788 9 9 1
100154 8 8 1
200347 1 1 1
201001 4 4 1
200404 5 18 3.6
100157 8 16 2
200644 8 12 1.5
100338 7 19 2.71429
201276 10 10 1
101435 2 2 1
100227 2 2 1
201595 5 5 1
200904 5 23 4.6
200646 11 11 1
201039 11 11 1
100945 2 2 1
301331 3 3 1
200873 12 17 1.41667
300835 10 34 3.4
300776 13 13 1
301209 1 1 1
1067 1 1 1
300923 11 11 1
200584 10 10 1
200432 11 17 1.54545
300010 56 87 1.55357
200440 8 14 1.75
406 7 20 2.85714
505 6 10 1.66667
301439 7 17 2.42857
300705 2 2 1
300488 13 26 2
300218 6 6 1
564 11 22 2
200110 2 4 2
301008 3 4 1.33333
301421 9 10 1.11111
300888 3 4 1.33333
300346 3 5 1.66667
300542 8 17 2.125
300554 5 5 1
595 2 2 1
51 27 74 2.74074
1516 9 9 1
100537 2 2 1
300562 2 2 1
1412 10 10 1
300118 7 9 1.28571
300052 4 4 1
867 6 6 1
100556 5 12 2.4
300061 2 4 2
300813 10 22 2.2
300209 10 14 1.4
100409 3 3 1
100498 6 6 1
200213 8 8 1
101168 3 5 1.66667
100740 1 1 1
100880 4 13 3.25
200973 7 12 1.71429
100700 12 15 1.25
201203 9 9 1
201030 6 22 3.66667
201560 7 9 1.28571
100479 12 12 1
200502 12 12 1
101173 9 26 2.88889
100253 10 10 1
200123 13 31 2.38462
201036 8 8 1
200935 8 10 1.25
100016 17 19 1.11765
200879 5 39 7.8
200398 3 5 1.66667
200521 1 1 1
200251 13 13 1
100146 7 7 1
101264 11 15 1.36364
200241 3 10 3.33333
200205 5 5 1
101323 9 13 1.44444
100703 12 12 1
101361 6 6 1
200466 1 1 1
201464 2 14 7
200356 13 13 1
100961 8 14 1.75
201392 5 17 3.4
201285 5 5 1
101344 5 18 3.6
301206 11 12 1.09091
200017 6 6 1
100903 10 14 1.4
301321 10 12 1.2
301134 7 8 1.14286
301395 3 3 1
200337 7 14 2
200248 4 4 1
301480 5 5 1
201557 4 5 1.25
301324 9 25 2.77778
301041 11 11 1
200497 10 10 1
1392 6 6 1
301315 13 23 1.76923
301188 1 1 1
300645 7 10 1.42857
300140 10 34 3.4
301225 10 25 2.5
300561 2 2 1
300605 7 27 3.85714
300256 5 18 3.6
100052 11 24 2.18182
300748 3 3 1
300264 1 1 1
321 12 17 1.41667
722 6 10 1.66667
200113 2 2 1
300842 7 28 4
301183 4 6 1.5
30 35 62 1.77143
1363 9 12 1.33333
643 7 8 1.14286
86 4 4 1
100369 13 17 1.30769
300642 1 1 1
1284 1 1 1
300730 9 28 3.11111
100193 12 14 1.16667
300423 7 20 2.85714
300826 4 4 1
496 1 1 1
868 4 7 1.75
100662 6 21 3.5
300190 4 4 1
200136 4 6 1.5
128 10 25 2.5
201053 2 7 3.5
200130 6 9 1.5
201127 2 2 1
200825 6 6 1
100265 14 14 1
101144 11 19 1.72727
101529 3 3 1
58 13 30 2.30769
101412 4 13 3.25
201049 4 15 3.75
200096 16 23 1.4375
23 15 22 1.46667
101111 4 12 3
100509 1 1 1
200881 10 10 1
200937 6 11 1.83333
95 12 12 1
201374 2 24 12
201212 3 3 1
101191 1 1 1
100764 1 1 1
100877 11 14 1.27273
100967 5 5 1
201438 3 9 3
100832 8 8 1
100320 7 7 1
201257 5 5 1
200220 4 4 1
201529 8 16 2
100720 2 2 1
200273 6 20 3.33333
201032 1 1 1
101180 10 32 3.2
100930 1 1 1
301233 6 10 1.66667
201004 3 3 1
101212 5 11 2.2
201170 2 2 1
100988 7 10 1.42857
200380 2 4 2
301287 8 29 3.625
301305 3 10 3.33333
101137 13 17 1.30769
101163 13 19 1.46154
100298 1 1 1
301231 1 1 1
100875 7 13 1.85714
300838 6 29 4.83333
101100 1 1 1
301445 1 1 1
200478 5 5 1
300591 7 17 2.42857
1310 6 19 3.16667
300068 1 1 1
1070 12 13 1.08333
300473 10 11 1.1
300963 7 12 1.71429
301375 11 14 1.27273
704 5 8 1.6
1314 6 6 1
300271 7 15 2.14286
300318 9 15 1.66667
1287 1 1 1
300087 13 13 1
300670 11 11 1
441 3 3 1
300822 1 1 1
301431 10 17 1.7
300199 13 33 2.53846
1171 12 13 1.08333
200166 11 38 3.45455
665 1 1 1
300274 11 13 1.18182
1020 8 8 1
748 8 9 1.125
300936 15 35 2.33333
301057 3 4 1.33333
1415 5 5 1
1455 12 21 1.75
200087 9 28 3.11111
301017 6 7 1.16667
301317 2 2 1
994 2 2 1
300634 10 10 1
628 8 8 1
229 5 5 1
300914 8 35 4.375
300250 8 9 1.125
838 13 17 1.30769
300233 2 3 1.5
300228 5 20 4
200120 12 17 1.41667
677 2 2 1
766 10 22 2.2
100080 3 7 2.33333
100596 7 7 1
694 1 1 1
1125 5 5 1
100649 1 1 1
490 1 1 1
100542 12 21 1.75
201068 11 19 1.72727
418 10 18 1.8
201362 1 1 1
100636 11 21 1.90909
101525 12 13 1.08333
100979 4 9 2.25
101038 11 11 1
93 10 40 4
375 12 32 2.66667
100668 15 31 2.06667
200135 4 8 2
101064 11 27 2.45455
101360 10 15 1.5
101481 9 9 1
100605 6 28 4.66667
167 11 13 1.18182
200857 12 14 1.16667
201600 11 13 1.18182
100057 5 8 1.6
201108 7 11 1.57143
101112 12 31 2.58333
201211 8 11 1.375
201222 7 6 0.857143
201415 14 56 4
101048 11 22 2
200509 4 4 1
201022 8 14 1.75
201044 6 33 5.5
201359 7 40 5.71429
100969 9 13 1.44444
200837 3 7 2.33333
100271 1 1 1
300395 1 1 1
100218 11 24 2.18182
201331 1 1 1
100189 1 1 1
200002 259 294 1.13514
101391 4 5 1.25
201202 4 4 1
100935 5 6 1.2
200919 1 1 1
200450 10 10 1
101286 7 10 1.42857
100905 11 21 1.90909
201327 9 11 1.22222
201229 1 1 1
201434 7 7 1
101123 3 8 2.66667
101314 13 21 1.61538
201273 1 1 1
913 1 1 1
819 4 4 1
744 9 37 4.11111
301195 2 2 1
1512 11 12 1.09091
300055 19 20 1.05263
301444 7 7 1
100076 19 35 1.84211
300032 26 59 2.26923
72 8 9 1.125
300253 1 1 1
437 11 11 1
300109 13 13 1
203 1 1 1
1077 8 31 3.875
100553 5 5 1
1224 5 51 10.2
300463 11 11 1
100108 13 39 3
100833 9 13 1.44444
100107 13 13 1
100373 11 12 1.09091
141 12 16 1.33333
100286 9 20 2.22222
1294 9 9 1
100201 3 18 6
101062 5 13 2.6
201411 1 1 1
200844 3 3 1
100659 3 3 1
201356 5 30 6
300016 42 46 1.09524
757 7 20 2.85714
100121 13 21 1.61538
201303 4 17 4.25
100101 9 35 3.88889
101461 6 6 1
100141 1 1 1
411 9 15 1.66667
201247 5 23 4.6
101042 2 2 1
201592 10 16 1.6
200801 8 10 1.25
100882 1 1 1
100199 4 9 2.25
201562 4 11 2.75
200424 10 19 1.9
100898 1 1 1
101130 11 17 1.54545
200483 10 19 1.9
100517 1 1 1
101053 3 3 1
200387 2 2 1
201391 10 10 1
200331 10 31 3.1
201578 1 1 1
101376 8 9 1.125
301220 4 4 1
101024 3 3 1
201413 7 9 1.28571
101083 5 5 1
100341 5 14 2.8
201381 8 9 1.125
101071 2 13 6.5
100912 10 13 1.3
100169 3 19 6.33333
100895 3 3 1
100755 1 1 1
201236 14 18 1.28571
201572 13 30 2.30769
201416 9 22 2.44444
100916 7 10 1.42857
101487 1 1 1
201598 6 9 1.5
101482 1 1 1
101166 1 1 1
200704 11 11 1
101075 1 1 1
101252 4 22 5.5
200296 4 4 1
301123 3 3 1
1515 12 12 1
1319 5 5 1
300653 3 16 5.33333
300065 21 35 1.66667
301046 7 7 1
300932 3 3 1
1113 11 11 1
300523 9 19 2.11111
1451 7 11 1.57143
300710 11 12 1.09091
300327 11 37 3.36364
462 4 4 1
300045 13 22 1.69231
301283 11 11 1
301198 9 14 1.55556
1378 8 24 3
300459 7 22 3.14286
300774 3 3 1
571 1 1 1
300617 4 15 3.75
419 7 7 1
613 8 15 1.875
1090 6 6 1
962 1 1 1
100038 15 22 1.46667
300871 9 14 1.55556
100527 10 20 2
301463 11 18 1.63636
301049 11 42 3.81818
200102 14 16 1.14286
880 9 12 1.33333
100105 9 26 2.88889
100434 11 39 3.54545
644 7 17 2.42857
200134 3 3 1
100097 6 22 3.66667
1387 4 5 1.25
100611 13 24 1.84615
300195 15 47 3.13333
503 5 17 3.4
100249 12 43 3.58333
300021 24 37 1.54167
100454 10 24 2.4
300083 6 7 1.16667
201184 3 13 4.33333
852 8 11 1.375
100762 13 56 4.30769
201502 10 10 1
201047 9 12 1.33333
100779 10 23 2.3
245 13 17 1.30769
201409 14 42 3
100521 2 2 1
200828 1 1 1
101237 5 5 1
200407 13 15 1.15385
200913 6 6 1
200281 12 12 1
100489 8 20 2.5
100793 7 15 2.14286
201028 7 7 1
100862 2 2 1
100613 5 5 1
101196 7 7 1
200940 1 1 1
101040 15 31 2.06667
201427 5 5 1
100377 12 36 3
101452 7 7 1
100805 2 2 1
100354 11 17 1.54545
100380 5 9 1.8
100384 3 3 1
200683 1 1 1
101157 12 17 1.41667
301276 4 17 4.25
200056 5 5 1
201193 5 21 4.2
201571 11 17 1.54545
101492 11 16 1.45455
101513 4 4 1
101489 1 1 1
201050 5 32 6.4
200435 2 2 1
301191 2 2 1
300398 6 6 1
200396 6 14 2.33333
301499 9 9 1
200258 3 12 4
200042 1 1 1
200893 13 14 1.07692
301411 1 1 1
201552 8 11 1.375
200554 1 1 1
100950 2 35 17.5
200426 1 1 1
1329 10 10 1
1468 11 11 1
300599 4 9 2.25
300843 6 6 1
1461 6 6 1
300133 11 12 1.09091
300107 14 17 1.21429
300337 4 10 2.5
200616 8 43 5.375
991 10 34 3.4
301500 1 1 1
300469 9 9 1
775 6 8 1.33333
69 14 17 1.21429
737 4 14 3.5
651 1 1 1
301496 12 15 1.25
300409 7 28 4
200172 7 23 3.28571
300056 12 12 1
100044 11 12 1.09091
301486 2 2 1
1130 13 16 1.23077
875 11 12 1.09091
789 8 11 1.375
878 11 11 1
101238 9 10 1.11111
300071 9 18 2
1506 12 14 1.16667
598 4 4 1
313 8 28 3.5
100413 8 8 1
1253 2 4 2
1448 7 7 1
1012 8 9 1.125
100087 8 8 1
100765 14 14 1
653 3 15 5
300323 13 31 2.38462
100028 10 14 1.4
1465 1 1 1
100590 1 1 1
1271 9 27 3
101247 11 11 1
100273 16 28 1.75
101346 3 12 4
916 8 35 4.375
100894 4 9 2.25
100072 20 34 1.7
101092 3 22 7.33333
872 3 3 1
201508 8 20 2.5
108 10 11 1.1
100069 10 19 1.9
426 2 18 9
100094 1 1 1
200968 1 1 1
100724 8 16 2
101006 2 18 9
200236 3 17 5.66667
100667 4 7 1.75
100477 13 46 3.53846
200462 7 9 1.28571
200593 4 4 1
200352 13 26 2
100223 5 18 3.6
100104 13 14 1.07692
100710 6 8 1.33333
200417 8 11 1.375
100798 9 25 2.77778
200361 8 8 1
100021 33 57 1.72727
200901 2 2 1
100213 12 26 2.16667
201064 5 11 2.2
201091 11 10 0.909091
201540 9 12 1.33333
200340 1 1 1
201060 8 11 1.375
101034 12 25 2.08333
200787 3 6 2
201057 12 12 1
200403 10 12 1.2
301255 10 10 1
201344 13 15 1.15385
101369 9 22 2.44444
201176 2 2 1
301295 2 2 1
201319 1 1 1
301406 6 6 1
200022 22 24 1.09091
200680 8 22 2.75
200476 11 11 1
200342 9 9 1
300713 10 10 1
200615 1 1 1
300754 10 10 1
1078 6 16 2.66667
300362 8 8 1
828 9 10 1.11111
373 11 11 1
300374 6 13 2.16667
746 5 5 1
300558 2 2 1
301390 7 22 3.14286
300245 2 6 3
301515 9 11 1.22222
200091 12 35 2.91667
200068 3 6 2
1296 11 22 2
101 1 1 1
300295 8 8 1
300851 1 1 1
491 7 24 3.42857
300095 1 1 1
1042 8 30 3.75
300092 1 1 1
295 12 17 1.41667
100583 8 15 1.875
300920 8 10 1.25
300019 37 75 2.02703
300304 6 6 1
121 5 9 1.8
200073 15 23 1.53333
398 1 1 1
300042 10 20 2
300895 6 13 2.16667
233 8 8 1
100744 14 54 3.85714
740 11 12 1.09091
300171 10 22 2.2
200095 16 16 1
100443 8 8 1
300514 8 37 4.625
100330 4 11 2.75
743 9 9 1
100773 1 1 1
300273 9 17 1.88889
300292 17 61 3.58824
200184 11 12 1.09091
100748 11 13 1.18182
1279 11 15 1.36364
200885 5 26 5.2
300456 2 2 1
199 10 10 1
100709 6 9 1.5
300161 5 9 1.8
391 5 11 2.2
200819 3 3 1
100126 8 8 1
100635 6 6 1
201264 1 1 1
101304 4 8 2
201494 5 5 1
200351 1 1 1
205 8 10 1.25
201536 12 32 2.66667
101388 8 17 2.125
201369 3 4 1.33333
90 1 1 1
101484 7 10 1.42857
201567 8 12 1.5
101250 2 2 1
200921 1 1 1
101478 9 11 1.22222
100737 7 33 4.71429
101430 3 18 6
100119 13 13 1
100159 9 9 1
100626 8 13 1.625
200479 5 5 1
200442 1 1 1
201075 1 1 1
200370 12 12 1
101098 2 2 1
200579 9 30 3.33333
101355 11 16 1.45455
101026 13 13 1
101179 1 1 1
100632 9 9 1
301299 12 21 1.75
200469 9 9 1
201421 9 13 1.44444
100987 8 11 1.375
200379 4 6 1.5
201402 4 4 1
101394 9 11 1.22222
200669 9 18 2
200324 1 1 1
200761 12 23 1.91667
101283 14 47 3.35714
300626 1 1 1
301156 1 1 1
201397 1 1 1
200778 1 1 1
200473 2 10 5
1347 10 12 1.2
301035 6 8 1.33333
301323 7 19 2.71429
300063 20 21 1.05
300340 6 14 2.33333
301277 4 4 1
851 4 5 1.25
300998 1 1 1
300916 12 20 1.66667
976 1 1 1
300760 1 1 1
301021 1 1 1
409 3 15 5
300177 15 35 2.33333
234 1 1 1
200106 4 4 1
856 6 22 3.66667
301028 7 7 1
832 3 3 1
301025 8 8 1
973 10 10 1
300820 4 20 5
300520 7 10 1.42857
522 2 2 1
1328 6 7 1.16667
301429 7 10 1.42857
300788 9 9 1
586 1 1 1
164 12 42 3.5
771 11 24 2.18182
300104 1 1 1
301010 1 1 1
100855 2 2 1
831 9 9 1
300003 440 496 1.12727
325 8 13 1.625
206 9 9 1
1291 3 3 1
100163 11 23 2.09091
300531 13 27 2.07692
201111 11 11 1
100055 13 13 1
614 5 5 1
101073 6 19 3.16667
809 6 16 2.66667
758 1 1 1
101178 7 9 1.28571
485 9 33 3.66667
761 4 5 1.25
201093 9 9 1
482 6 6 1
201199 6 6 1
100780 11 11 1
100742 1 1 1
200260 10 14 1.4
200195 7 7 1
200043 21 29 1.38095
201169 6 25 4.16667
301265 1 1 1
201472 3 15 5
100631 8 19 2.375
200209 12 13 1.08333
101448 2 13 6.5
100336 4 4 1
101012 6 8 1.33333
201253 11 23 2.09091
301085 11 23 2.09091
201224 6 7 1.16667
201250 8 16 2
200455 2 3 1.5
200389 7 12 1.71429
301512 12 13 1.08333
200333 5 5 1
201365 1 1 1
300299 1 1 1
300413 6 9 1.5
301393 2 6 3
300302 1 1 1
300897 9 9 1
951 11 17 1.54545
301009 1 1 1
535 1 1 1
1327 2 3 1.5
301190 6 9 1.5
467 2 8 4
300837 4 8 2
719 7 31 4.42857
169 7 10 1.42857
412 4 5 1.25
300322 8 11 1.375
100083 17 46 2.70588
301113 10 15 1.5
468 1 1 1
113 2 4 2
300335 3 4 1.33333
253 9 10 1.11111
1295 13 20 1.53846
302 1 1 1
301319 1 1 1
300662 15 39 2.6
300266 4 4 1
10 95 102 1.07368
301359 8 25 3.125
358 6 21 3.5
733 9 10 1.11111
301523 1 1 1
301468 10 14 1.4
300221 3 10 3.33333
300968 10 32 3.2
100823 1 1 1
100534 8 8 1
100681 11 30 2.72727
100551 1 1 1
301349 5 5 1
300138 8 10 1.25
100688 5 20 4
300935 9 34 3.77778
1396 11 11 1
405 8 8 1
300880 8 23 2.875
300945 10 33 3.3
445 1 1 1
100800 13 35 2.69231
477 6 6 1
300073 20 20 1
100540 3 3 1
100006 26 48 1.84615
899 5 15 3
182 1 1 1
1151 5 15 3
100088 3 7 2.33333
1332 11 19 1.72727
300001 27 37 1.37037
100593 1 1 1
17 1 1 1
100674 10 10 1
100027 22 38 1.72727
1122 11 26 2.36364
200986 3 31 10.3333
1176 12 13 1.08333
835 2 2 1
921 6 10 1.66667
101466 2 2 1
100818 11 15 1.36364
200805 4 4 1
100948 1 1 1
100390 5 7 1.4
100279 8 15 1.875
998 12 27 2.25
100717 11 33 3
201055 7 8 1.14286
200101 6 6 1
201118 9 11 1.22222
100934 5 6 1.2
200672 1 1 1
100165 11 12 1.09091
100511 10 32 3.2
100109 5 5 1
100026 9 9 1
101341 8 11 1.375
101510 7 8 1.14286
100250 13 13 1
301281 7 11 1.57143
200326 15 77 5.13333
201590 13 25 1.92308
201078 7 28 4
201100 9 11 1.22222
201470 1 1 1
200633 8 14 1.75
100937 4 7 1.75
201398 4 7 1.75
200681 2 2 1
201504 9 18 2
200611 2 2 1
301273 12 14 1.16667
201461 3 21 7
200938 14 49 3.5
100990 3 6 2
101086 1 1 1
200256 17 54 3.17647
301329 4 13 3.25
100947 1 1 1
301031 3 3 1
200656 12 13 1.08333
300850 6 6 1
301256 13 28 2.15385
788 2 2 1
200051 4 10 2.5
200661 7 13 1.85714
1168 4 6 1.5
300367 1 1 1
1389 4 6 1.5
301237 6 6 1
399 12 28 2.33333
883 4 5 1.25
301147 3 3 1
301379 7 23 3.28571
301274 1 1 1
827 13 41 3.15385
1449 4 11 2.75
300708 7 10 1.42857
401 14 57 4.07143
560 12 27 2.25
605 3 3 1
784 5 5 1
100051 9 9 1
1504 1 1 1
443 11 11 1
300457 2 2 1
1209 5 25 5
300661 13 21 1.61538
300967 13 25 1.92308
300448 10 15 1.5
300358 2 2 1
301213 10 10 1
300102 7 10 1.42857
300091 7 7 1
1089 1 1 1
1450 4 16 4
300259 12 28 2.33333
300587 4 4 1
100437 4 4 1
1246 5 9 1.8
300280 17 39 2.29412
715 3 3 1
1281 3 3 1
100664 11 11 1
100842 13 29 2.23077
718 8 11 1.375
100187 9 16 1.77778
200888 1 1 1
545 9 12 1.33333
175 11 15 1.36364
568 7 17 2.42857
300238 11 11 1
865 1 1 1
200932 9 16 1.77778
101155 3 3 1
200168 1 1 1
100205 11 17 1.54545
100177 7 7 1
200900 2 2 1
100998 4 7 1.75
201275 6 6 1
200865 9 9 1
201271 1 1 1
201499 8 14 1.75
200907 9 16 1.77778
101207 5 5 1
101299 12 22 1.83333
100579 8 8 1
200368 12 13 1.08333
200827 5 10 2
100414 6 13 2.16667
100836 11 11 1
200910 11 19 1.72727
201452 7 11 1.57143
100470 4 4 1
100565 12 14 1.16667
201490 1 1 1
201148 1 1 1
200046 16 16 1
100854 4 4 1
201393 1 1 1
100525 12 12 1
100621 10 12 1.2
100144 12 60 5
100922 10 11 1.1
100867 4 4 1
201553 8 8 1
100776 10 14 1.4
101375 8 10 1.25
101000 12 13 1.08333
200580 4 4 1
201569 8 8 1
301505 2 7 3.5
201526 3 7 2.33333
301403 2 17 8.5
200411 11 11 1
200631 6 10 1.66667
300637 5 6 1.2
300746 12 16 1.33333
200020 10 10 1
200057 8 26 3.25
301464 8 10 1.25
536 9 27 3
810 3 8 2.66667
1015 12 39 3.25
300079 7 11 1.57143
890 8 26 3.25
301150 2 2 1
648 12 15 1.25
200179 3 9 3
1085 3 4 1.33333
301202 7 7 1
583 3 13 4.33333
218 12 12 1
301518 6 7 1.16667
871 12 17 1.41667
610 12 19 1.58333
66 2 2 1
824 5 14 2.8
1487 8 10 1.25
591 3 3 1
301524 3 3 1
873 1 1 1
300303 3 5 1.66667
301181 11 14 1.27273
300336 13 24 1.84615
2 15 19 1.26667
300578 2 2 1
539 6 6 1
1114 1 1 1
100768 9 12 1.33333
301415 3 3 1
596 2 2 1
947 3 25 8.33333
450 3 11 3.66667
100728 2 5 2.5
97 12 48 4
604 1 1 1
100296 15 38 2.53333
100760 5 5 1
892 2 2 1
300677 1 1 1
521 3 4 1.33333
1004 9 22 2.44444
200931 12 20 1.66667
101408 7 7 1
408 2 2 1
431 1 1 1
200714 5 13 2.6
929 3 6 2
201441 9 25 2.77778
201074 1 1 1
101119 2 3 1.5
100426 1 1 1
100782 13 46 3.53846
101352 1 1 1
619 2 5 2.5
76 14 17 1.21429
101099 13 24 1.84615
201449 4 10 2.5
201066 6 19 3.16667
101102 2 2 1
101511 1 1 1
101333 8 12 1.5
100332 13 35 2.69231
201519 6 6 1
101380 3 30 10
100136 1 1 1
200012 20 40 2
100389 8 8 1
201131 6 6 1
200795 1 1 1
201196 9 39 4.33333
201383 1 1 1
200909 15 37 2.46667
100343 2 10 5
200798 1 1 1
101305 1 1 1
101406 9 19 2.11111
201400 7 21 3
301454 9 12 1.33333
301369 9 10 1.11111
300381 13 15 1.15385
301401 9 9 1
300569 8 22 2.75
200015 25 31 1.24
200423 1 1 1
300682 11 19 1.72727
301261 13 16 1.23077
300159 8 25 3.125
1127 3 7 2.33333
300931 7 7 1
301417 6 6 1
300231 3 3 1
300307 4 7 1.75
911 4 6 1.5
300934 3 3 1
624 12 19 1.58333
1360 6 16 2.66667
63 5 11 2.2
300403 1 1 1
301284 3 4 1.33333
300688 1 1 1
300030 35 108 3.08571
300372 4 4 1
300681 11 13 1.18182
300007 14 16 1.14286
300397 5 10 2
968 9 15 1.66667
300175 8 9 1.125
140 4 4 1
100431 2 2 1
666 2 2 1
301157 4 4 1
100493 9 9 1
300957 12 19 1.58333
301398 9 9 1
301352 1 1 1
301423 3 3 1
28 30 31 1.03333
301495 11 18 1.63636
908 3 9 3
300495 9 9 1
646 5 5 1
100099 15 23 1.53333
747 10 10 1
100539 7 7 1
633 3 3 1
300796 9 9 1
100735 11 17 1.54545
101440 7 7 1
1446 9 9 1
100252 7 23 3.28571
100451 6 5 0.833333
1181 5 5 1
582 1 1 1
926 13 24 1.84615
101383 6 9 1.5
698 3 3 1
201355 10 12 1.2
588 6 6 1
100124 5 17 3.4
100307 12 13 1.08333
200 9 22 2.44444
100819 15 64 4.26667
201287 9 11 1.22222
201343 1 1 1
200274 1 1 1
200204 4 4 1
200728 6 6 1
100401 14 19 1.35714
101135 2 21 10.5
101434 5 7 1.4
200006 101 135 1.33663
201182 6 6 1
100795 3 8 2.66667
100255 2 2 1
200740 1 1 1
101255 8 26 3.25
100707 1 1 1
100699 7 8 1.14286
201038 3 3 1
301217 3 3 1
101055 2 2 1
200872 8 8 1
100245 8 9 1.125
201357 10 15 1.5
201447 1 1 1
100127 6 9 1.5
201602 5 5 1
201092 12 36 3
201163 12 33 2.75
200871 13 22 1.69231
200266 14 17 1.21429
201052 11 11 1
101363 1 1 1
101090 7 13 1.85714
201513 2 5 2.5
200587 2 31 15.5
101504 4 4 1
200197 6 6 1
300992 9 10 1.11111
101371 9 15 1.66667
201218 14 23 1.64286
1321 8 22 2.75
301073 1 1 1
201554 8 10 1.25
1299 2 9 4.5
300865 5 32 6.4
301223 1 1 1
1269 11 13 1.18182
1331 1 1 1
301355 1 1 1
300476 4 4 1
300135 5 5 1
438 9 11 1.22222
215 1 1 1
300005 217 254 1.17051
798 14 16 1.14286
1141 3 3 1
80 12 12 1
946 9 11 1.22222
959 6 6 1
136 1 1 1
1383 5 5 1
802 12 12 1
300149 7 13 1.85714
301032 4 10 2.5
557 1 1 1
837 2 2 1
815 11 16 1.45455
497 13 17 1.30769
1407 4 4 1
494 6 7 1.16667
154 6 11 1.83333
100860 2 2 1
350 6 23 3.83333
300343 3 3 1
300512 6 10 1.66667
100357 6 12 2
791 12 12 1
100848 15 30 2
209 5 11 2.2
200171 1 1 1
100639 9 26 2.88889
300458 7 8 1.14286
300804 11 17 1.54545
1390 2 2 1
1286 1 1 1
686 15 34 2.26667
200097 10 24 2.4
979 11 32 2.90909
1502 5 7 1.4
100508 9 9 1
300289 6 10 1.66667
820 1 1 1
300227 9 18 2
201178 12 23 1.91667
200957 3 34 11.3333
101221 8 23 2.875
100652 4 4 1
100598 6 6 1
932 8 15 1.875
201018 13 13 1
201021 10 13 1.3
100351 1 1 1
100869 10 10 1
200770 7 19 2.71429
101339 5 5 1
101402 9 11 1.22222
201309 13 27 2.07692
201575 7 14 2
200071 2 2 1
201506 6 23 3.83333
100339 6 8 1.33333
101277 12 37 3.08333
100771 2 2 1
100645 5 32 6.4
101357 8 10 1.25
100955 6 15 2.5
100423 7 14 2
101336 1 1 1
301252 1 1 1
101128 11 29 2.63636
100958 6 6 1
100501 12 12 1
101387 11 13 1.18182
101081 7 9 1.28571
100149 3 3 1
100237 10 12 1.2
101358 1 1 1
100994 11 51 4.63636
201337 13 17 1.30769
200962 10 24 2.4
200029 7 13 1.85714
301059 5 5 1
100927 9 9 1
300364 6 6 1
300919 12 30 2.5
101308 9 14 1.55556
101332 5 5 1
101132 8 8 1
200288 4 8 2
301080 1 1 1
101067 1 1 1
301224 10 28 2.8
200738 1 1 1
101211 11 20 1.81818
200328 3 15 5
200354 14 30 2.14286
200453 4 4 1
300294 5 10 2
300997 9 23 2.55556
300751 2 2 1
701 1 1 1
301271 10 20 2
300757 12 12 1
300130 4 27 6.75
301469 1 1 1
300329 10 12 1.2
300584 5 5 1
301245 2 7 3.5
301387 3 11 3.66667
487 4 12 3
942 10 18 1.8
292 9 17 1.88889
300220 16 31 1.9375
860 13 16 1.23077
300789 13 33 2.53846
904 14 28 2
301139 1 1 1
127 14 34 2.42857
301437 8 8 1
300247 1 1 1
385 5 10 2
457 3 4 1.33333
695 10 15 1.5
1221 11 18 1.63636
300845 1 1 1
300377 12 17 1.41667
301066 2 13 6.5
100589 4 6 1.5
300903 8 34 4.25
301013 8 18 2.25
551 8 15 1.875
300989 1 1 1
300240 7 7 1
425 1 1 1
236 13 26 2
231 1 1 1
101538 3 3 1
300096 10 10 1
300235 5 5 1
100257 5 5 1
200861 11 14 1.27273
300051 2 6 3
679 10 10 1
101224 1 1 1
977 10 32 3.2
413 6 10 1.66667
421 3 3 1
894 9 24 2.66667
100481 3 3 1
266 2 2 1
493 5 6 1.2
100324 8 36 4.5
846 12 23 1.91667
201387 6 7 1.16667
440 10 12 1.2
322 13 37 2.84615
200255 7 33 4.71429
100198 4 4 1
558 1 1 1
201282 10 14 1.4
100113 2 2 1
100277 2 8 4
201548 7 10 1.42857
200998 6 11 1.83333
100824 7 11 1.57143
100385 4 34 8.5
100123 12 20 1.66667
201476 9 11 1.22222
200583 10 19 1.9
100308 7 13 1.85714
200835 1 1 1
200518 10 13 1.3
200710 1 1 1
201485 1 1 1
200294 6 7 1.16667
200916 5 9 1.8
201425 1 1 1
200196 11 11 1
201597 11 11 1
201301 2 2 1
100282 11 26 2.36364
100173 4 8 2
200405 10 37 3.7
301259 13 23 1.76923
200429 2 2 1
100715 12 12 1
201104 1 1 1
101294 2 8 4
200992 4 13 3.25
200824 11 22 2
101037 11 26 2.36364
101147 2 10 5
101307 3 19 6.33333
301175 2 3 1.5
300917 2 2 1
300574 5 28 5.6
300773 7 14 2
200224 4 4 1
300873 7 7 1
201561 4 5 1.25
300985 2 20 10
1470 7 8 1.14286
300284 14 29 2.07143
764 14 18 1.28571
300841 3 28 9.33333
300258 2 2 1
1262 7 28 4
300939 1 1 1
1023 12 38 3.16667
631 8 10 1.25
300339 6 15 2.5
1202 1 1 1
300108 11 16 1.45455
300883 7 7 1
599 5 5 1
1198 11 17 1.54545
300582 1 1 1
300742 11 35 3.18182
1335 10 10 1
300995 11 14 1.27273
500 11 46 4.18182
896 4 11 2.75
300535 1 1 1
301446 6 6 1
927 3 5 1.66667
781 11 11 1
928 6 6 1
100528 9 9 1
210 2 2 1
960 15 39 2.6
100462 8 13 1.625
735 1 1 1
301389 11 16 1.45455
300697 13 37 2.84615
816 11 11 1
300585 1 1 1
201094 10 31 3.1
855 6 6 1
572 5 5 1
509 13 31 2.38462
200831 3 3 1
318 14 54 3.85714
201146 1 1 1
201090 2 30 15
448 4 4 1
100792 1 1 1
1154 12 15 1.25
132 11 11 1
100185 12 12 1
201210 10 13 1.3
201589 11 15 1.36364
201140 12 35 2.91667
100545 10 21 2.1
201533 1 1 1
577 11 21 1.90909
101153 4 15 3.75
101503 6 6 1
201128 3 3 1
200759 4 8 2
100570 4 21 5.25
101458 6 10 1.66667
201160 8 12 1.5
200653 5 30 6
4 179 266 1.48603
200160 1 1 1
201269 5 21 4.2
100433 2 2 1
100580 7 7 1
201192 6 7 1.16667
200685 11 11 1
200733 2 2 1
200947 2 2 1
100577 6 6 1
201154 1 1 1
100843 1 1 1
100407 4 11 2.75
101227 6 7 1.16667
201027 12 14 1.16667
100221 14 17 1.21429
100616 4 4 1
200814 8 15 1.875
200667 13 42 3.23077
201384 3 3 1
100162 13 36 2.76923
100315 12 16 1.33333
201272 9 12 1.33333
100009 40 48 1.2
101298 10 10 1
201455 1 1 1
301111 3 9 3
101494 3 4 1.33333
200061 2 2 1
201550 2 4 2
201405 1 1 1
301253 4 25 6.25
201288 1 1 1
300407 7 7 1
1371 2 13 6.5
1481 3 3 1
300510 7 7 1
1379 13 36 2.76923
300823 11 11 1
1484 4 4 1
200605 10 12 1.2
200658 7 11 1.57143
300867 10 16 1.6
1307 5 24 4.8
300013 180 205 1.13889
300529 4 4 1
300891 10 11 1.1
877 10 19 1.9
300276 1 1 1
300492 12 18 1.5
632 12 34 2.83333
1419 3 3 1
1440 7 8 1.14286
200103 13 16 1.23077
200162 9 10 1.11111
1025 1 1 1
888 7 7 1
1445 7 7 1
301402 6 21 3.5
300022 35 52 1.48571
115 11 19 1.72727
100594 11 14 1.27273
339 3 3 1
100033 36 91 2.52778
300790 1 1 1
300040 9 23 2.55556
100520 11 30 2.72727
101515 7 7 1
100093 7 24 3.42857
100445 10 10 1
1491 12 30 2.5
1218 9 32 3.55556
300465 8 19 2.375
1398 1 1 1
1421 6 11 1.83333
100441 3 3 1
891 10 11 1.1
200127 9 14 1.55556
201183 10 20 2
1106 2 2 1
1277 6 8 1.33333
101199 1 1 1
197 9 20 2.22222
1184 10 24 2.4
100321 13 13 1
200929 8 21 2.625
200981 1 1 1
100459 1 1 1
200532 6 10 1.66667
200093 4 3 0.75
100973 11 11 1
200109 2 8 4
101117 9 10 1.11111
100424 7 7 1
100274 10 20 2
201604 8 8 1
200775 10 13 1.3
200757 1 1 1
201541 2 2 1
201279 2 10 5
201296 11 15 1.36364
201126 8 12 1.5
101045 11 24 2.18182
101368 7 10 1.42857
200394 12 13 1.08333
101160 13 46 3.53846
100785 10 31 3.1
101303 5 38 7.6
100951 5 8 1.6
200990 3 3 1
101150 9 21 2.33333
101159 6 6 1
200308 13 20 1.53846
200793 12 21 1.75
101516 6 6 1
300353 7 7 1
201315 3 3 1
101428 11 16 1.45455
301127 3 5 1.66667
201483 10 26 2.6
301178 1 1 1
200676 3 12 4
301503 2 2 1
300743 1 1 1
301376 3 4 1.33333
200703 5 5 1
301418 1 1 1
200010 12 26 2.16667
300795 1 1 1
200493 11 26 2.36364
301238 5 5 1
200475 8 31 3.875
301033 12 17 1.41667
300429 1 1 1
996 2 2 1
300489 5 5 1
845 7 11 1.57143
300990 4 4 1
909 9 18 2
120 1 1 1
300219 13 14 1.07692
300237 14 15 1.07143
543 1 1 1
192 5 20 4
301383 8 15 1.875
639 8 9 1.125
305 15 19 1.26667
957 3 10 3.33333
301130 5 34 6.8
275 1 1 1
300718 11 11 1
300263 16 37 2.3125
786 7 14 2
300665 8 11 1.375
200147 14 24 1.71429
300173 2 3 1.5
100448 11 33 3
656 7 28 4
300785 8 16 2
1457 8 9 1.125
589 6 6 1
100075 15 15 1
300777 12 28 2.33333
1393 1 1 1
123 14 14 1
1499 2 2 1
92 4 28 7
483 7 11 1.57143
938 6 11 1.83333
201188 11 22 2
200078 12 27 2.25
300265 2 10 5
611 6 23 3.83333
100767 9 13 1.44444
271 16 29 1.8125
311 9 14 1.55556
100679 12 20 1.66667
100566 7 10 1.42857
100500 5 13 2.6
201138 11 28 2.54545
298 4 4 1
200848 10 9 0.9
415 12 37 3.08333
200066 3 7 2.33333
301 3 3 1
201072 11 11 1
56 1 1 1
200961 1 1 1
201040 5 5 1
100628 8 9 1.125
38 17 17 1
100548 9 8 0.888889
200383 10 13 1.3
200400 5 11 2.2
101420 4 4 1
200513 13 41 3.15385
101476 1 1 1
101253 3 3 1
201015 11 25 2.27273
200457 3 3 1
201527 1 1 1
201081 9 13 1.44444
201174 10 11 1.1
200198 2 13 6.5
100327 7 7 1
101127 10 10 1
200504 1 1 1
200847 3 5 1.66667
301441 2 8 4
200988 4 4 1
200582 2 6 3
200490 7 10 1.42857
200557 13 43 3.30769
300507 1 1 1
301382 10 17 1.7
300275 9 14 1.55556
301438 5 6 1.2
301334 10 21 2.1
301451 8 11 1.375
200433 4 10 2.5
300863 12 12 1
301141 7 11 1.57143
300163 4 4 1
300781 3 5 1.66667
972 6 26 4.33333
300201 1 1 1
300722 2 2 1
300283 6 6 1
805 5 5 1
301353 7 22 3.14286
301430 11 21 1.90909
763 14 26 1.85714
1003 3 5 1.66667
585 2 2 1
300733 1 1 1
301014 2 2 1
301309 11 14 1.27273
300621 1 1 1
300076 4 18 4.5
100066 19 23 1.21053
473 9 9 1
300315 8 8 1
301412 6 6 1
944 2 2 1
301455 9 13 1.44444
100089 9 19 2.11111
300072 9 10 1.11111
1410 7 12 1.71429
863 15 49 3.26667
1437 5 7 1.4
637 1 1 1
300427 7 8 1.14286
708 12 22 1.83333
300224 9 10 1.11111
300216 7 7 1
300418 10 10 1
300596 10 10 1
300525 12 28 2.33333
100859 6 6 1
300123 10 11 1.1
301005 1 1 1
300869 1 1 1
100391 5 12 2.4
100549 9 7 0.777778
1162 1 1 1
243 5 7 1.4
987 2 2 1
1197 3 9 3
990 4 24 6
627 1 1 1
300311 12 12 1
101535 2 2 1
100061 6 13 2.16667
100004 110 154 1.4
100810 4 4 1
101041 1 1 1
812 2 2 1
100784 1 1 1
100873 10 12 1.2
102 15 24 1.6
100196 10 11 1.1
9 12 16 1.33333
101337 13 11 0.846154
100694 12 13 1.08333
201179 6 6 1
100362 5 12 2.4
101354 2 4 2
200391 10 14 1.4
101270 7 40 5.71429
101272 12 42 3.5
101335 8 12 1.5
200789 7 9 1.28571
200292 13 13 1
101382 6 10 1.66667
201361 8 30 3.75
100031 16 30 1.875
301289 5 5 1
200928 12 29 2.41667
201134 5 29 5.8
200816 5 5 1
101438 1 1 1
201539 5 6 1.2
300588 2 2 1
301490 7 8 1.14286
300704 4 74 18.5
300375 11 11 1
300499 9 14 1.55556
301448 8 8 1
1249 9 11 1.22222
300114 3 3 1
924 9 10 1.11111
300454 1 1 1
1178 11 15 1.36364
300848 1 1 1
300059 24 34 1.41667
1422 9 9 1
732 11 23 2.09091
617 12 25 2.08333
285 4 4 1
1069 2 6 3
300386 9 9 1
300036 4 4 1
300430 9 9 1
300909 10 16 1.6
31 31 36 1.16129
300762 6 6 1
300881 10 10 1
200083 3 3 1
160 1 1 1
1086 1 1 1
125 14 21 1.5
1278 13 20 1.53846
100746 4 4 1
301362 8 17 2.125
100456 1 1 1
301338 4 9 2.25
1303 5 9 1.8
917 10 10 1
200099 15 22 1.46667
100713 5 5 1
300223 12 16 1.33333
200076 17 22 1.29412
101244 7 7 1
300609 3 3 1
402 6 10 1.66667
300959 8 10 1.25
841 7 12 1.71429
201132 2 13 6.5
300766 1 1 1
37 12 16 1.33333
100671 7 10 1.42857
100398 3 7 2.33333
300174 12 12 1
100311 1 1 1
200896 12 15 1.25
100743 12 15 1.25
988 11 39 3.54545
200191 9 11 1.22222
201009 2 13 6.5
464 3 3 1
100420 1 1 1
200298 14 35 2.5
100956 6 45 7.5
101364 5 16 3.2
357 6 6 1
200271 11 22 2
201385 10 14 1.4
200365 1 1 1
201565 5 5 1
200277 14 32 2.28571
100465 10 9 0.9
200173 12 12 1
200221 5 9 1.8
200304 1 1 1
200025 14 23 1.64286
200566 8 24 3
201120 10 17 1.7
100852 7 12 1.71429
201096 6 6 1
200285 6 11 1.83333
100846 13 25 1.92308
101532 6 7 1.16667
200399 10 26 2.6
200689 8 9 1.125
201326 3 3 1
101225 5 8 1.6
100300 2 2 1
200905 5 5 1
101343 12 24 2
100288 11 13 1.18182
101328 6 6 1
200299 6 6 1
201534 2 2 1
200023 15 21 1.4
201558 2 3 1.5
101373 12 29 2.41667
201215 5 5 1
100318 6 6 1
301513 10 10 1
101142 2 2 1
301351 1 1 1
200310 1 1 1
200313 8 15 1.875
301507 8 8 1
301280 1 1 1
301197 3 6 2
200290 4 12 3
101313 11 11 1
301508 11 13 1.18182
1404 1 1 1
696 11 11 1
300701 5 10 2
1052 6 6 1
1124 11 25 2.27273
513 8 8 1
300198 8 10 1.25
301212 6 14 2.33333
300478 1 1 1
1260 3 3 1
300894 8 26 3.25
1452 6 11 1.83333
300132 4 18 4.5
300983 12 23 1.91667
1362 6 13 2.16667
642 12 12 1
301467 1 1 1
300602 1 1 1
301006 10 10 1
300371 3 3 1
1368 11 11 1
1033 3 3 1
300668 7 16 2.28571
300025 6 7 1.16667
265 10 18 1.8
300445 6 24 4
301485 5 6 1.2
300847 1 1 1
1174 7 25 3.57143
32 28 48 1.71429
149 11 11 1
290 15 24 1.6
300301 1 1 1
256 9 13 1.44444
1133 12 12 1
395 3 3 1
100410 7 8 1.14286
300442 3 14 4.66667
60 20 27 1.35
100485 5 5 1
116 1 1 1
100783 10 12 1.2
172 1 1 1
201088 3 3 1
200776 11 13 1.18182
200858 15 52 3.46667
101190 9 9 1
100704 4 8 2
46 23 30 1.30435
100966 5 41 8.2
100291 4 4 1
201208 7 41 5.85714
469 10 35 3.5
100048 19 21 1.10526
101216 9 32 3.55556
101105 13 17 1.30769
201107 3 3 1
200386 5 5 1
190 6 45 7.5
100687 6 13 2.16667
200995 10 13 1.3
200964 6 11 1.83333
101242 7 33 4.71429
201231 12 18 1.5
100719 2 2 1
100820 4 4 1
100180 2 2 1
100791 4 15 3.75
100013 28 47 1.67857
201347 7 17 2.42857
100438 2 2 1
100473 8 13 1.625
100562 7 19 2.71429
201419 11 29 2.63636
200730 9 9 1
200640 8 8 1
200262 12 17 1.41667
101170 8 11 1.375
200765 10 10 1
100405 13 58 4.46154
200491 13 49 3.76923
101454 10 10 1
200975 8 13 1.625
201324 5 5 1
200268 13 35 2.69231
100293 10 16 1.6
301292 15 29 1.93333
200884 3 4 1.33333
200806 10 10 1
100939 5 28 5.6
200842 8 11 1.375
200276 12 18 1.5
301215 10 18 1.8
201410 2 4 2
200048 3 3 1
200649 5 9 1.8
201556 2 2 1
301493 11 13 1.18182
200530 5 5 1
201516 3 3 1
101310 2 10 5
101334 4 19 4.75
201329 7 9 1.28571
300141 4 19 4.75
300400 4 15 3.75
300941 2 2 1
301504 12 13 1.08333
300560 12 25 2.08333
301290 4 7 1.75
300639 4 10 2.5
300417 9 45 5
301520 8 8 1
301240 5 31 6.2
1302 3 3 1
703 1 1 1
300783 1 1 1
300090 13 13 1
974 3 3 1
301471 2 2 1
300961 5 5 1
301121 4 9 2.25
1170 4 12 3
301296 6 6 1
300698 1 1 1
300243 8 12 1.5
807 7 24 3.42857
366 14 45 3.21429
567 10 19 1.9
1138 5 11 2.2
1365 4 10 2.5
1414 2 2 1
1254 10 11 1.1
1217 13 33 2.53846
300202 13 13 1
1156 9 18 2
527 12 22 1.83333
228 4 7 1.75
647 6 11 1.83333
728 12 20 1.66667
676 3 18 6
200065 4 4 1
301394 6 6 1
300053 19 40 2.10526
826 1 1 1
100246 4 5 1.25
1427 4 4 1
801 2 2 1
100439 10 12 1.2
101462 8 9 1.125
100152 3 23 7.66667
532 8 12 1.5
100816 2 2 1
1416 5 5 1
100815 5 23 4.6
200951 1 1 1
27 22 29 1.31818
100733 6 6 1
168 8 25 3.125
101257 8 8 1
201491 1 1 1
101450 9 13 1.44444
200200 6 6 1
200226 7 9 1.28571
101258 2 27 13.5
101020 1 1 1
100047 10 10 1
201388 11 11 1
200561 1 1 1
100145 7 7 1
201098 4 4 1
201317 12 15 1.25
200505 1 1 1
200444 4 4 1
101275 4 35 8.75
100492 13 19 1.46154
101027 1 1 1
200372 5 5 1
201420 5 5 1
200569 7 12 1.71429
200692 1 1 1
201277 6 6 1
201180 5 7 1.4
101013 8 15 1.875
100214 5 5 1
100261 9 9 1
201254 4 21 5.25
100192 8 11 1.375
101293 4 10 2.5
200359 3 12 4
100678 3 5 1.66667
101285 5 5 1
301262 5 6 1.2
200985 13 19 1.46154
201115 7 11 1.57143
101101 9 14 1.55556
200923 2 2 1
200336 11 11 1
101271 2 8 4
101311 11 20 1.81818
200609 2 2 1
200264 5 5 1
200419 7 15 2.14286
201478 2 2 1
100925 15 28 1.86667
201448 10 10 1
300734 12 32 2.66667
300986 10 10 1
300962 2 2 1
300649 1 1 1
1409 8 15 1.875
300603 9 21 2.33333
300424 1 1 1
300749 2 2 1
300853 6 12 2
300120 2 2 1
300449 6 11 1.83333
300103 9 10 1.11111
148 5 5 1
749 12 12 1
300767 14 13 0.928571
300110 8 24 3
301055 11 21 1.90909
300771 2 2 1
100568 8 10 1.25
1517 5 5 1
300737 4 4 1
196 2 13 6.5
300460 8 9 1.125
1293 7 11 1.57143
301128 5 39 7.8
1351 5 16 3.2
200158 12 12 1
300168 10 15 1.5
55 26 83 3.19231
200121 1 1 1
1493 3 3 1
1434 1 1 1
100503 2 2 1
300716 9 9 1
300453 3 3 1
100787 8 23 2.875
300673 11 18 1.63636
300927 8 10 1.25
100756 9 21 2.33333
84 19 22 1.15789
100504 4 11 2.75
930 7 17 2.42857
300817 7 15 2.14286
1204 3 4 1.33333
300191 9 14 1.55556
300501 8 8 1
300131 9 21 2.33333
101396 1 1 1
300629 11 11 1
1425 7 25 3.57143
668 1 1 1
300064 4 5 1.25
100770 2 2 1
753 3 3 1
724 3 3 1
750 7 15 2.14286
300181 6 11 1.83333
531 4 4 1
200183 8 9 1.125
458 11 41 3.72727
101009 7 15 2.14286
603 10 10 1
101410 3 4 1.33333
201024 7 25 3.57143
65 21 37 1.7619
100897 9 9 1
200914 5 5 1
101418 7 7 1
100172 7 10 1.42857
100531 1 1 1
101474 10 16 1.6
101049 2 2 1
200111 5 6 1.2
100316 15 16 1.06667
101424 12 41 3.41667
101200 7 22 3.14286
201194 9 48 5.33333
200889 11 12 1.09091
201298 5 6 1.2
101411 8 8 1
100538 5 31 6.2
101483 2 3 1.5
200750 13 13 1
101074 1 1 1
100965 8 12 1.5
200769 5 8 1.6
200713 1 1 1
200305 6 11 1.83333
200249 17 23 1.35294
100999 4 32 8
301241 5 5 1
300355 1 1 1
101321 10 11 1.1
1105 10 10 1
200436 6 6 1
301173 4 26 6.5
301082 5 20 4
300049 7 7 1
300572 2 2 1
301166 11 25 2.27273
301364 3 14 4.66667
300497 9 9 1
556 2 29 14.5
1234 1 1 1
692 5 7 1.4
1486 2 2 1
300035 14 14 1
300618 12 14 1.16667
73 3 3 1
300188 5 10 2
200143 10 21 2.1
397 12 11 0.916667
301145 7 9 1.28571
515 3 14 4.66667
300391 8 17 2.125
301482 7 7 1
300310 14 22 1.57143
341 16 59 3.6875
682 12 17 1.41667
300579 12 27 2.25
300494 1 1 1
301090 6 6 1
300543 10 16 1.6
300067 19 21 1.10526
685 12 20 1.66667
858 7 7 1
300690 5 19 3.8
1018 6 6 1
300146 11 12 1.09091
301453 2 3 1.5
300422 1 1 1
1381 11 11 1
301434 9 11 1.22222
300779 5 5 1
300207 4 25 6.25
301410 7 9 1.28571
100247 6 6 1
100287 4 5 1.25
301037 9 46 5.11111
100160 1 1 1
100830 10 12 1.2
300062 1 1 1
200177 6 21 3.5
100018 17 31 1.82353
1000 8 21 2.625
330 6 12 2
200140 1 1 1
985 7 15 2.14286
59 7 29 4.14286
1066 1 1 1
100229 3 3 1
100269 7 18 2.57143
200912 2 2 1
100510 6 6 1
166 12 13 1.08333
201426 1 1 1
100838 1 1 1
100383 12 12 1
100053 7 8 1.14286
100077 6 33 5.5
100353 5 7 1.4
101030 9 16 1.77778
201579 3 4 1.33333
100975 3 3 1
201033 13 19 1.46154
101349 2 15 7.5
101091 6 15 2.5
101230 1 1 1
200001 49 37 0.755102
200545 5 8 1.6
200449 8 19 2.375
100280 11 11 1
201209 9 25 2.77778
301122 7 22 3.14286
101016 1 1 1
101104 10 11 1.1
301360 5 7 1.4
200055 5 17 3.4
201166 11 17 1.54545
200560 8 24 3
200723 9 9 1
200840 2 8 4
301325 6 6 1
200503 10 10 1
201307 4 4 1
301045 13 46 3.53846
300764 10 13 1.3
301062 1 1 1
300721 15 33 2.2
1489 9 20 2.22222
200629 12 12 1
300632 8 7 0.875
774 4 4 1
736 3 17 5.66667
300113 12 12 1
300054 13 43 3.30769
301326 6 6 1
300081 7 7 1
301303 12 15 1.25
301433 8 8 1
1195 11 11 1
300956 3 16 5.33333
1021 1 1 1
1355 2 10 5
1240 11 27 2.45455
300810 5 5 1
301056 4 17 4.25
1200 3 8 2.66667
725 4 20 5
282 1 1 1
227 8 12 1.5
1505 1 1 1
301409 6 6 1
157 1 1 1
1076 2 2 1
300802 13 17 1.30769
300600 12 22 1.83333
355 12 12 1
144 13 26 2
100827 7 17 2.42857
300643 2 2 1
1123 10 10 1
100676 6 19 3.16667
100684 12 17 1.41667
337 15 15 1
1270 4 4 1
100272 4 4 1
300160 9 14 1.55556
100543 8 8 1
100460 4 4 1
100683 3 8 2.66667
101243 6 34 5.66667
7 107 142 1.3271
176 10 10 1
100576 6 17 2.83333
300099 16 20 1.25
131 1 1 1
212 9 23 2.55556
300435 4 4 1
300806 3 3 1
200829 1 1 1
101134 6 23 3.83333
201407 12 24 2
101214 9 19 2.11111
100178 5 5 1
822 6 7 1.16667
200869 8 31 3.875
200979 9 9 1
101455 9 12 1.33333
100863 6 6 1
200917 12 29 2.41667
200393 7 12 1.71429
101477 5 7 1.4
201109 10 13 1.3
101290 7 10 1.42857
100251 14 38 2.71429
200216 4 12 3
100685 9 17 1.88889
101379 1 1 1
201380 2 2 1
200443 10 24 2.4
200959 6 11 1.83333
200247 11 12 1.09091
100929 4 6 1.5
201475 9 10 1.11111
100209 4 6 1.5
200572 14 48 3.42857
200679 7 20 2.85714
100647 4 4 1
100233 16 53 3.3125
100444 7 11 1.57143
201245 2 2 1
200892 8 20 2.5
200402 8 10 1.25
200349 2 5 2.5
100919 5 10 2
200397 4 25 6.25
200812 13 19 1.46154
201372 8 8 1
201318 6 9 1.5
200657 1 1 1
301268 7 7 1
201190 13 15 1.15385
200601 3 23 7.66667
101523 7 7 1
201069 12 12 1
201259 10 12 1.2
101296 9 9 1
301109 3 6 2
301244 6 6 1
200338 9 16 1.77778
101039 10 32 3.2
200673 10 10 1
200202 9 9 1
200282 1 1 1
300433 12 11 0.916667
200626 2 16 8
300858 2 2 1
300671 1 1 1
200551 11 25 2.27273
1403 8 15 1.875
1026 5 34 6.8
1513 8 11 1.375
1377 3 9 3
1411 6 13 2.16667
301102 4 4 1
352 1 1 1
579 3 4 1.33333
301001 9 9 1
301065 1 1 1
870 7 14 2
100045 5 10 2
1131 2 2 1
262 11 26 2.36364
300889 4 5 1.25
300187 12 18 1.5
300977 9 13 1.44444
301185 13 22 1.69231
510 7 19 2.71429
300892 1 1 1
1161 10 11 1.1
454 5 12 2.4
301462 7 8 1.14286
314 1 1 1
300251 13 22 1.69231
300981 5 21 4.2
300139 1 1 1
575 10 13 1.3
135 8 20 2.5
884 9 25 2.77778
300978 11 11 1
301465 10 13 1.3
347 9 10 1.11111
1044 2 30 15
207 8 12 1.5
1225 10 12 1.2
1007 7 30 4.28571
1080 10 14 1.4
1511 1 1 1
792 5 13 2.6
710 3 3 1
100591 5 5 1
300598 12 34 2.83333
300455 4 12 3
1172 11 11 1
201046 4 39 9.75
100845 9 12 1.33333
101470 4 4 1
621 5 26 5.2
374 5 5 1
200107 4 6 1.5
185 12 12 1
100001 681 823 1.20852
100371 12 12 1
100225 5 5 1
201593 3 3 1
200863 9 9 1
383 9 9 1
463 1 1 1
201151 2 22 11
101249 12 12 1
200463 4 4 1
101480 4 7 1.75
100302 1 1 1
200977 9 22 2.44444
101331 13 13 1
200993 11 11 1
100826 1 1 1
201341 4 8 2
200820 4 4 1
101240 1 1 1
201582 3 4 1.33333
100849 1 1 1
100809 10 28 2.8
200836 7 10 1.42857
101234 8 17 2.125
200876 1 1 1
101274 10 12 1.2
201124 2 2 1
100812 1 1 1
100697 13 17 1.30769
200970 7 13 1.85714
201294 5 5 1
201087 9 17 1.88889
200408 7 14 2
101367 5 5 1
101446 5 12 2.4
200302 3 9 3
301210 2 2 1
201607 1 1 1
200192 3 3 1
201235 7 23 3.28571
301333 10 38 3.8
201576 2 2 1
200307 1 1 1
201408 1 1 1
301346 8 17 2.125
200316 6 8 1.33333
301019 8 33 4.125
301461 1 1 1
201216 9 19 2.11111
301501 13 16 1.23077
300111 11 27 2.45455
902 4 44 11
200039 21 23 1.09524
300244 2 8 4
301478 8 12 1.5
971 8 30 3.75
1475 5 5 1
300057 1 1 1
301356 11 11 1
263 11 14 1.27273
300521 11 17 1.54545
303 14 14 1
301525 9 9 1
301155 5 7 1.4
1300 1 1 1
301264 6 20 3.33333
1006 6 6 1
669 4 10 2.5
75 8 33 4.125
300018 43 52 1.2093
1094 8 9 1.125
300483 4 4 1
1394 7 9 1.28571
300038 9 9 1
1252 3 3 1
460 7 12 1.71429
162 9 11 1.22222
300513 4 6 1.5
893 6 7 1.16667
200145 1 1 1
101219 6 6 1
300745 13 20 1.53846
101188 6 15 2.5
1233 9 20 2.22222
100458 4 19 4.75
1273 11 35 3.18182
369 9 21 2.33333
1497 14 18 1.28571
481 6 6 1
843 6 50 8.33333
100036 31 60 1.93548
200944 12 12 1
340 8 8 1
201195 3 3 1
100129 3 21 7
200210 10 11 1.1
134 4 14 3.5
309 13 49 3.76923
101197 1 1 1
381 15 36 2.4
200194 1 1 1
201489 11 11 1
100042 9 16 1.77778
200414 8 8 1
100993 10 13 1.3
200887 1 1 1
201226 14 44 3.14286
100901 6 21 3.5
201412 1 1 1
200607 9 9 1
200279 14 23 1.64286
100467 12 49 4.08333
200335 7 18 2.57143
100657 13 25 1.92308
200467 9 13 1.44444
100496 11 11 1
200687 11 15 1.36364
100153 1 1 1
201122 4 4 1
200610 11 14 1.27273
200287 9 12 1.33333
200623 7 15 2.14286
101306 13 15 1.15385
100734 5 58 11.6
200860 13 15 1.15385
200894 2 2 1
201525 13 24 1.84615
201110 4 5 1.25
300404 12 50 4.16667
201249 13 15 1.15385
101021 1 1 1
200898 3 3 1
300925 3 38 12.6667
300840 10 10 1
201233 14 37 2.64286
1352 12 24 2
300753 9 9 1
200617 9 16 1.77778
200034 9 12 1.33333
300893 11 29 2.63636
300798 12 44 3.66667
300505 2 2 1
1441 8 15 1.875
301138 9 11 1.22222
1189 7 23 3.28571
300559 8 9 1.125
300861 12 12 1
1406 10 10 1
1483 7 8 1.14286
659 1 1 1
300953 1 1 1
524 2 19 9.5
112 1 1 1
301158 2 2 1
300166 7 9 1.28571
1438 5 9 1.8
300660 7 8 1.14286
1134 6 6 1
879 7 27 3.85714
184 3 4 1.33333
300657 11 24 2.18182
300101 4 6 1.5
915 2 2 1
240 10 10 1
966 4 18 4.5
300389 6 6 1
300610 4 4 1
200155 12 20 1.66667
727 4 8 2
370 4 4 1
317 6 6 1
301169 10 10 1
592 7 7 1
742 3 3 1
300729 12 33 2.75
100766 11 26 2.36364
100802 4 6 1.5
300082 17 20 1.17647
1349 1 1 1
300667 13 27 2.07692
100081 12 12 1
300707 10 15 1.5
1469 11 15 1.36364
414 9 26 2.88889
200137 8 13 1.625
720 5 13 2.6
45 20 44 2.2
300027 37 50 1.35135
100117 3 11 3.66667
542 8 12 1.5
267 14 16 1.14286
975 6 6 1
200818 1 1 1
300194 6 9 1.5
1128 2 2 1
100206 11 24 2.18182
517 8 8 1
101518 2 2 1
201071 12 21 1.75
101427 7 9 1.28571
641 4 13 3.25
555 11 24 2.18182
101007 9 23 2.55556
779 2 5 2.5
101032 7 11 1.57143
100478 5 5 1
100963 1 1 1
200853 3 32 10.6667
200119 9 9 1
143 6 7 1.16667
200984 12 12 1
200878 3 3 1
101107 4 4 1
201256 5 16 3.2
101464 2 2 1
200421 3 3 1
201065 1 1 1
101399 10 10 1
101025 11 20 1.81818
201348 10 25 2.5
200613 1 1 1
201095 4 4 1
100475 8 8 1
101449 5 5 1
101035 12 12 1
100135 8 20 2.5
301230 2 10 5
200780 3 3 1
201225 11 14 1.27273
301426 9 12 1.33333
200604 1 1 1
1357 7 19 2.71429
300519 4 4 1
200651 5 5 1
201376 2 2 1
200536 5 13 2.6
200654 1 1 1
200519 5 5 1
200377 5 12 2.4
301022 5 23 4.6
301374 12 13 1.08333
300761 8 8 1
200425 1 1 1
1289 4 9 2.25
300204 3 6 2
1348 2 7 3.5
138 13 27 2.07692
35 38 99 2.60526
11 72 73 1.01389
300419 3 3 1
1038 10 20 2
179 5 5 1
301214 13 38 2.92308
300969 9 9 1
300544 1 1 1
300446 2 2 1
300308 11 32 2.90909
552 7 9 1.28571
200081 8 22 2.75
300577 12 36 3
300269 8 9 1.125
300541 2 23 11.5
449 1 1 1
301511 9 9 1
200153 11 30 2.72727
1148 1 1 1
499 1 1 1
1413 10 15 1.5
1214 12 17 1.41667
100106 11 36 3.27273
363 2 7 3.5
1177 4 7 1.75
216 4 14 3.5
100828 7 13 1.85714
300156 11 11 1
101417 9 16 1.77778
300421 9 9 1
100348 4 4 1
151 9 11 1.22222
1040 2 2 1
5 32 46 1.4375
201123 11 24 2.18182
100408 3 3 1
300039 11 12 1.09091
100361 1 1 1
200864 8 26 3.25
100727 9 12 1.33333
91 24 42 1.75
201334 11 29 2.63636
101005 8 29 3.625
201059 1 1 1
101392 7 7 1
101095 4 6 1.5
100328 12 13 1.08333
201373 5 5 1
200517 1 1 1
200698 9 34 3.77778
100142 5 13 2.6
100284 16 20 1.25
200637 1 1 1
100759 8 13 1.625
201432 7 9 1.28571
200019 28 62 2.21429
100831 6 30 5
101121 8 14 1.75
200549 12 23 1.91667
200711 12 18 1.5
200563 1 1 1
201577 9 11 1.22222
200446 6 6 1
200208 5 10 2
100977 11 11 1
101265 7 24 3.42857
301266 9 31 3.44444
200786 4 4 1
100702 12 22 1.83333
101232 1 1 1
200589 3 3 1
101077 6 20 3.33333
101089 1 1 1
100128 13 38 2.92308
200670 9 16 1.77778
100331 8 8 1
100991 6 12 2
100642 1 1 1
200515 13 37 2.84615
200598 2 2 1
301086 4 5 1.25
101287 6 12 2
101262 7 36 5.14286
200533 9 16 1.77778
301320 11 26 2.36364
200477 9 10 1.11111
300687 9 9 1
200315 8 19 2.375
301117 3 8 2.66667
200321 11 18 1.63636
300615 11 22 2
301250 13 40 3.07692
526 8 8 1
461 1 1 1
606 12 20 1.66667
200037 8 30 3.75
300624 4 7 1.75
301143 12 15 1.25
301447 4 5 1.25
300905 8 16 2
1081 1 1 1
1009 10 29 2.9
1120 13 32 2.46154
300024 9 12 1.33333
1210 3 4 1.33333
301337 1 1 1
300196 10 14 1.4
756 7 16 2.28571
587 8 8 1
33 10 16 1.6
300043 1 1 1
200104 7 26 3.71429
1498 2 2 1
100064 13 39 3
1 195 193 0.989744
1111 4 15 3.75
225 2 2 1
301318 8 12 1.5
446 8 9 1.125
300142 7 9 1.28571
502 13 18 1.38462
433 4 4 1
300884 2 2 1
300563 3 19 6.33333
300607 11 13 1.18182
100482 5 18 3.6
301328 10 11 1.1
1062 6 6 1
1121 9 11 1.22222
100248 10 11 1.1
1495 2 2 1
268 4 8 2
1429 6 11 1.83333
300333 4 8 2
100796 6 6 1
300527 3 34 11.3333
324 7 14 2
300675 15 27 1.8
100073 1 1 1
663 3 3 1
109 6 14 2.33333
300230 4 4 1
1206 12 18 1.5
762 12 12 1
1203 4 25 6.25
201158 10 10 1
100778 13 15 1.15385
200131 2 2 1
201006 10 16 1.6
201037 13 16 1.23077
100415 1 1 1
201574 2 2 1
163 4 25 6.25
200785 12 17 1.41667
139 9 42 4.66667
201062 1 1 1
235 2 15 7.5
100195 13 17 1.30769
204 1 1 1
100604 1 1 1
89 15 23 1.53333
201149 5 5 1
100422 6 6 1
200325 13 14 1.07692
200749 8 8 1
201314 2 2 1
200300 5 5 1
100174 1 1 1
200602 7 7 1
200228 4 5 1.25
201528 3 21 7
200306 6 16 2.66667
100789 13 14 1.07692
101498 10 12 1.2
100267 12 12 1
101531 2 2 1
200645 7 7 1
200571 10 26 2.6
100982 4 5 1.25
101003 8 18 2.25
200891 6 12 2
101390 9 18 2
200791 4 4 1
200431 7 21 3
201113 11 11 1
201521 9 10 1.11111
101023 3 40 13.3333
201076 2 2 1
201440 14 54 3.85714
301039 10 10 1
301257 9 9 1
201605 10 10 1
200363 7 16 2.28571
301243 4 26 6.5
300100 8 10 1.25
300975 8 13 1.625
301092 3 3 1
300922 5 5 1
300136 7 7 1
300215 1 1 1
300009 54 81 1.5
1107 5 5 1
300723 11 33 3
1374 9 23 2.55556
200438 2 2 1
1146 14 21 1.5
1237 10 22 2.2
649 6 6 1
300613 2 2 1
672 5 5 1
787 8 8 1
1229 1 1 1
1191 11 23 2.09091
219 3 9 3
301216 13 18 1.38462
301363 3 16 5.33333
68 13 22 1.69231
1029 6 6 1
100079 7 13 1.85714
1317 8 19 2.375
1175 1 1 1
247 7 8 1.14286
565 12 29 2.41667
300105 1 1 1
301348 5 10 2
200167 5 17 3.4
300715 4 5 1.25
1247 11 20 1.81818
300128 9 14 1.55556
343 14 18 1.28571
301193 6 6 1
300325 11 12 1.09091
202 2 11 5.5
300249 5 9 1.8
273 13 32 2.46154
645 12 20 1.66667
100059 19 24 1.26316
300272 8 11 1.375
345 1 1 1
301196 11 19 1.72727
301370 13 22 1.69231
300825 5 11 2.2
1376 1 1 1
300126 1 1 1
100597 1 1 1
1201 9 29 3.22222
40 1 1 1
100428 13 41 3.15385
201171 8 8 1
101246 7 10 1.42857
200139 8 12 1.5
1002 11 13 1.18182
200718 9 16 1.77778
77 25 36 1.44
200997 12 12 1
100821 1 1 1
100532 2 34 17
100120 1 1 1
201048 9 16 1.77778
100813 7 7 1
410 3 3 1
201429 10 15 1.5
100985 7 10 1.42857
100698 9 25 2.77778
201608 6 6 1
100164 1 1 1
466 9 16 1.77778
100952 11 20 1.81818
200936 11 14 1.27273
201515 3 3 1
201320 1 1 1
101342 9 16 1.77778
180 11 32 2.90909
201175 10 10 1
201437 10 31 3.1
200880 9 28 3.11111
100050 14 33 2.35714
100866 10 10 1
201446 1 1 1
101082 3 9 3
100312 1 1 1
200720 12 23 1.91667
201035 11 11 1
201601 3 3 1
100156 15 65 4.33333
200870 1 1 1
101010 6 29 4.83333
200867 4 37 9.25
101202 1 1 1
201350 4 14 3.5
101362 1 1 1
200238 10 8 0.8
201538 7 7 1
200939 7 15 2.14286
200318 1 1 1
201013 2 2 1
201252 2 2 1
200460 10 17 1.7
101162 12 24 2
100874 2 2 1
201085 1 1 1
100962 12 12 1
201462 4 21 5.25
201286 1 1 1
200987 5 5 1
101467 3 4 1.33333
200252 15 15 1
300595 4 14 3.5
200332 15 67 4.46667
100997 8 28 3.5
300896 6 12 2
201270 1 1 1
300437 1 1 1
200643 2 2 1
300106 15 39 2.6
1159 11 11 1
1112 7 17 2.42857
1192 7 7 1
1072 3 3 1
945 9 12 1.33333
300213 12 12 1
1047 9 10 1.11111
1256 13 32 2.46154
300368 4 7 1.75
534 12 15 1.25
301248 8 22 2.75
301519 11 11 1
570 10 22 2.2
200114 10 13 1.3
664 7 16 2.28571
300252 15 18 1.2
300684 4 5 1.25
105 16 20 1.25
480 10 11 1.1
301182 13 13 1
301341 13 27 2.07692
277 10 22 2.2
159 6 24 4
1163 9 25 2.77778
1447 6 16 2.66667
1259 7 7 1
1220 1 1 1
300506 2 2 1
634 12 12 1
1370 8 25 3.125
300119 7 24 3.42857
1185 11 11 1
382 6 6 1
300050 15 23 1.53333
1182 7 12 1.71429
101217 7 7 1
300849 13 26 2
200169 6 8 1.33333
1238 4 41 10.25
100686 12 26 2.16667
1330 9 12 1.33333
250 16 24 1.5
200965 12 18 1.5
1343 5 25 5
300129 5 6 1.2
100181 2 2 1
377 8 26 3.25
200766 3 6 2
101413 8 8 1
286 12 12 1
201453 2 4 2
224 10 10 1
200729 8 21 2.625
201241 10 10 1
100644 3 3 1
327 2 2 1
201456 10 22 2.2
200234 6 10 1.66667
200154 4 4 1
200706 7 20 2.85714
200323 8 11 1.375
200199 5 11 2.2
201261 12 44 3.66667
100203 5 18 3.6
200412 6 6 1
200525 8 11 1.375
200520 1 1 1
100858 3 3 1
200448 9 9 1
101268 11 19 1.72727
101001 5 5 1
101520 12 13 1.08333
101519 7 7 1
100691 9 8 0.888889
101239 1 1 1
101004 11 12 1.09091
100931 6 6 1
100665 10 27 2.7
200694 3 3 1
100392 6 7 1.16667
200725 13 37 2.84615
200803 2 2 1
100194 1 1 1
201543 10 10 1
100329 16 18 1.125
200700 11 29 2.63636
200852 11 15 1.36364
201020 9 9 1
200270 5 5 1
200415 6 6 1
200422 13 17 1.30769
200227 2 6 3
101154 2 3 1.5
301516 8 8 1
301222 8 20 2.5
101063 1 1 1
200484 9 9 1
301063 2 2 1
300724 13 24 1.84615
301101 3 9 3
200535 12 21 1.75
301470 1 1 1
300652 10 10 1
301312 7 16 2.28571
301275 14 18 1.28571
300351 12 19 1.58333
300950 8 20 2.5
300480 6 8 1.33333
1157 1 1 1
300075 17 17 1
301164 12 12 1
300485 4 4 1
498 2 5 2.5
301452 8 12 1.5
650 9 9 1
300994 1 1 1
19 4 5 1.25
547 12 21 1.75
300534 3 3 1
1433 12 24 2
300491 8 11 1.375
301342 12 26 2.16667
200149 15 36 2.4
300127 5 5 1
1508 1 1 1
300616 1 1 1
691 1 1 1
931 11 11 1
301067 12 26 2.16667
752 8 35 4.375
300818 12 14 1.16667
300300 8 8 1
300693 10 26 2.6
300899 3 8 2.66667
1115 5 17 3.4
300549 5 23 4.6
300516 10 11 1.1
301118 14 39 2.78571
1490 3 3 1
300047 5 11 2.2
1118 10 13 1.3
100575 12 29 2.41667
200124 12 14 1.16667
100084 9 17 1.88889
1227 6 36 6
300901 12 12 1
100450 8 20 2.5
1053 9 15 1.66667
100379 1 1 1
952 3 3 1
300913 1 1 1
300954 1 1 1
100455 13 59 4.53846
970 4 5 1.25
200067 12 14 1.16667
1008 12 14 1.16667
100200 12 21 1.75
300498 12 35 2.91667
96 14 40 2.85714
393 9 9 1
100557 1 1 1
101500 5 5 1
328 14 18 1.28571
100893 5 11 2.2
101526 6 6 1
623 6 20 3.33333
100472 8 8 1
100234 10 16 1.6
200189 2 17 8.5
201153 11 13 1.18182
200345 5 15 3
201244 3 40 13.3333
100603 3 12 4
200732 6 21 3.5
100706 11 13 1.18182
201248 2 2 1
100910 3 8 2.66667
101052 5 8 1.6
100513 6 6 1
101423 10 13 1.3
200800 2 2 1
200963 15 45 3
100555 12 32 2.66667
100240 10 22 2.2
201444 13 25 1.92308
201422 1 1 1
100851 3 20 6.66667
201135 11 34 3.09091
200838 6 13 2.16667
200948 5 6 1.2
101033 4 12 3
200206 5 5 1
201428 10 11 1.1
200942 6 9 1.5
100909 2 10 5
201220 1 1 1
301509 8 8 1
201465 2 11 5.5
301228 1 1 1
200739 9 29 3.22222
200715 14 38 2.71429
201262 11 36 3.27273
200772 11 21 1.90909
300747 6 6 1
1472 10 12 1.2
201363 13 28 2.15385
300387 11 15 1.36364
1514 12 20 1.66667
200577 10 24 2.4
300379 6 9 1.5
300477 6 6 1
301300 1 1 1
300503 9 9 1
301297 11 21 1.90909
301246 6 8 1.33333
1477 3 7 2.33333
300066 23 52 2.26087
301047 11 17 1.54545
300282 7 13 1.85714
301098 8 11 1.375
1248 12 23 1.91667
300711 10 10 1
432 9 9 1
300147 8 18 2.25
300679 4 19 4.75
1292 6 6 1
300115 10 34 3.4
731 1 1 1
300154 8 8 1
580 3 3 1
300297 3 15 5
300567 8 10 1.25
1266 11 14 1.27273
252 1 1 1
667 6 20 3.33333
300594 4 26 6.5
300929 9 21 2.33333
300628 7 14 2
300415 9 23 2.55556
790 10 10 1
1463 1 1 1
208 1 1 1
300441 5 17 3.4
301494 10 15 1.5
1164 11 29 2.63636
100526 2 34 17
1187 3 18 6
232 9 9 1
300471 8 20 2.5
71 21 38 1.80952
300830 13 34 2.61538
301498 6 6 1
823 1 1 1
519 8 31 3.875
101220 12 13 1.08333
201105 4 21 5.25
300638 12 14 1.16667
100623 2 2 1
100663 1 1 1
100175 12 12 1
201143 6 7 1.16667
100519 7 11 1.57143
201501 6 10 1.66667
100208 4 10 2.5
769 13 22 1.69231
101093 10 10 1
200839 2 2 1
100125 12 15 1.25
101499 3 5 1.66667
100546 8 17 2.125
201 8 8 1
201581 1 1 1
100432 13 18 1.38462
188 1 1 1
201423 4 4 1
200911 8 35 4.375
100981 1 1 1
201352 12 12 1
101485 2 6 3
200753 3 6 2
101046 1 1 1
100488 5 5 1
101076 6 6 1
200543 8 10 1.25
101229 3 3 1
201368 7 17 2.42857
100883 7 19 2.71429
201086 4 7 1.75
200920 7 7 1
100283 5 5 1
201370 4 4 1
200696 10 17 1.7
200508 9 27 3
100654 4 8 2
201152 13 37 2.84615
200360 1 1 1
201414 6 25 4.16667
100436 11 11 1
200746 11 21 1.90909
200267 11 20 1.81818
100270 13 15 1.15385
100155 4 4 1
100217 17 26 1.52941
101512 1 1 1
100932 7 15 2.14286
200489 13 13 1
100917 11 23 2.09091
100879 12 16 1.33333
201401 13 24 1.84615
201345 6 42 7
301081 10 12 1.2
200862 12 17 1.41667
301171 2 8 4
101085 6 6 1
200353 4 5 1.25
300406 7 19 2.71429
200638 10 23 2.3
200662 12 17 1.41667
200472 6 6 1
200625 2 2 1
201281 4 16 4
300571 11 27 2.45455
101347 11 11 1
301042 4 17 4.25
300656 11 12 1.09091
100974 8 8 1
200244 10 27 2.7
300547 10 10 1
1139 8 30 3.75
200568 3 3 1
300338 9 9 1
1037 6 6 1
1079 12 16 1.33333
300522 6 21 3.5
301077 7 14 2
200063 6 9 1.5
300044 10 10 1
300581 1 1 1
1024 1 1 1
301366 10 15 1.5
335 2 2 1
300768 1 1 1
301473 10 10 1
1245 9 15 1.66667
200069 8 8 1
300537 5 5 1
200175 11 13 1.18182
934 3 28 9.33333
114 11 41 3.72727
1101 4 30 7.5
364 7 11 1.57143
1063 3 13 4.33333
301091 4 22 5.5
338 5 13 2.6
100032 14 34 2.42857
300786 13 22 1.69231
100412 1 1 1
100602 12 16 1.33333
687 1 1 1
573 11 11 1
100468 5 7 1.4
1375 4 4 1
100774 3 3 1
100480 3 14 4.66667
100186 11 14 1.27273
183 11 30 2.72727
79 16 20 1.25
1060 9 12 1.33333
100675 2 2 1
200116 6 24 4
100041 4 6 1.5
1057 10 29 2.9
100276 4 15 3.75
39 27 52 1.92593
100571 7 13 1.85714
100661 3 3 1
101468 6 9 1.5
200142 3 3 1
200105 13 14 1.07692
100132 6 6 1
200070 20 57 2.85
201198 4 17 4.25
200756 7 14 2
201378 8 8 1
200734 11 12 1.09091
201537 2 4 2
101235 1 1 1
200495 1 1 1
200790 10 18 1.8
200161 3 5 1.66667
100730 7 7 1
200575 10 33 3.3
99 5 5 1
100100 10 27 2.7
200461 10 11 1.1
100262 5 9 1.8
100614 4 8 2
201399 1 1 1
200982 1 1 1
100222 6 8 1.33333
101479 10 10 1
200744 15 26 1.73333
100738 10 10 1
100806 1 1 1
200330 2 2 1
101431 6 15 2.5
100244 12 12 1
100346 2 2 1
200223 14 42 3
200218 1 1 1
100355 15 54 3.6
200783 9 18 2
301221 9 15 1.66667
201591 3 3 1
201609 2 2 1
100627 3 21 7
200052 4 6 1.5
301269 1 1 1
200049 7 31 4.42857
201258 10 30 3
201338 5 7 1.4
200500 12 13 1.08333
201497 8 13 1.625
101205 10 20 2
100168 7 20 2.85714
101496 1 1 1
100359 6 10 1.66667
201266 14 14 1
200054 14 20 1.42857
100535 1 1 1
101493 1 1 1
101490 2 2 1
200762 3 3 1
101486 7 11 1.57143
101437 5 5 1
301311 1 1 1
200027 1 1 1
101208 7 8 1.14286
200451 7 8 1.14286
200259 7 20 2.85714
101508 14 20 1.42857
200329 4 11 2.75
200558 6 6 1
200699 6 20 3.33333
201019 4 4 1
101318 7 15 2.14286
300877 5 7 1.4
301479 7 7 1
300965 4 19 4.75
201230 3 3 1
201310 2 16 8
101177 2 2 1
300069 13 13 1
201238 14 14 1
301458 5 5 1
301186 1 1 1
300548 9 9 1
857 2 2 1
300644 2 2 1
1372 6 12 2
346 7 7 1
300831 14 37 2.64286
889 4 26 6.5
301476 5 6 1.2
301132 1 1 1
200090 7 13 1.85714
953 7 7 1
301112 10 10 1
429 13 45 3.46154
1242 7 15 2.14286
165 5 5 1
300648 11 14 1.27273
301457 8 9 1.125
1325 5 6 1.2
301377 9 20 2.22222
300179 10 13 1.3
101193 11 36 3.27273
1013 4 5 1.25
1147 6 7 1.16667
53 21 29 1.38095
326 12 33 2.75
1153 1 1 1
278 8 8 1
301030 5 46 9.2
201025 2 2 1
834 3 3 1
1150 2 2 1
866 5 7 1.4
559 10 12 1.2
1099 1 1 1
576 10 10 1
200851 3 3 1
759 6 19 3.16667
100425 9 24 2.66667
100495 1 1 1
713 11 17 1.54545
848 9 18 2
101201 15 22 1.46667
201054 8 8 1
83 2 5 2.5
201205 7 8 1.14286
100366 13 14 1.07692
201029 3 3 1
101536 1 1 1
101506 8 10 1.25
100374 14 48 3.42857
201586 3 4 1.33333
101340 5 5 1
200395 4 14 3.5
100711 12 16 1.33333
200675 11 11 1
201016 7 14 2
101223 10 17 1.7
100507 3 3 1
100323 7 22 3.14286
100864 3 6 2
100936 4 6 1.5
200534 12 42 3.5
101297 6 20 3.33333
100397 2 2 1
100889 10 19 1.9
200843 1 1 1
200754 9 15 1.66667
101057 4 13 3.25
201002 7 20 2.85714
201457 3 15 5
200908 2 13 6.5
201061 11 33 3
100220 5 5 1
301174 5 18 3.6
200708 12 30 2.5
301105 10 10 1
200230 9 9 1
200760 7 16 2.28571
301200 7 7 1
200742 2 2 1
200553 12 12 1
200390 12 24 2
301330 3 9 3
301405 3 3 1
300712 5 32 6.4
201509 7 11 1.57143
300528 7 7 1
1263 12 49 4.08333
301425 2 2 1
300557 8 8 1
301514 7 9 1.28571
1323 7 9 1.28571
300086 1 1 1
301517 7 10 1.42857
301003 2 2 1
300821 1 1 1
442 1 1 1
795 3 7 2.33333
200112 8 10 1.25
300868 3 6 2
300608 10 34 3.4
301137 13 19 1.46154
100608 4 5 1.25
886 9 42 4.66667
741 5 5 1
300538 2 2 1
435 10 15 1.5
300627 2 2 1
200182 5 5 1
255 13 13 1
608 10 15 1.5
200883 1 1 1
200980 5 40 8
100416 4 5 1.25
100204 1 1 1
248 1 1 1
100151 14 36 2.57143
100464 11 16 1.45455
396 1 1 1
201450 13 52 4
111 5 10 2
100239 9 9 1
100942 7 7 1
100850 5 6 1.2
281 14 30 2.14286
100035 10 10 1
187 9 9 1
156 11 11 1
200164 7 7 1
101251 10 10 1
101110 11 11 1
100959 1 1 1
101184 12 14 1.16667
201360 13 31 2.38462
100908 1 1 1
200507 12 12 1
200634 7 7 1
101447 3 5 1.66667
101158 7 8 1.14286
200374 3 3 1
101374 8 21 2.625
100096 6 9 1.5
101517 1 1 1
200470 4 9 2.25
100689 9 11 1.22222
100158 5 8 1.6
301272 10 12 1.2
201242 4 4 1
300401 2 21 10.5
101136 10 41 4.1
200376 7 13 1.85714
200410 11 16 1.45455
100944 7 37 5.28571
201523 1 1 1
301205 10 24 2.4
100949 6 9 1.5
201354 12 42 3.5
300631 5 9 1.8
300898 5 20 4
1231 9 9 1
1095 2 5 2.5
1361 8 8 1
300910 12 13 1.08333
1119 5 24 4.8
300647 7 9 1.28571
833 9 26 2.88889
300663 5 5 1
296 3 14 4.66667
1358 11 29 2.63636
814 4 4 1
301339 3 8 2.66667
671 13 33 2.53846
200072 15 15 1
1065 8 22 2.75
300807 1 1 1
1075 10 25 2.5
300028 33 81 2.45455
300641 7 10 1.42857
1116 7 13 1.85714
1402 1 1 1
404 2 5 2.5
981 1 1 1
101385 7 10 1.42857
100618 7 29 4.14286
813 2 2 1
300155 1 1 1
101475 7 8 1.14286
920 7 7 1
690 1 1 1
100902 7 7 1
371 1 1 1
101118 10 40 4
100490 2 2 1
755 3 3 1
360 12 22 1.83333
200075 17 17 1
100725 2 2 1
101524 1 1 1
427 7 9 1.28571
200826 8 47 5.875
101145 3 3 1
238 2 7 3.5
100907 8 8 1
201431 1 1 1
101356 1 1 1
100025 32 42 1.3125
101161 7 8 1.14286
200855 6 6 1
201213 7 27 3.85714
101051 4 10 2.5
200954 13 29 2.23077
101164 4 13 3.25
200934 10 15 1.5
101189 14 16 1.14286
200991 13 13 1
101471 5 11 2.2
101400 8 8 1
201530 6 15 2.5
200632 3 3 1
101439 12 35 2.91667
301232 5 43 8.6
100268 7 11 1.57143
201333 10 11 1.1
201005 2 31 15.5
101213 13 46 3.53846
200035 11 11 1
100989 10 22 2.2
301286 1 1 1
201487 12 36 3
201599 2 2 1
101325 4 4 1
101167 7 22 3.14286
201468 13 64 4.92308
301140 13 20 1.53846
301219 1 1 1
200481 13 44 3.38462
200366 10 21 2.1
301096 3 26 8.66667
201549 8 12 1.5
301135 5 21 4.2
1432 5 6 1.2
301481 1 1 1
301040 12 13 1.08333
200464 5 23 4.6
300385 5 14 2.8
912 6 22 3.66667
300589 3 13 4.33333
967 5 5 1
300309 1 1 1
301052 4 4 1
301149 10 19 1.9
300078 1 1 1
301029 11 17 1.54545
194 2 2 1
378 1 1 1
107 4 28 7
301026 1 1 1
301236 2 10 5
662 8 22 2.75
300152 10 57 5.7
251 7 12 1.71429
301204 2 2 1
301124 7 31 4.42857
1272 4 4 1
300659 11 15 1.36364
995 8 9 1.125
100607 8 16 2
436 4 24 6
213 12 14 1.16667
301126 9 9 1
939 12 14 1.16667
1397 1 1 1
100368 15 59 3.93333
300650 3 8 2.66667
100394 10 10 1
100219 11 16 1.45455
100226 6 11 1.83333
100007 67 74 1.10448
100402 1 1 1
300828 2 6 3
301016 9 28 3.11111
100114 7 7 1
300827 9 11 1.22222
821 8 16 2
174 9 26 2.88889
100170 2 5 2.5
299 4 13 3.25
101187 12 15 1.25
223 14 19 1.35714
152 1 1 1
201435 3 24 8
101443 1 1 1
200774 13 16 1.23077
201274 8 27 3.375
100900 1 1 1
100011 61 99 1.62295
100387 12 12 1
201043 6 8 1.33333
200906 1 1 1
201498 6 11 1.83333
100637 8 8 1
100790 12 16 1.33333
201511 6 8 1.33333
101065 5 27 5.4
200736 1 1 1
200788 13 13 1
100794 4 24 6
100150 2 2 1
100301 10 22 2.2
200664 1 1 1
101113 11 12 1.09091
200592 8 31 3.875
201439 8 10 1.25
101126 4 5 1.25
100020 25 53 2.12
200272 6 17 2.83333
100340 3 6 2
201505 4 15 3.75
100337 9 15 1.66667
200459 8 31 3.875
200539 4 5 1.25
301306 11 26 2.36364
201459 9 25 2.77778
200033 24 28 1.16667
300971 6 26 4.33333
300993 8 9 1.125
201082 8 14 1.75
300568 2 3 1.5
200811 3 3 1
300566 10 12 1.2
300949 6 32 5.33333
200385 1 1 1
300158 7 10 1.42857
300814 14 17 1.21429
1301 12 16 1.33333
1341 10 14 1.4
300726 4 70 17.5
200686 5 5 1
200445 13 33 2.53846
300991 3 3 1
1318 14 17 1.21429
1169 13 19 1.46154
300279 16 49 3.0625
300474 2 2 1
566 9 18 2
1048 11 11 1
1313 13 16 1.23077
1144 13 31 2.38462
300719 4 4 1
1084 1 1 1
785 4 22 5.5
301436 9 9 1
300666 8 28 3.5
100085 10 10 1
1213 12 12 1
1492 9 13 1.44444
1034 4 4 1
200151 3 4 1.33333
660 1 1 1
301422 1 1 1
881 8 26 3.25
100461 1 1 1
100037 1 1 1
100411 3 8 2.66667
1282 1 1 1
300988 2 2 1
554 2 7 3.5
993 9 11 1.22222
300555 5 5 1
594 10 17 1.7
100600 8 9 1.125
100130 5 4 0.8
1454 3 5 1.66667
1501 9 9 1
201145 13 19 1.46154
300533 8 13 1.625
100224 11 45 4.09091
300290 9 9 1
101441 1 1 1
332 8 22 2.75
1055 8 12 1.5
200956 4 4 1
100772 1 1 1
300124 14 31 2.21429
600 3 3 1
654 11 13 1.18182
100347 14 36 2.57143
100029 10 19 1.9
101122 13 25 1.92308
100350 7 15 2.14286
191 7 21 3
201532 7 17 2.42857
100586 6 10 1.66667
101338 12 23 1.91667
549 6 12 2
101029 10 19 1.9
100363 6 8 1.33333
200866 8 21 2.625
100890 6 7 1.16667
100304 13 34 2.61538
100978 1 1 1
241 10 12 1.2
100014 59 60 1.01695
100095 10 40 4
101172 8 14 1.75
200456 2 2 1
101533 7 7 1
100090 2 5 2.5
200007 78 73 0.935897
100260 1 1 1
200741 1 1 1
201584 2 3 1.5
301258 8 13 1.625
100344 11 11 1
100558 3 19 6.33333
100452 7 28 4
100625 6 6 1
100211 12 23 1.91667
200362 11 19 1.72727
201545 5 8 1.6
100242 12 32 2.66667
200797 6 7 1.16667
200833 5 10 2
200437 8 13 1.625
100926 8 31 3.875
201330 7 7 1
101079 13 28 2.15385
200950 12 17 1.41667
100904 10 10 1
201056 12 25 2.08333
300399 10 11 1.1
101047 12 15 1.25
301373 2 2 1
101370 10 10 1
200225 2 2 1
200016 1 1 1
300412 7 8 1.14286
201260 9 24 2.66667
200550 7 7 1
301291 13 14 1.07692
301152 4 4 1
300866 12 20 1.66667
1346 9 18 2
300758 4 4 1
300287 12 15 1.25
301071 12 12 1
1460 9 9 1
1071 6 6 1
300184 3 19 6.33333
1108 7 17 2.42857
300440 6 6 1
300349 12 14 1.16667
300393 3 3 1
300373 9 9 1
300326 5 15 3
1087 9 11 1.22222
126 9 10 1.11111
301075 1 1 1
1083 2 2 1
1011 1 1 1
1096 3 8 2.66667
359 10 11 1.1
300664 10 10 1
300359 9 9 1
200077 12 14 1.16667
1305 9 13 1.44444
301011 11 20 1.81818
300695 6 14 2.33333
300384 13 16 1.23077
3 104 103 0.990385
1308 1 1 1
200170 5 5 1
301012 4 4 1
1143 10 10 1
300797 8 10 1.25
906 7 7 1
451 11 10 0.909091
300313 7 14 2
280 14 64 4.57143
200098 14 17 1.21429
300740 10 10 1
200126 10 10 1
201116 3 6 2
300316 13 16 1.23077
767 8 8 1
300151 1 1 1
300085 16 23 1.4375
1320 11 19 1.72727
925 6 6 1
104 13 24 1.84615
201172 5 6 1.2
100290 1 1 1
697 1 1 1
100871 2 35 17.5
101061 1 1 1
200726 13 34 2.61538
201503 2 2 1
101120 2 32 16
100068 4 8 2
400 2 2 1
201346 5 5 1
100122 1 1 1
94 3 8 2.66667
100065 15 21 1.4
100184 12 30 2.5
200286 14 24 1.71429
101301 1 1 1
201481 10 10 1
100309 3 3 1
100606 6 6 1
201181 5 15 3
100404 11 28 2.54545
100254 1 1 1
201200 4 4 1
200941 1 1 1
100516 12 24 2
101116 1 1 1
101054 1 1 1
100561 1 1 1
301218 5 5 1
100502 2 2 1
100585 11 20 1.81818
201023 3 36 12
100856 11 18 1.63636
100921 6 12 2
200510 5 16 3.2
100430 7 11 1.57143
100319 9 14 1.55556
100236 1 1 1
200945 8 15 1.875
200215 1 1 1
101036 10 20 2
200314 13 33 2.53846
301142 1 1 1
101008 7 11 1.57143
301400 3 3 1
200201 13 15 1.15385
200254 7 7 1
200427 7 8 1.14286
200334 2 2 1
200021 22 22 1
300658 8 8 1
301002 6 19 3.16667
301302 7 17 2.42857
200614 8 8 1
301386 3 10 3.33333
300699 4 44 11
806 5 7 1.4
1022 2 2 1
300770 2 2 1
301114 9 32 3.55556
1239 5 11 2.2
300370 5 5 1
300468 4 13 3.25
300793 9 12 1.33333
674 10 14 1.4
300116 11 15 1.36364
300885 8 15 1.875
300736 1 1 1
14 113 105 0.929204
386 7 15 2.14286
300902 11 11 1
300833 5 39 7.8
300376 9 9 1
612 6 6 1
300331 12 17 1.41667
349 8 8 1
294 5 13 2.6
100582 3 3 1
1265 4 4 1
1228 5 27 5.4
424 12 32 2.66667
300098 1 1 1
300475 1 1 1
300635 9 13 1.44444
24 47 72 1.53191
1104 1 1 1
508 7 33 4.71429
173 9 18 2
300234 1 1 1
201177 11 15 1.36364
898 10 10 1
422 1 1 1
1223 9 9 1
100837 9 9 1
300462 1 1 1
100708 6 17 2.83333
323 2 2 1
100352 2 2 1
417 6 9 1.5
244 7 29 4.14286
288 8 11 1.375
200999 4 8 2
100046 12 15 1.25
200969 7 16 2.28571
200186 12 43 3.58333
201518 3 3 1
200890 3 11 3.66667
100781 13 13 1
100954 11 11 1
201484 2 9 4.5
100878 11 30 2.72727
201563 6 11 1.83333
200544 10 20 2
101131 2 2 1
100326 14 17 1.21429
200487 4 4 1
100786 7 19 2.71429
200480 9 31 3.44444
101059 2 18 9
301288 1 1 1
100799 8 22 2.75
100115 4 5 1.25
201451 12 12 1
101156 1 1 1
200722 15 21 1.4
201603 12 15 1.25
200418 7 24 3.42857
101181 11 24 2.18182
201454 8 14 1.75
201570 1 1 1
201477 6 6 1
201517 10 28 2.8
200060 16 16 1
200499 4 4 1
200468 10 12 1.2
200381 2 2 1
201417 9 15 1.66667
201404 10 18 1.8
200918 1 1 1
200777 8 12 1.5
300944 13 19 1.46154
101210 11 16 1.45455
300573 1 1 1
300872 3 25 8.33333
201555 10 13 1.3
200041 13 17 1.30769
301407 1 1 1
200303 3 3 1
301336 1 1 1
876 8 8 1
430 10 22 2.2
301235 4 18 4.5
300550 4 4 1
1258 3 3 1
300728 6 8 1.33333
300980 12 12 1
300912 6 25 4.16667
301282 1 1 1
407 9 9 1
729 1 1 1
300836 13 23 1.76923
272 2 2 1
301129 12 14 1.16667
1251 12 14 1.16667
200085 8 13 1.625
300321 2 5 2.5
780 9 21 2.33333
300592 2 2 1
100588 1 1 1
101245 9 27 3
423 2 2 1
300686 10 29 2.9
734 1 1 1
1337 2 2 1
100754 4 4 1
300696 1 1 1
300217 10 12 1.2
300987 11 30 2.72727
100484 1 1 1
119 16 19 1.1875
300623 8 8 1
100259 12 26 2.16667
849 11 20 1.81818
300765 3 3 1
300097 12 18 1.5
300552 4 4 1
101195 7 17 2.42857
300345 10 10 1
300254 6 16 2.66667
100440 3 6 2
100086 3 4 1.33333
773 2 2 1
300261 10 23 2.3
1155 1 1 1
308 9 21 2.33333
300020 14 29 2.07143
200185 4 27 6.75
783 14 33 2.35714
200955 2 7 3.5
100650 9 9 1
101072 12 12 1
100530 13 32 2.46154
300170 16 34 2.125
201141 1 1 1
700 6 7 1.16667
760 2 4 2
101473 6 7 1.16667
100295 8 20 2.5
101345 4 16 4
688 1 1 1
101444 6 8 1.33333
100972 7 11 1.57143
200108 1 1 1
101269 5 7 1.4
100183 2 2 1
200278 15 37 2.46667
100232 5 8 1.6
100928 5 5 1
200243 10 24 2.4
100885 13 18 1.38462
201155 7 33 4.71429
201278 1 1 1
200678 1 1 1
100918 7 7 1
200032 7 13 1.85714
101174 9 9 1
201290 6 6 1
101281 7 19 2.71429
301263 6 6 1
200808 5 5 1
201535 8 23 2.875
200952 6 6 1
201168 10 23 2.3
100672 11 15 1.36364
100529 11 24 2.18182
101522 10 10 1
100358 11 11 1
201162 9 13 1.44444
301242 6 13 2.16667
201304 1 1 1
101146 6 6 1
301279 7 28 4
101463 4 6 1.5
201482 6 6 1
101018 10 14 1.4
200702 8 16 2
300530 5 7 1.4
201467 9 16 1.77778
101259 3 4 1.33333
201436 5 5 1
300112 4 4 1
301239 1 1 1
300509 11 27 2.45455
300984 5 5 1
200474 12 52 4.33333
300411 12 12 1
922 6 7 1.16667
300619 7 9 1.28571
1333 12 16 1.33333
1212 1 1 1
300930 12 24 2
300714 12 16 1.33333
301154 10 19 1.9
300756 9 9 1
514 11 11 1
300189 10 15 1.5
301106 10 37 3.7
283 8 8 1
797 13 23 1.76923
1309 12 26 2.16667
316 5 5 1
999 4 4 1
300176 2 4 2
301199 7 7 1
200146 7 8 1.14286
300402 1 1 1
300601 3 6 2
301168 8 11 1.375
1326 14 29 2.07143
300426 2 2 1
200176 5 5 1
301332 12 12 1
200128 7 13 1.85714
300784 12 14 1.16667
100721 7 8 1.14286
300720 2 2 1
300805 2 2 1
100228 4 5 1.25
200133 9 9 1
1219 5 7 1.4
301027 1 1 1
100400 12 38 3.16667
270 7 13 1.85714
101198 12 19 1.58333
1466 4 10 2.5
100202 10 12 1.2
100322 1 1 1
297 7 7 1
100857 9 11 1.22222
101502 3 3 1
300 7 25 3.57143
100266 14 37 2.64286
100275 6 6 1
201102 4 6 1.5
100386 13 13 1
258 14 17 1.21429
200375 13 19 1.46154
200275 4 12 3
200528 6 6 1
200219 1 1 1
100216 4 4 1
101389 9 23 2.55556
200573 10 25 2.5
201207 8 19 2.375
201297 2 8 4
100487 1 1 1
100933 12 12 1
201375 12 42 3.5
101329 4 21 5.25
200619 1 1 1
200927 6 6 1
100736 15 44 2.93333
200293 2 5 2.5
100419 1 1 1
201080 12 12 1
100714 2 2 1
100505 8 20 2.5
101416 1 1 1
200650 11 15 1.36364
201186 9 30 3.33333
100008 60 70 1.16667
100892 8 10 1.25
100630 11 12 1.09091
201358 7 14 2
101527 6 6 1
301177 2 2 1
200830 1 1 1
301414 1 1 1
200537 8 20 2.5
200628 5 6 1.2
200556 2 2 1
200647 12 32 2.66667
300288 3 15 5
300564 2 36 18
1250 4 6 1.5
201283 10 10 1
301207 11 13 1.18182
301165 7 22 3.14286
200523 13 53 4.07692
301160 6 6 1
200044 10 24 2.4
301392 2 23 11.5
300951 4 4 1
300328 12 13 1.08333
997 13 15 1.15385
300864 3 9 3
941 3 3 1
200684 6 21 3.5
301184 10 19 1.9
850 11 15 1.36364
300006 169 170 1.00592
584 10 10 1
300590 3 3 1
683 9 28 3.11111
511 3 3 1
301015 11 12 1.09091
885 3 30 10
1418 8 9 1.125
472 8 8 1
829 1 1 1
301413 10 19 1.9
193 4 4 1
354 2 10 5
306 7 7 1
300317 1 1 1
301435 6 7 1.16667
300943 4 4 1
147 13 12 0.923077
301163 6 7 1.16667
43 12 14 1.16667
12 45 54 1.2
254 1 1 1
1232 8 11 1.375
211 12 12 1
300500 1 1 1
842 8 10 1.25
301068 1 1 1
301043 5 17 3.4
300334 7 16 2.28571
301108 1 1 1
1088 11 20 1.81818
100074 1 1 1
770 12 34 2.83333
301420 6 6 1
122 8 10 1.25
100071 4 4 1
403 4 13 3.25
986 9 9 1
1340 13 13 1
29 31 67 2.16129
100367 7 7 1
914 10 24 2.4
1280 3 12 4
100726 4 14 3.5
100745 6 6 1
100491 7 28 4
1276 13 18 1.38462
200779 13 32 2.46154
15 53 65 1.22642
201587 1 1 1
200849 10 26 2.6
100763 12 20 1.66667
200092 5 37 7.4
201531 6 11 1.83333
201164 11 18 1.63636
100466 4 6 1.5
200246 13 13 1
101241 1 1 1
200562 13 16 1.23077
101069 10 10 1
201583 2 2 1
101182 12 12 1
101206 7 10 1.42857
101457 10 13 1.3
100578 11 23 2.09091
200877 5 27 5.4
101528 7 8 1.14286
101231 11 11 1
100395 6 6 1
200972 1 1 1
100574 6 6 1
100372 4 4 1
200005 83 108 1.3012
100110 14 20 1.42857
200514 13 14 1.07692
201012 1 1 1
200597 4 4 1
100030 15 17 1.13333
100381 12 37 3.08333
200792 10 18 1.8
200752 10 28 2.8
200564 3 3 1
200346 15 42 2.8
200648 9 9 1
200059 8 12 1.5
201007 7 11 1.57143
101215 7 20 2.85714
201403 10 23 2.3
101087 8 8 1
201522 1 1 1
301450 4 5 1.25
101280 10 10 1
1290 12 17 1.41667
1298 13 33 2.53846
1509 4 6 1.5
1344 11 34 3.09091
301270 1 1 1
300890 2 2 1
300356 12 26 2.16667
950 10 35 3.5
1430 5 6 1.2
300732 4 4 1
301308 4 10 2.5
1167 5 5 1
158 13 14 1.07692
372 6 8 1.33333
300363 10 12 1.2
301060 1 1 1
300801 1 1 1
1385 11 23 2.09091
300583 10 13 1.3
1283 4 20 5
200181 11 18 1.63636
956 9 16 1.77778
1436 5 11 2.2
100056 2 2 1
200178 8 12 1.5
300604 6 10 1.66667
738 4 8 2
523 8 8 1
300706 7 7 1
300093 2 15 7.5
723 4 12 3
301484 9 13 1.44444
300855 3 3 1
300966 1 1 1
300846 14 26 1.85714
100777 7 7 1
100148 3 3 1
150 6 11 1.83333
597 2 14 7
1136 2 2 1
300854 15 33 2.2
301050 6 21 3.5
840 9 12 1.33333
257 2 2 1
100342 9 28 3.11111
949 11 23 2.09091
680 4 4 1
100370 1 1 1
100212 14 17 1.21429
300144 11 11 1
528 2 2 1
100325 2 5 2.5
16 70 74 1.05714
100024 11 20 1.81818
765 5 5 1
200118 9 18 2
101291 10 10 1
100043 19 54 2.84211
200115 12 20 1.66667
618 4 4 1
100278 4 7 1.75
101106 10 10 1
200724 3 4 1.33333
200874 13 21 1.61538
200823 13 13 1
101398 6 6 1
201493 1 1 1
129 3 3 1
100264 14 49 3.5
201351 4 17 4.25
101058 8 8 1
200100 14 17 1.21429
200488 9 9 1
100364 8 14 1.75
200382 7 8 1.14286
201295 9 7 0.777778
200641 1 1 1
101088 8 16 2
100134 2 2 1
200813 4 30 7.5
200856 10 14 1.4
201117 11 23 2.09091
101084 11 38 3.45455
101509 1 1 1
200666 1 1 1
100876 7 7 1
100801 7 13 1.85714
101115 12 18 1.5
200237 4 13 3.25
101445 5 6 1.2
200047 10 19 1.9
201130 5 6 1.2
201189 5 5 1
100314 3 13 4.33333
101319 5 29 5.8
201167 2 4 2
200578 6 6 1
100022 7 8 1.14286
100968 1 1 1
101097 1 1 1
201379 12 25 2.08333
300365 10 21 2.1
300633 7 13 1.85714
200677 5 5 1
201323 13 26 2
300636 6 26 4.33333
201396 3 9 3
100946 4 20 5
200524 1 1 1
300832 8 8 1
300226 2 6 3
201228 12 14 1.16667
1322 5 8 1.6
300570 12 20 1.66667
200364 1 1 1
300058 20 46 2.3
301208 13 14 1.07692
1100 7 7 1
300976 3 15 5
300782 6 32 5.33333
300341 11 16 1.45455
300134 11 11 1
300787 4 19 4.75
301189 7 13 1.85714
300447 10 28 2.8
537 5 5 1
200080 16 60 3.75
300908 4 5 1.25
811 10 29 2.9
300270 5 7 1.4
300438 3 3 1
980 3 16 5.33333
300031 16 16 1
636 1 1 1
955 3 3 1
300023 11 21 1.90909
300597 9 9 1
961 1 1 1
1458 7 7 1
264 6 10 1.66667
300791 13 24 1.84615
300958 5 5 1
301020 10 12 1.2
300342 13 26 2
1353 7 20 2.85714
100238 13 17 1.30769
475 4 4 1
186 3 3 1
452 7 13 1.85714
478 10 14 1.4
1400 3 3 1
300348 2 13 6.5
300232 1 1 1
201058 10 11 1.1
100552 10 17 1.7
465 6 22 3.66667
42 1 1 1
420 14 22 1.57143
334 12 33 2.75
101365 4 4 1
200747 12 15 1.25
200716 13 31 2.38462
8 82 86 1.04878
101289 2 2 1
100427 5 12 2.4
100541 7 13 1.85714
101315 12 19 1.58333
101353 9 14 1.55556
100499 3 7 2.33333
100171 2 4 2
101169 1 1 1
201067 5 5 1
100191 4 5 1.25
100881 12 22 1.83333
200401 8 8 1
100231 13 13 1
100176 15 37 2.46667
100333 13 19 1.46154
200709 7 28 4
200409 9 9 1
101254 8 15 1.875
100289 6 14 2.33333
201255 12 13 1.08333
200719 5 5 1
101149 4 17 4.25
201500 11 25 2.27273
200639 3 5 1.66667
100182 6 20 3.33333
201547 1 1 1
201232 8 12 1.5
200311 11 11 1
200030 8 24 3
200542 7 13 1.85714
300360 2 2 1
300918 12 25 2.08333
201292 8 23 2.875
300915 7 23 3.28571
200357 5 14 2.8
301260 7 23 3.28571
301148 10 10 1
200630 11 19 1.72727
300839 6 8 1.33333
1464 2 2 1
200018 15 15 1
300293 1 1 1
300414 1 1 1
200659 10 10 1
869 4 7 1.75
1268 5 5 1
300012 98 144 1.46939
853 5 7 1.4
300298 1 1 1
1068 4 15 3.75
301427 11 23 2.09091
300472 1 1 1
300620 8 42 5.25
300809 11 22 2
36 11 16 1.45455
87 17 27 1.58824
529 12 37 3.08333
714 13 41 3.15385
903 13 29 2.23077
1050 10 25 2.5
1093 11 18 1.63636
1205 13 26 2
100002 535 623 1.16449
200003 345 353 1.02319
300002 331 331 1
300046 23 39 1.69565
