1 xxx 116.80501869336543945250 1843.3 15.781
2 xxx 80000.00000000000000000000 10000 .125
3 xxx 3.65613023185216104428 192.7 52.706
4 xxx 659.54359583168447434375 10000 15.162
7 xxx 12.36736187339919502378 270.4 21.864
8 xxx 173.16317165665206323919 10000 57.749
10 xxx 5.04652471936156826384 152.4 30.199
11 xxx 1086.83838713183349635909 10000 9.201
12 xxx .25125628140703517587 0.1 .398
13 xxx 278.34740115504220346512 3132.8 11.255
15 xxx 39.84084880636604774535 75.1 1.885
16 xxx 25.71892005023022185014 2457.7 95.560
17 xxx 9.35552575530488285872 237.2 25.354
18 xxx 50.66711420659561970294 603.8 11.917
19 xxx 47.69786758246146473923 2388.9 50.084
20 xxx 82.17669633245404268257 10000 121.689
21 xxx 4450.37828215398308856252 10000 2.247
22 xxx 774.83341081667441500077 10000 12.906
24 xxx 3.01568154402895054282 27.5 9.119
26 xxx 49.29265046581554690195 10000 202.870
27 xxx 14513.78809869375907111756 10000 .689
28 xxx 2245.67707163709858522344 10000 4.453
29 xxx 149.70956344691298880172 10000 66.796
30 xxx 23.52388872495104219760 1753.8 74.554
31 xxx 105.29220779220779220779 972.9 9.240
34 xxx 0 0.0 .097
35 xxx 2527.16704574172352792519 10000 3.957
36 xxx 92.81450613807861245635 824.1 8.879
37 xxx 0 0.0 .081
38 xxx 16.33156297420333839150 172.2 10.544
39 xxx 48.40299406930966313904 8594.0 177.551
40 xxx 96.41378622375180807022 1933.0 20.049
41 xxx 9.40149357975608445709 1749.9 186.130
42 xxx 26.30237995324021341646 1755.0 66.724
43 xxx 100.98570724494825036964 409.8 4.058
44 xxx 30.09048830324006505149 721.6 23.981
45 xxx 394.26666666666666666666 295.7 .750
46 xxx 2369.86607142857142857142 2123.4 .896
47 xxx 79.40826052422557585385 399.9 5.036
48 xxx 249.72397148167669986406 9001.8 36.047
49 xxx 58.59684705448511109062 635.6 10.847
50 xxx 8.63160995728384150832 58.6 6.789
51 xxx 25.27795012828467459292 1507.4 59.633
52 xxx 46.30339602096141194618 2041.1 44.081
53 xxx 1.15577889447236180904 2.3 1.990
54 xxx 243.05921052631578947368 738.9 3.040
55 xxx 84.48563302932234971069 861.5 10.197
56 xxx 163.51096149109122259627 1991.4 12.179
58 xxx 76.87222299094445213166 10000 130.086
59 xxx 7.47550082386610007805 86.2 11.531
60 xxx 11.67742092237845492757 3364.3 288.103
61 xxx 280.90114324142568930733 1670.8 5.948
62 xxx 417.23016905071521456436 3208.5 7.690
64 xxx 17.27285299405338127506 249.8 14.462
65 xxx 271.53431417344421091108 2971.4 10.943
66 xxx 74.31021542531451798678 10000 134.571
67 xxx 284.02838962310327949094 5802.7 20.430
68 xxx 987.94704603833234538628 10000 10.122
69 xxx 357.14285714285714285714 70.0 .196
71 xxx 10720.96530920060331825037 7108.0 .663
72 xxx 32.73373527995083628149 3941.6 120.414
78 xxx 8.32895151961299821222 79.2 9.509
79 xxx 70.99056603773584905660 270.9 3.816
80 xxx 31.63964276424174109078 364.9 11.533
