1 xxx 33.31639794701643423712 642.64 19.289
2 xxx 34.85507246376811594202 4.81 .138
3 xxx 32.08658968078074575216 1650.47 51.438
4 xxx 399.89671760045274476513 5652.94 14.136
7 xxx 10.03495281370150297098 229.68 22.888
8 xxx 128.13448996066271158207 10000 78.043
10 xxx 3.90042730795985292656 117.75 30.189
11 xxx 939.49642991356632844795 10000 10.644
12 xxx 1069.64539007092198581560 301.64 .282
13 xxx 142.33793282999218953397 1640.16 11.523
15 xxx 74.73209549071618037135 140.87 1.885
16 xxx 4.80880420499342969776 146.38 30.440
17 xxx 15.77533577533577533577 271.32 17.199
18 xxx 45.49568423698986005195 542.90 11.933
19 xxx 27.84409864334240541832 1340.22 48.133
20 xxx 40.24623025603898580848 5169.91 128.457
21 xxx 135.85037406483790523690 272.38 2.005
22 xxx 212.75217485081601840534 2959.17 13.909
24 xxx .87755334930959716991 7.69 8.763
26 xxx 48.71300247462052571072 10000 205.284
27 xxx 30.16081871345029239766 20.63 .684
28 xxx 55.81923419412288512911 376.11 6.738
29 xxx 21.67827157032260074458 1391.68 64.197
30 xxx 8.10188650423890628580 530.39 65.465
31 xxx 39.95437346984197640774 359.03 8.986
34 xxx 106382.97872340425531914893 10000 .094
35 xxx 309.84445559458103361766 617.52 1.993
36 xxx 34.83896132842973364538 312.61 8.973
37 xxx 23328.47058823529411764705 1982.92 .085
38 xxx 5.54629147125238839673 63.86 11.514
39 xxx 2.04507669799609859904 369.03 180.448
40 xxx 65.72544531794208378943 1320.95 20.098
41 xxx 13.07677984563964584632 1404.59 107.411
42 xxx 16.64513616586990385131 1239.53 74.468
43 xxx 12.19075284434761558944 50.36 4.131
44 xxx 10.27382930281213463786 333.92 32.502
45 xxx 2.67770204479065238558 2.75 1.027
46 xxx 426.09574468085106382978 400.53 .940
47 xxx 73.18545163868904876099 366.22 5.004
48 xxx 145.45454545454545454545 10000 68.750
49 xxx 31.74190553556922362771 547.04 17.234
50 xxx 5.96654998055231427460 30.68 5.142
51 xxx 5.73500233897375510138 355.53 61.993
52 xxx 166.98951305857992118094 10000 59.884
53 xxx .65195586760280842527 1.30 1.994
54 xxx 2.70826306913996627318 8.03 2.965
55 xxx 132.15433045443538622971 1637.26 12.389
56 xxx 42.17364341085271317829 544.04 12.900
58 xxx 4.88973278591291085417 634.79 129.821
59 xxx 5.49518569463548830811 63.92 11.632
60 xxx .80782582820868875223 162.89 201.640
61 xxx 267.65889114266396213657 1583.47 5.916
62 xxx 27.08735968765251342118 555.02 20.490
64 xxx 6.20701213380706576389 92.59 14.917
65 xxx 1.56567756567756567756 82.84 52.910
66 xxx 66.80830026322470303710 10000 149.682
67 xxx 490.46054244935994899210 10000 20.389
68 xxx 51.80356952772948231203 1459.98 28.183
69 xxx 307.36401673640167364016 73.46 .239
71 xxx 15151.51515151515151515151 10000 .660
72 xxx 1.53459632644126485045 154.23 100.502
78 xxx 4.91542975491888160165 42.72 8.691
79 xxx 11.75214859994455225949 42.39 3.607
80 xxx 32.20723820008256501995 468.10 14.534
