1 xxx 9.31970125444130229860 642.64 68.955
2 xxx 41.46551724137931034482 4.81 .116
3 xxx 25.19993892663562103977 1650.47 65.495
4 xxx 406.65707503057334004747 5652.94 13.901
7 xxx 9.60361264425489212242 229.68 23.916
8 xxx 297.73424241522017447226 10000 33.587
10 xxx 2.68522952726277621947 117.75 43.851
11 xxx 1100.35211267605633802816 10000 9.088
12 xxx 1047.36111111111111111111 301.64 .288
13 xxx 161.21092982111264006290 1640.16 10.174
15 xxx 51.43117926250456370938 140.87 2.739
16 xxx .82056169067772857222 146.38 178.390
17 xxx 7.44832130013451560655 271.32 36.427
18 xxx 35.75709675294737535401 542.90 15.183
19 xxx 13.20999457887733477896 1340.22 101.455
20 xxx 45.99850524498856690363 5169.91 112.393
21 xxx 74.95321959273527793065 272.38 3.634
22 xxx 92.63617580766341096919 2959.17 31.944
24 xxx .64051307679493586540 7.69 12.006
25 xxx 199.68051118210862619808 10000 50.080
26 xxx 131.48379462231279994740 10000 76.055
27 xxx 29.34566145092460881934 20.63 .703
28 xxx 105.14677103718199608610 376.11 3.577
29 xxx 14.16670059855857323180 1391.68 98.236
30 xxx 2.08389976347448903417 530.39 254.518
31 xxx 33.13613290263036455929 359.03 10.835
34 xxx 97087.37864077669902912621 10000 .103
35 xxx 191.06435643564356435643 617.52 3.232
36 xxx 20.00704000000000000000 312.61 15.625
37 xxx 18191.92660550458715596330 1982.92 .109
38 xxx 3.50013702384214853384 63.86 18.245
40 xxx 58.52680549401860877270 1320.95 22.570
41 xxx 4.93018504998315174660 1404.59 284.896
42 xxx 14.51151410140838474776 1239.53 85.417
43 xxx 2.71102497846683893195 50.36 18.576
44 xxx 6.65563771900101652348 333.92 50.171
45 xxx 3.35365853658536585365 2.75 .820
46 xxx 372.93296089385474860335 400.53 1.074
47 xxx 53.05998261373514923210 366.22 6.902
48 xxx 92.94025800215621398565 10000 107.596
49 xxx 27.58787634273034444500 547.04 19.829
50 xxx 3.21021240975201423040 30.68 9.557
51 xxx 3.06954457155191020936 355.53 115.825
52 xxx 175.75928008998875140607 10000 56.896
53 xxx .49751243781094527363 1.30 2.613
54 xxx 2.58781824041250402835 8.03 3.103
55 xxx 107.67197159016177824542 1637.26 15.206
56 xxx 24.70326476865095581891 544.04 22.023
59 xxx 3.29722480140307438357 63.92 19.386
61 xxx 146.73987582244462978407 1583.47 10.791
62 xxx 16.10293904314271622131 555.02 34.467
63 xxx .00121163574190812435 0.36 297.119
64 xxx 2.99450194049159120310 92.59 30.920
65 xxx 4.99066208807759503584 82.84 16.599
67 xxx 211.24231606075329009907 10000 47.339
68 xxx 22.77446728855333354132 1459.98 64.106
69 xxx 291.50793650793650793650 73.46 .252
71 xxx 14947.68310911808669656203 10000 .669
72 xxx 1.56825461385937261680 154.23 98.345
78 xxx 3.99775407074677147669 42.72 10.686
79 xxx 11.16701791359325605900 42.39 3.796
80 xxx 30.80010527701013291222 468.10 15.198
