1 xxx 34.25768964230502692041 642.64 18.759
2 xxx 36.71755725190839694656 4.81 .131
3 xxx 32.93956811559493872989 1650.47 50.106
4 xxx 508.58659469185784975258 5652.94 11.115
7 xxx 9.76530612244897959183 229.68 23.520
8 xxx 36.92925831277604620588 10000 270.788
10 xxx 4.34726426936424721258 117.75 27.086
11 xxx 1097.09270433351618211738 10000 9.115
12 xxx 1022.50847457627118644067 301.64 .295
13 xxx 141.61284752201692281125 1640.16 11.582
15 xxx 74.93085106382978723404 140.87 1.880
16 xxx 1.12260627487671884226 146.38 130.393
17 xxx 15.65518435173965726155 271.32 17.331
18 xxx 48.99377312516920855518 542.90 11.081
19 xxx 32.62781186094069529652 1340.22 41.076
20 xxx 50.88744524828977804025 5169.91 101.595
21 xxx 78.09059633027522935779 272.38 3.488
22 xxx 229.19758345596777941290 2959.17 12.911
24 xxx .84154081855985992558 7.69 9.138
26 xxx 49.01816613236865582384 10000 204.006
27 xxx 30.02911208151382823871 20.63 .687
28 xxx 141.82126696832579185520 376.11 2.652
29 xxx 20.94358079128354076058 1391.68 66.449
30 xxx 7.50007070335699539014 530.39 70.718
31 xxx 38.20687453442588060019 359.03 9.397
34 xxx 117647.05882352941176470588 10000 .085
35 xxx 206.59752425560388089662 617.52 2.989
36 xxx 35.15632028789923526765 312.61 8.892
37 xxx 23328.47058823529411764705 1982.92 .085
38 xxx 6.36816912644595133625 63.86 10.028
39 xxx 2.60504023718763235916 369.03 141.660
40 xxx 66.78885630498533724340 1320.95 19.778
41 xxx 14.53485243594519640713 1404.59 96.636
42 xxx 15.23774985862857423843 1239.53 81.346
43 xxx 12.37346437346437346437 50.36 4.070
44 xxx 15.78370202306674229532 333.92 21.156
45 xxx 3.21261682242990654205 2.75 .856
46 xxx 428.37433155080213903743 400.53 .935
47 xxx 75.85335542667771333885 366.22 4.828
48 xxx 269.68716289104638619201 10000 37.080
49 xxx 59.79232703027653295442 547.04 9.149
50 xxx 4.63794406651549508692 30.68 6.615
51 xxx 6.01380266919264534244 355.53 59.119
52 xxx 170.70381181611785391167 10000 58.581
53 xxx .64644455494778717056 1.30 2.011
54 xxx 2.64492753623188405797 8.03 3.036
55 xxx 174.28784330423674685969 1637.26 9.394
56 xxx 42.03677947766960284345 544.04 12.942
58 xxx 4.62381725873535003314 634.79 137.287
59 xxx 5.35792120704107292539 63.92 11.930
60 xxx .91801079813794114000 162.89 177.438
61 xxx 270.91017964071856287425 1583.47 5.845
62 xxx 121.55497152869031975470 555.02 4.566
63 xxx .00305556027092634402 0.36 117.818
64 xxx 6.64775990809879379666 92.59 13.928
65 xxx 9.94955560893586355993 82.84 8.326
66 xxx 95.49639023644906222544 10000 104.716
67 xxx 505.05050505050505050505 10000 19.800
68 xxx 57.79123619522622016387 1459.98 25.263
69 xxx 346.50943396226415094339 73.46 .212
71 xxx 15105.74018126888217522658 10000 .662
72 xxx 1.68290686889628457635 154.23 91.645
78 xxx 4.05120910384068278805 42.72 10.545
79 xxx 10.95065874451046241281 42.39 3.871
80 xxx 44.62770521498712937362 468.10 10.489
