1 xxx 98.26216749293672370595 1843.3 18.759
2 xxx 76335.87786259541984732824 10000 .131
3 xxx 3.84584680477387937572 192.7 50.106
4 xxx 899.68511021142600089968 10000 11.115
7 xxx 11.49659863945578231292 270.4 23.520
8 xxx 36.92925831277604620588 10000 270.788
10 xxx 5.62652292697334416303 152.4 27.086
11 xxx 1097.09270433351618211738 10000 9.115
12 xxx .33898305084745762711 0.1 .295
13 xxx 270.48868934553617682610 3132.8 11.582
15 xxx 39.94680851063829787234 75.1 1.880
16 xxx 18.84840443888859064520 2457.7 130.393
17 xxx 13.68645779239513011366 237.2 17.331
18 xxx 54.48966699756339680534 603.8 11.081
19 xxx 58.15804849547180835524 2388.9 41.076
20 xxx 98.43004084846695211378 10000 101.595
21 xxx 2866.97247706422018348623 10000 3.488
22 xxx 774.53334366044458213926 10000 12.911
24 xxx 3.00941124972641715911 27.5 9.138
26 xxx 49.01816613236865582384 10000 204.006
27 xxx 14556.04075691411935953420 10000 .687
28 xxx 3770.73906485671191553544 10000 2.652
29 xxx 150.49135427169709100212 10000 66.449
30 xxx 24.79990949970304590061 1753.8 70.718
31 xxx 103.53304246035968926253 972.9 9.397
34 xxx 0 0.0 .085
35 xxx 3345.60053529608564737370 10000 2.989
36 xxx 92.67881241565452091767 824.1 8.892
37 xxx 0 0.0 .085
38 xxx 17.17191862784204228161 172.2 10.028
39 xxx 60.66638430043766765494 8594.0 141.660
40 xxx 97.73485691172009303266 1933.0 19.778
41 xxx 18.10815845026698124922 1749.9 96.636
42 xxx 21.57450888796007179209 1755.0 81.346
43 xxx 100.68796068796068796068 409.8 4.070
44 xxx 34.10852713178294573643 721.6 21.156
45 xxx 345.44392523364485981308 295.7 .856
46 xxx 2271.01604278074866310160 2123.4 .935
47 xxx 82.82932891466445733222 399.9 4.828
48 xxx 242.76699029126213592233 9001.8 37.080
49 xxx 69.47207345065034429992 635.6 9.149
50 xxx 8.85865457294028722600 58.6 6.615
51 xxx 25.49772492768822206058 1507.4 59.119
52 xxx 34.84235502978781516191 2041.1 58.581
53 xxx 1.14370959721531576330 2.3 2.011
54 xxx 243.37944664031620553359 738.9 3.036
55 xxx 91.70747285501383862039 861.5 9.394
56 xxx 153.87111729253592953175 1991.4 12.942
58 xxx 72.84010867744214674368 10000 137.287
59 xxx 7.22548197820620284995 86.2 11.930
60 xxx 18.96042561345371340975 3364.3 177.438
61 xxx 285.85115483319076133447 1670.8 5.845
62 xxx 702.69382391590013140604 3208.5 4.566
63 xxx 84.87667419239844505932 10000 117.818
64 xxx 17.93509477311889718552 249.8 13.928
65 xxx 356.88205620946432860917 2971.4 8.326
66 xxx 95.49639023644906222544 10000 104.716
67 xxx 293.06565656565656565656 5802.7 19.800
68 xxx 395.83580730712900288960 10000 25.263
69 xxx 330.18867924528301886792 70.0 .212
71 xxx 10737.16012084592145015105 7108.0 .662
72 xxx 43.00943859457689999454 3941.6 91.645
78 xxx 7.51066856330014224751 79.2 10.545
79 xxx 69.98191681735985533453 270.9 3.871
80 xxx 34.78882638955095814662 364.9 10.489
