0.000122
0.000122
0.000198
0.000244
0.000244
0.000244
0.000244
0.000244
0.000244
0.000244
0.000244
0.000244
0.000244
0.000244
0.000244
0.000244
0.000244
0.000244
0.000305
0.000305
0.000305
0.000366
0.000366
0.000366
0.000366
0.000366
0.000374
0.000381
0.000395
0.000427
0.000427
0.000427
0.000427
0.000427
0.000427
0.000427
0.000427
0.000443
0.000458
0.000488
0.000488
0.000488
0.000488
0.000488
0.000488
0.000488
0.000488
0.000488
0.000488
0.000488
0.000488
0.000488
0.000488
0.000488
0.000488
0.000488
0.000488
0.000488
0.000488
0.000488
0.000488
0.000488
0.000488
0.000488
0.000488
0.000488
0.000488
0.000488
0.000488
0.000488
0.000488
0.000488
0.000488
0.000488
0.000488
0.000488
0.000488
0.000488
0.000488
0.000488
0.000488
0.000488
0.000488
0.000488
0.000488
0.000488
0.000488
0.000488
0.000488
0.000488
0.000488
0.000488
0.000488
0.000488
0.000488
0.000488
0.000488
0.000488
0.000488
0.000488
0.000488
0.000488
0.000488
0.000488
0.000488
0.000488
0.000488
0.000488
0.000488
0.000488
0.000488
0.000488
0.000488
0.000488
0.000488
0.000488
0.000519
0.000549
0.000549
0.000549
0.000549
0.000549
0.000557
0.000561
0.000565
0.000565
0.000580
0.000580
0.000580
0.000580
0.000580
0.000580
0.000580
0.000580
0.000587
0.000587
0.000595
0.000610
0.000610
0.000610
0.000610
0.000610
0.000610
0.000610
0.000610
0.000610
0.000610
0.000610
0.000610
0.000610
0.000610
0.000610
0.000610
0.000610
0.000610
0.000610
0.000610
0.000610
0.000610
0.000610
0.000610
0.000610
0.000610
0.000610
0.000610
0.000610
0.000610
0.000610
0.000610
0.000610
0.000610
0.000610
0.000610
0.000610
0.000610
0.000610
0.000610
0.000610
0.000610
0.000610
0.000610
0.000610
0.000610
0.000610
0.000610
0.000610
0.000610
0.000610
0.000610
0.000610
0.000610
0.000610
0.000610
0.000626
0.000626
0.000641
0.000641
0.000641
0.000671
0.000671
0.000683
0.000687
0.000692
0.000698
0.000702
0.000702
0.000702
0.000702
0.000710
0.000710
0.000713
0.000717
0.000717
0.000717
0.000732
0.000732
0.000732
0.000732
0.000732
0.000732
0.000732
0.000732
0.000732
0.000732
0.000732
0.000732
0.000732
0.000732
0.000732
0.000732
0.000732
0.000732
0.000732
0.000732
0.000732
0.000732
0.000732
0.000732
0.000732
0.000732
0.000732
0.000732
0.000732
0.000732
0.000732
0.000732
0.000732
0.000732
0.000732
0.000732
0.000732
0.000732
0.000732
0.000732
0.000732
0.000732
0.000732
0.000732
0.000732
0.000732
0.000732
0.000732
0.000732
0.000732
0.000732
0.000732
0.000732
0.000732
0.000732
0.000732
0.000732
0.000732
0.000732
0.000732
0.000732
0.000732
0.000732
0.000732
0.000732
0.000732
0.000732
0.000732
0.000732
0.000732
0.000732
0.000732
0.000732
0.000732
0.000732
0.000732
0.000732
0.000732
0.000732
0.000732
0.000732
0.000732
0.000732
0.000732
0.000732
0.000732
0.000732
0.000732
0.000732
0.000732
0.000732
0.000732
0.000732
0.000732
0.000732
0.000732
0.000732
0.000732
0.000732
0.000732
0.000732
0.000732
0.000732
0.000732
0.000732
0.000732
0.000732
0.000732
0.000732
0.000732
0.000732
0.000732
0.000732
0.000732
0.000732
0.000732
0.000732
0.000732
0.000732
0.000732
0.000732
0.000732
0.000732
0.000732
0.000732
0.000732
0.000732
0.000732
0.000732
0.000732
0.000732
0.000732
0.000732
0.000732
0.000732
0.000732
0.000732
0.000732
0.000732
0.000732
0.000732
0.000732
0.000732
0.000732
0.000732
0.000732
0.000732
0.000732
0.000732
0.000732
0.000732
0.000732
0.000732
0.000732
0.000732
0.000732
0.000732
0.000732
0.000732
0.000732
0.000732
0.000732
0.000732
0.000732
0.000732
0.000732
0.000732
0.000732
0.000732
0.000732
0.000732
0.000732
0.000732
0.000732
0.000732
0.000732
0.000732
0.000732
0.000732
0.000732
0.000732
0.000732
0.000732
0.000732
0.000732
0.000732
0.000732
0.000732
0.000732
0.000732
0.000732
0.000732
0.000732
0.000732
0.000732
0.000732
0.000732
0.000732
0.000732
0.000732
0.000732
0.000732
0.000732
0.000732
0.000732
0.000732
0.000732
0.000732
0.000732
0.000732
0.000732
0.000732
0.000732
0.000732
0.000732
0.000732
0.000732
0.000732
0.000732
0.000732
0.000732
0.000732
0.000732
0.000732
0.000732
0.000732
0.000732
0.000732
0.000732
0.000732
0.000732
0.000732
0.000732
0.000732
0.000732
0.000732
0.000732
0.000732
0.000732
0.000732
0.000732
0.000732
0.000732
0.000732
0.000732
0.000732
0.000732
0.000732
0.000732
0.000732
0.000732
0.000732
0.000732
0.000732
0.000732
0.000732
0.000732
0.000732
0.000732
0.000732
0.000732
0.000732
0.000732
0.000740
0.000748
0.000763
0.000763
0.000763
0.000763
0.000763
0.000763
0.000763
0.000763
0.000763
0.000763
0.000763
0.000778
0.000793
0.000793
0.000793
0.000793
0.000793
0.000793
0.000793
0.000793
0.000793
0.000793
0.000793
0.000793
0.000793
0.000793
0.000793
0.000793
0.000793
0.000793
0.000793
0.000793
0.000793
0.000793
0.000793
0.000793
0.000793
0.000823
0.000824
0.000824
0.000824
0.000824
0.000826
0.000854
0.000854
0.000854
0.000854
0.000854
0.000854
0.000854
0.000854
0.000854
0.000854
0.000854
0.000854
0.000854
0.000854
0.000854
0.000854
0.000854
0.000854
0.000854
0.000854
0.000854
0.000854
0.000854
0.000854
0.000854
0.000854
0.000854
0.000854
0.000854
0.000854
0.000854
0.000854
0.000854
0.000854
0.000854
0.000854
0.000854
0.000854
0.000854
0.000854
0.000854
0.000854
0.000854
0.000854
0.000854
0.000854
0.000854
0.000854
0.000854
0.000854
0.000854
0.000854
0.000854
0.000854
0.000854
0.000854
0.000854
0.000854
0.000854
0.000854
0.000854
0.000854
0.000854
0.000854
0.000854
0.000854
0.000854
0.000854
0.000854
0.000854
0.000854
0.000854
0.000854
0.000854
0.000854
0.000854
0.000854
0.000854
0.000854
0.000854
0.000854
0.000854
0.000854
0.000854
0.000854
0.000854
0.000854
0.000854
0.000854
0.000854
0.000858
0.000862
0.000870
0.000870
0.000870
0.000870
0.000870
0.000870
0.000870
0.000877
0.000877
0.000885
0.000885
0.000885
0.000885
0.000885
0.000885
0.000885
0.000885
0.000893
0.000900
0.000900
0.000900
0.000916
0.000916
0.000916
0.000916
0.000916
0.000916
0.000916
0.000916
0.000916
0.000916
0.000916
0.000916
0.000916
0.000916
0.000916
0.000916
0.000916
0.000916
0.000916
0.000916
0.000916
0.000916
0.000916
0.000916
0.000916
0.000916
0.000916
0.000916
0.000916
0.000916
0.000916
0.000916
0.000916
0.000916
0.000916
0.000916
0.000916
0.000916
0.000916
0.000916
0.000916
0.000916
0.000916
0.000916
0.000916
0.000916
0.000916
0.000916
0.000916
0.000916
0.000916
0.000916
0.000916
0.000916
0.000916
0.000916
0.000916
0.000916
0.000931
0.000931
0.000931
0.000946
0.000946
0.000946
0.000946
0.000946
0.000946
0.000946
0.000946
0.000977
0.000977
0.000977
0.000977
0.000977
0.000977
0.000977
0.000977
0.000977
0.000977
0.000977
0.000977
0.000977
0.000977
0.000977
0.000977
0.000977
0.000977
0.000977
0.000977
0.000977
0.000977
0.000977
0.000977
0.000977
0.000977
0.000977
0.000977
0.000977
0.000977
0.000977
0.000977
0.000977
0.000977
0.000977
0.000977
0.000977
0.000977
0.000977
0.000977
0.000977
0.000977
0.000977
0.000977
0.000977
0.000977
0.000977
0.000977
0.000977
0.000977
0.000977
0.000977
0.000977
0.000977
0.000977
0.000977
0.000977
0.000977
0.000977
0.000977
0.000977
0.000977
0.000977
0.000977
0.000977
0.000977
0.000977
0.000977
0.000977
0.000977
0.000977
0.000977
0.000977
0.000977
0.000977
0.000977
0.000977
0.000977
0.000977
0.000977
0.000977
0.000977
0.000977
0.000977
0.000977
0.000977
0.000977
0.000977
0.000977
0.000977
0.000977
0.000977
0.000977
0.000977
0.000977
0.000977
0.000977
0.000977
0.000977
0.000977
0.000977
0.000977
0.000977
0.000977
0.000977
0.000977
0.000977
0.000977
0.000977
0.000977
0.000977
0.000977
0.000977
0.000977
0.000977
0.000977
0.000977
0.000977
0.000977
0.000977
0.000977
0.000977
0.000977
0.000977
0.000977
0.000977
0.000977
0.000977
0.000977
0.000977
0.000977
0.000977
0.000977
0.000977
0.000977
0.000977
0.000977
0.000977
0.000977
0.000977
0.000977
0.000977
0.000977
0.000977
0.000977
0.000977
0.000977
0.000977
0.000977
0.000977
0.000977
0.000977
0.000977
0.000977
0.000977
0.000977
0.000977
0.000977
0.000977
0.000977
0.000977
0.000977
0.000977
0.000977
0.000977
0.000977
0.000977
0.000977
0.000977
0.000977
0.000977
0.000977
0.000977
0.000977
0.000977
0.000977
0.000977
0.000977
0.000977
0.000977
0.000977
0.000977
0.000977
0.000977
0.000977
0.000977
0.000977
0.000977
0.000977
0.000977
0.000977
0.000977
0.000977
0.000977
0.000977
0.000977
0.000977
0.000977
0.000977
0.000977
0.000977
0.000977
0.000977
0.000977
0.000977
0.000977
0.000977
0.000977
0.000977
0.000977
0.000977
0.000977
0.000977
0.000977
0.000977
0.000977
0.000977
0.000977
0.000977
0.000977
0.000977
0.000977
0.000977
0.000977
0.000977
0.000977
0.000977
0.000977
0.000977
0.000977
0.000977
0.000977
0.000977
0.000977
0.000977
0.000977
0.000977
0.000977
0.000977
0.000977
0.000977
0.000977
0.000977
0.000977
0.000977
0.000977
0.000977
0.000977
0.000977
0.000977
0.000977
0.000977
0.000977
0.000977
0.000977
0.000977
0.000977
0.000977
0.000977
0.000977
0.000977
0.000977
0.000977
0.000977
0.000977
0.000977
0.000977
0.000977
0.000977
0.000977
0.000977
0.000977
0.000977
0.000977
0.000977
0.000977
0.000977
0.000977
0.000977
0.000977
0.000977
0.000977
0.000977
0.000977
0.000977
0.000977
0.000977
0.000977
0.000977
0.000977
0.000977
0.000977
0.000977
0.000977
0.000977
0.000977
0.000977
0.000977
0.000977
0.000977
0.000977
0.000977
0.000977
0.000977
0.000977
0.000977
0.000977
0.000977
0.000977
0.000977
0.000977
0.000977
0.000977
0.000977
0.000977
0.000977
0.000977
0.000977
0.000977
0.000977
0.000977
0.000977
0.000977
0.000977
0.000977
0.000977
0.000977
0.000977
0.000977
0.000977
0.000977
0.000977
0.000977
0.000977
0.000977
0.000977
0.000977
0.000977
0.000977
0.000977
0.000977
0.000977
0.000977
0.000977
0.000977
0.000977
0.000977
0.000977
0.000977
0.000977
0.000977
0.000977
0.000977
0.000977
0.000977
0.000977
0.000977
0.000977
0.000977
0.000977
0.000977
0.000977
0.000977
0.000977
0.000977
0.000977
0.000977
0.000977
0.000977
0.000977
0.000977
0.000977
0.000977
0.000977
0.000977
0.000977
0.000977
0.000977
0.000977
0.000977
0.000977
0.000977
0.000977
0.000977
0.000977
0.000977
0.000977
0.000977
0.000977
0.000977
0.000977
0.000977
0.000977
0.000977
0.000977
0.000977
0.000977
0.000977
0.000977
0.000977
0.000977
0.000977
0.000977
0.000977
0.000977
0.000977
0.000977
0.000977
0.000977
0.000977
0.000977
0.000977
0.000977
0.000977
0.000977
0.000977
0.000977
0.000977
0.000977
0.000977
0.000977
0.000977
0.000977
0.000977
0.000977
0.000977
0.000977
0.000977
0.000977
0.000977
0.000977
0.000977
0.000977
0.000977
0.000977
0.000977
0.000977
0.000977
0.000977
0.000977
0.000977
0.000977
0.000977
0.000977
0.000977
0.000977
0.000977
0.000977
0.000977
0.000977
0.000977
0.000977
0.000977
0.000988
0.000996
0.000999
0.001007
0.001007
0.001007
0.001007
0.001007
0.001007
0.001007
0.001007
0.001011
0.001015
0.001015
0.001015
0.001020
0.001022
0.001022
0.001022
0.001022
0.001022
0.001022
0.001022
0.001022
0.001026
0.001030
0.001030
0.001038
0.001038
0.001038
0.001038
0.001038
0.001038
0.001038
0.001038
0.001038
0.001038
0.001038
0.001038
0.001038
0.001038
0.001038
0.001038
0.001038
0.001038
0.001038
0.001038
0.001038
0.001038
0.001038
0.001038
0.001038
0.001038
0.001038
0.001038
0.001038
0.001038
0.001038
0.001038
0.001038
0.001038
0.001038
0.001038
0.001038
0.001038
0.001038
0.001038
0.001038
0.001038
0.001038
0.001038
0.001038
0.001038
0.001045
0.001053
0.001053
0.001053
0.001053
0.001053
0.001068
0.001068
0.001068
0.001068
0.001068
0.001068
0.001068
0.001068
0.001068
0.001068
0.001068
0.001068
0.001068
0.001068
0.001068
0.001068
0.001068
0.001068
0.001068
0.001068
0.001068
0.001083
0.001083
0.001083
0.001083
0.001083
0.001083
0.001089
0.001099
0.001099
0.001099
0.001099
0.001099
0.001099
0.001099
0.001099
0.001099
0.001099
0.001099
0.001099
0.001099
0.001099
0.001099
0.001099
0.001099
0.001099
0.001099
0.001099
0.001099
0.001099
0.001099
0.001099
0.001099
0.001099
0.001099
0.001099
0.001099
0.001099
0.001099
0.001099
0.001099
0.001099
0.001099
0.001099
0.001099
0.001099
0.001099
0.001099
0.001099
0.001099
0.001099
0.001099
0.001099
0.001099
0.001099
0.001099
0.001099
0.001099
0.001099
0.001099
0.001099
0.001099
0.001099
0.001099
0.001099
0.001099
0.001099
0.001099
0.001099
0.001099
0.001099
0.001099
0.001099
0.001099
0.001099
0.001099
0.001099
0.001099
0.001099
0.001099
0.001099
0.001099
0.001099
0.001099
0.001099
0.001099
0.001099
0.001099
0.001099
0.001099
0.001099
0.001099
0.001099
0.001099
0.001099
0.001099
0.001099
0.001099
0.001099
0.001099
0.001099
0.001099
0.001099
0.001099
0.001099
0.001099
0.001099
0.001099
0.001099
0.001099
0.001099
0.001099
0.001099
0.001099
0.001099
0.001099
0.001099
0.001099
0.001099
0.001099
0.001099
0.001099
0.001099
0.001099
0.001099
0.001099
0.001099
0.001099
0.001099
0.001099
0.001099
0.001099
0.001099
0.001099
0.001099
0.001099
0.001099
0.001099
0.001099
0.001099
0.001099
0.001099
0.001099
0.001099
0.001099
0.001099
0.001099
0.001099
0.001099
0.001099
0.001099
0.001099
0.001099
0.001099
0.001099
0.001099
0.001099
0.001099
0.001099
0.001099
0.001099
0.001099
0.001099
0.001099
0.001099
0.001099
0.001099
0.001099
0.001099
0.001114
0.001114
0.001129
0.001129
0.001129
0.001129
0.001129
0.001148
0.001152
0.001152
0.001154
0.001156
0.001160
0.001160
0.001160
0.001160
0.001160
0.001160
0.001160
0.001160
0.001160
0.001160
0.001160
0.001160
0.001160
0.001160
0.001160
0.001160
0.001160
0.001160
0.001160
0.001160
0.001160
0.001163
0.001169
0.001171
0.001173
0.001175
0.001175
0.001175
0.001175
0.001179
0.001183
0.001183
0.001190
0.001190
0.001190
0.001190
0.001190
0.001190
0.001190
0.001190
0.001190
0.001190
0.001198
0.001202
0.001205
0.001205
0.001207
0.001221
0.001221
0.001221
0.001221
0.001221
0.001221
0.001221
0.001221
0.001221
0.001221
0.001221
0.001221
0.001221
0.001221
0.001221
0.001221
0.001221
0.001221
0.001221
0.001221
0.001221
0.001221
0.001221
0.001221
0.001221
0.001221
0.001221
0.001221
0.001221
0.001221
0.001221
0.001221
0.001221
0.001221
0.001221
0.001221
0.001221
0.001221
0.001221
0.001221
0.001221
0.001221
0.001221
0.001221
0.001221
0.001221
0.001221
0.001221
0.001221
0.001221
0.001221
0.001221
0.001221
0.001221
0.001221
0.001221
0.001221
0.001221
0.001221
0.001221
0.001221
0.001221
0.001221
0.001221
0.001221
0.001221
0.001221
0.001221
0.001221
0.001221
0.001221
0.001221
0.001221
0.001221
0.001221
0.001221
0.001221
0.001221
0.001221
0.001221
0.001221
0.001221
0.001221
0.001221
0.001221
0.001221
0.001221
0.001221
0.001221
0.001221
0.001221
0.001221
0.001221
0.001221
0.001221
0.001221
0.001221
0.001221
0.001221
0.001221
0.001221
0.001221
0.001221
0.001221
0.001221
0.001221
0.001221
0.001221
0.001221
0.001221
0.001221
0.001221
0.001221
0.001221
0.001221
0.001221
0.001221
0.001221
0.001221
0.001221
0.001221
0.001221
0.001221
0.001221
0.001221
0.001221
0.001221
0.001221
0.001221
0.001221
0.001221
0.001221
0.001221
0.001221
0.001221
0.001221
0.001221
0.001221
0.001221
0.001221
0.001221
0.001221
0.001221
0.001221
0.001221
0.001221
0.001221
0.001221
0.001221
0.001221
0.001221
0.001221
0.001221
0.001221
0.001221
0.001221
0.001221
0.001221
0.001221
0.001221
0.001221
0.001221
0.001221
0.001221
0.001221
0.001221
0.001221
0.001221
0.001221
0.001221
0.001221
0.001221
0.001221
0.001221
0.001221
0.001221
0.001221
0.001221
0.001221
0.001221
0.001221
0.001221
0.001221
0.001221
0.001221
0.001221
0.001221
0.001221
0.001221
0.001221
0.001221
0.001221
0.001221
0.001221
0.001221
0.001221
0.001221
0.001221
0.001221
0.001221
0.001221
0.001221
0.001221
0.001221
0.001221
0.001221
0.001221
0.001221
0.001221
0.001221
0.001221
0.001221
0.001221
0.001221
0.001221
0.001221
0.001221
0.001221
0.001221
0.001221
0.001221
0.001221
0.001221
0.001221
0.001221
0.001221
0.001221
0.001221
0.001221
0.001221
0.001221
0.001221
0.001221
0.001221
0.001221
0.001221
0.001221
0.001221
0.001221
0.001221
0.001221
0.001221
0.001221
0.001221
0.001221
0.001221
0.001221
0.001221
0.001221
0.001221
0.001221
0.001221
0.001221
0.001221
0.001221
0.001221
0.001221
0.001221
0.001221
0.001221
0.001221
0.001221
0.001221
0.001221
0.001221
0.001221
0.001221
0.001221
0.001221
0.001221
0.001221
0.001221
0.001221
0.001221
0.001221
0.001221
0.001221
0.001221
0.001221
0.001221
0.001221
0.001221
0.001221
0.001221
0.001221
0.001221
0.001221
0.001221
0.001221
0.001221
0.001221
0.001221
0.001221
0.001221
0.001221
0.001221
0.001221
0.001221
0.001221
0.001221
0.001221
0.001221
0.001221
0.001221
0.001221
0.001221
0.001221
0.001221
0.001221
0.001221
0.001221
0.001221
0.001221
0.001221
0.001221
0.001221
0.001221
0.001221
0.001221
0.001221
0.001221
0.001221
0.001221
0.001221
0.001221
0.001221
0.001221
0.001221
0.001221
0.001221
0.001221
0.001221
0.001221
0.001221
0.001221
0.001221
0.001221
0.001221
0.001221
0.001221
0.001221
0.001221
0.001221
0.001221
0.001221
0.001221
0.001221
0.001221
0.001221
0.001221
0.001221
0.001221
0.001221
0.001221
0.001221
0.001221
0.001221
0.001221
0.001221
0.001221
0.001221
0.001221
0.001221
0.001221
0.001221
0.001221
0.001221
0.001221
0.001221
0.001221
0.001221
0.001221
0.001221
0.001221
0.001221
0.001221
0.001221
0.001221
0.001221
0.001221
0.001221
0.001221
0.001221
0.001221
0.001221
0.001221
0.001221
0.001221
0.001221
0.001221
0.001221
0.001221
0.001221
0.001221
0.001221
0.001221
0.001221
0.001221
0.001221
0.001221
0.001221
0.001221
0.001221
0.001221
0.001221
0.001221
0.001221
0.001221
0.001221
0.001221
0.001221
0.001221
0.001221
0.001221
0.001221
0.001221
0.001221
0.001221
0.001221
0.001221
0.001221
0.001221
0.001221
0.001221
0.001221
0.001221
0.001221
0.001221
0.001221
0.001221
0.001221
0.001221
0.001221
0.001221
0.001221
0.001221
0.001221
0.001221
0.001221
0.001221
0.001221
0.001221
0.001221
0.001221
0.001221
0.001221
0.001221
0.001221
0.001221
0.001221
0.001221
0.001221
0.001221
0.001221
0.001221
0.001221
0.001221
0.001221
0.001221
0.001221
0.001221
0.001221
0.001221
0.001221
0.001221
0.001221
0.001221
0.001221
0.001221
0.001221
0.001221
0.001221
0.001221
0.001221
0.001221
0.001221
0.001221
0.001221
0.001221
0.001221
0.001221
0.001221
0.001221
0.001221
0.001221
0.001221
0.001221
0.001221
0.001221
0.001221
0.001221
0.001221
0.001221
0.001221
0.001221
0.001221
0.001221
0.001221
0.001221
0.001221
0.001221
0.001221
0.001221
0.001221
0.001221
0.001221
0.001221
0.001221
0.001221
0.001221
0.001221
0.001221
0.001221
0.001221
0.001221
0.001221
0.001221
0.001221
0.001221
0.001221
0.001221
0.001221
0.001221
0.001221
0.001221
0.001221
0.001221
0.001221
0.001221
0.001221
0.001221
0.001221
0.001221
0.001221
0.001221
0.001221
0.001221
0.001221
0.001221
0.001221
0.001221
0.001221
0.001221
0.001221
0.001236
0.001236
0.001251
0.001251
0.001251
0.001251
0.001251
0.001251
0.001282
0.001282
0.001282
0.001282
0.001282
0.001282
0.001282
0.001282
0.001282
0.001282
0.001282
0.001282
0.001282
0.001282
0.001282
0.001282
0.001282
0.001282
0.001282
0.001282
0.001282
0.001282
0.001282
0.001306
0.001312
0.001312
0.001312
0.001312
0.001312
0.001312
0.001312
0.001320
0.001328
0.001328
0.001343
0.001343
0.001343
0.001343
0.001343
0.001343
0.001343
0.001343
0.001343
0.001343
0.001343
0.001343
0.001343
0.001343
0.001343
0.001343
0.001343
0.001343
0.001343
0.001343
0.001343
0.001343
0.001343
0.001343
0.001343
0.001343
0.001343
0.001343
0.001343
0.001343
0.001343
0.001343
0.001343
0.001343
0.001343
0.001343
0.001343
0.001343
0.001343
0.001343
0.001343
0.001343
0.001343
0.001343
0.001343
0.001343
0.001343
0.001343
0.001343
0.001343
0.001343
0.001343
0.001343
0.001343
0.001343
0.001343
0.001343
0.001343
0.001343
0.001343
0.001343
0.001343
0.001343
0.001343
0.001343
0.001343
0.001343
0.001343
0.001343
0.001343
0.001343
0.001343
0.001343
0.001343
0.001343
0.001343
0.001343
0.001343
0.001343
0.001343
0.001343
0.001343
0.001343
0.001343
0.001343
0.001343
0.001343
0.001343
0.001343
0.001343
0.001343
0.001343
0.001343
0.001343
0.001343
0.001343
0.001343
0.001343
0.001343
0.001343
0.001343
0.001343
0.001343
0.001343
0.001343
0.001343
0.001343
0.001343
0.001343
0.001343
0.001343
0.001343
0.001343
0.001343
0.001343
0.001343
0.001343
0.001343
0.001343
0.001343
0.001343
0.001343
0.001343
0.001343
0.001343
0.001343
0.001343
0.001343
0.001343
0.001358
0.001358
0.001358
0.001373
0.001373
0.001373
0.001373
0.001373
0.001373
0.001373
0.001373
0.001373
0.001373
0.001373
0.001373
0.001381
0.001404
0.001404
0.001404
0.001404
0.001404
0.001404
0.001404
0.001404
0.001404
0.001404
0.001404
0.001404
0.001404
0.001404
0.001404
0.001404
0.001404
0.001404
0.001404
0.001404
0.001419
0.001434
0.001442
0.001451
0.001465
0.001465
0.001465
0.001465
0.001465
0.001465
0.001465
0.001465
0.001465
0.001465
0.001465
0.001465
0.001465
0.001465
0.001465
0.001465
0.001465
0.001465
0.001465
0.001465
0.001465
0.001465
0.001465
0.001465
0.001465
0.001465
0.001465
0.001465
0.001465
0.001465
0.001465
0.001465
0.001465
0.001465
0.001465
0.001465
0.001465
0.001465
0.001465
0.001465
0.001465
0.001465
0.001465
0.001465
0.001465
0.001465
0.001465
0.001465
0.001465
0.001465
0.001465
0.001465
0.001465
0.001465
0.001465
0.001465
0.001465
0.001465
0.001465
0.001465
0.001465
0.001465
0.001465
0.001465
0.001465
0.001465
0.001465
0.001465
0.001465
0.001465
0.001465
0.001465
0.001465
0.001465
0.001465
0.001465
0.001465
0.001465
0.001465
0.001465
0.001465
0.001465
0.001465
0.001465
0.001465
0.001465
0.001465
0.001465
0.001465
0.001465
0.001465
0.001465
0.001465
0.001465
0.001465
0.001465
0.001465
0.001465
0.001465
0.001465
0.001465
0.001465
0.001465
0.001465
0.001465
0.001465
0.001465
0.001465
0.001465
0.001465
0.001465
0.001465
0.001465
0.001465
0.001465
0.001465
0.001465
0.001465
0.001465
0.001465
0.001465
0.001465
0.001465
0.001465
0.001465
0.001465
0.001465
0.001465
0.001465
0.001465
0.001465
0.001465
0.001465
0.001465
0.001465
0.001465
0.001465
0.001465
0.001465
0.001465
0.001465
0.001465
0.001465
0.001465
0.001465
0.001465
0.001465
0.001465
0.001465
0.001465
0.001465
0.001465
0.001465
0.001465
0.001465
0.001465
0.001465
0.001465
0.001465
0.001465
0.001465
0.001465
0.001465
0.001465
0.001465
0.001465
0.001465
0.001465
0.001465
0.001465
0.001465
0.001465
0.001465
0.001465
0.001465
0.001465
0.001465
0.001465
0.001465
0.001465
0.001465
0.001465
0.001465
0.001465
0.001465
0.001465
0.001465
0.001465
0.001465
0.001465
0.001465
0.001465
0.001465
0.001465
0.001465
0.001465
0.001465
0.001465
0.001465
0.001465
0.001465
0.001465
0.001465
0.001465
0.001465
0.001465
0.001465
0.001465
0.001465
0.001465
0.001465
0.001465
0.001465
0.001465
0.001465
0.001465
0.001465
0.001465
0.001465
0.001465
0.001465
0.001465
0.001465
0.001465
0.001465
0.001465
0.001465
0.001465
0.001465
0.001465
0.001465
0.001465
0.001465
0.001465
0.001465
0.001465
0.001465
0.001465
0.001465
0.001465
0.001465
0.001465
0.001465
0.001465
0.001465
0.001465
0.001465
0.001465
0.001465
0.001465
0.001465
0.001465
0.001465
0.001465
0.001465
0.001465
0.001465
0.001465
0.001465
0.001465
0.001465
0.001465
0.001465
0.001465
0.001465
0.001465
0.001465
0.001465
0.001465
0.001465
0.001465
0.001465
0.001465
0.001465
0.001465
0.001465
0.001465
0.001465
0.001465
0.001465
0.001465
0.001465
0.001465
0.001465
0.001465
0.001465
0.001465
0.001465
0.001465
0.001465
0.001465
0.001465
0.001465
0.001465
0.001465
0.001465
0.001465
0.001465
0.001465
0.001465
0.001465
0.001465
0.001465
0.001465
0.001465
0.001465
0.001465
0.001472
0.001480
0.001480
0.001480
0.001480
0.001490
0.001495
0.001495
0.001495
0.001503
0.001503
0.001507
0.001511
0.001511
0.001526
0.001526
0.001526
0.001526
0.001526
0.001526
0.001526
0.001526
0.001526
0.001526
0.001526
0.001526
0.001526
0.001526
0.001526
0.001526
0.001526
0.001526
0.001526
0.001526
0.001526
0.001526
0.001526
0.001526
0.001526
0.001526
0.001526
0.001526
0.001526
0.001526
0.001526
0.001526
0.001526
0.001541
0.001556
0.001556
0.001556
0.001556
0.001556
0.001556
0.001556
0.001556
0.001572
0.001587
0.001587
0.001587
0.001587
0.001587
0.001587
0.001587
0.001587
0.001587
0.001587
0.001587
0.001587
0.001587
0.001587
0.001587
0.001587
0.001587
0.001587
0.001587
0.001587
0.001587
0.001587
0.001587
0.001587
0.001587
0.001587
0.001587
0.001587
0.001587
0.001587
0.001587
0.001587
0.001587
0.001587
0.001587
0.001587
0.001587
0.001587
0.001587
0.001587
0.001587
0.001587
0.001587
0.001587
0.001587
0.001587
0.001587
0.001587
0.001587
0.001587
0.001587
0.001587
0.001587
0.001587
0.001587
0.001587
0.001587
0.001587
0.001617
0.001617
0.001617
0.001617
0.001617
0.001617
0.001633
0.001644
0.001648
0.001648
0.001648
0.001648
0.001648
0.001648
0.001648
0.001648
0.001648
0.001648
0.001648
0.001648
0.001648
0.001648
0.001657
0.001672
0.001678
0.001678
0.001678
0.001709
0.001709
0.001709
0.001709
0.001709
0.001709
0.001709
0.001709
0.001709
0.001709
0.001709
0.001709
0.001709
0.001709
0.001709
0.001709
0.001709
0.001709
0.001709
0.001709
0.001709
0.001709
0.001709
0.001709
0.001709
0.001709
0.001709
0.001709
0.001709
0.001709
0.001709
0.001709
0.001709
0.001709
0.001709
0.001709
0.001709
0.001709
0.001709
0.001709
0.001709
0.001709
0.001709
0.001709
0.001709
0.001709
0.001709
0.001709
0.001709
0.001709
0.001709
0.001709
0.001709
0.001709
0.001709
0.001709
0.001709
0.001709
0.001709
0.001709
0.001709
0.001709
0.001709
0.001709
0.001709
0.001709
0.001709
0.001709
0.001709
0.001709
0.001709
0.001709
0.001709
0.001709
0.001709
0.001709
0.001709
0.001709
0.001709
0.001709
0.001709
0.001709
0.001709
0.001709
0.001709
0.001709
0.001709
0.001709
0.001709
0.001709
0.001709
0.001709
0.001709
0.001709
0.001709
0.001709
0.001709
0.001709
0.001709
0.001709
0.001709
0.001709
0.001709
0.001709
0.001709
0.001709
0.001709
0.001709
0.001709
0.001709
0.001709
0.001709
0.001709
0.001709
0.001709
0.001709
0.001709
0.001709
0.001709
0.001709
0.001709
0.001724
0.001724
0.001724
0.001740
0.001740
0.001743
0.001747
0.001770
0.001770
0.001770
0.001770
0.001770
0.001770
0.001783
0.001785
0.001789
0.001789
0.001793
0.001831
0.001831
0.001831
0.001831
0.001831
0.001831
0.001831
0.001831
0.001831
0.001831
0.001831
0.001831
0.001831
0.001831
0.001831
0.001831
0.001831
0.001831
0.001831
0.001831
0.001831
0.001831
0.001831
0.001831
0.001831
0.001831
0.001831
0.001831
0.001877
0.001877
0.001877
0.001892
0.001908
0.001923
0.001953
0.001953
0.001953
0.001953
0.001953
0.001953
0.001953
0.001953
0.001953
0.001953
0.001953
0.001953
0.001953
0.001953
0.001953
0.001953
0.001953
0.001953
0.001953
0.001953
0.001953
0.001953
0.001953
0.001953
0.001953
0.001953
0.001953
0.001953
0.001953
0.001953
0.001953
0.001953
0.001953
0.001953
0.001953
0.001953
0.001953
0.001953
0.001953
0.001953
0.001953
0.001953
0.001953
0.001953
0.001953
0.001953
0.001953
0.001953
0.001953
0.001984
0.001984
0.001984
0.002014
0.002014
0.002060
0.002075
0.002075
0.002075
0.002075
0.002075
0.002075
0.002075
0.002075
0.002075
0.002075
0.002083
0.002106
0.002115
0.002136
0.002136
0.002148
0.002167
0.002197
0.002197
0.002197
0.002197
0.002197
0.002197
0.002197
0.002197
0.002197
0.002197
0.002197
0.002197
0.002197
0.002197
0.002197
0.002197
0.002197
0.002197
0.002197
0.002197
0.002197
0.002197
0.002197
0.002197
0.002197
0.002197
0.002197
0.002197
0.002197
0.002197
0.002197
0.002258
0.002258
0.002289
0.002289
0.002289
0.002289
0.002319
0.002319
0.002319
0.002319
0.002319
0.002319
0.002380
0.002411
0.002426
0.002426
0.002441
0.002441
0.002441
0.002441
0.002441
0.002441
0.002441
0.002441
0.002441
0.002441
0.002441
0.002441
0.002441
0.002441
0.002441
0.002441
0.002441
0.002441
0.002441
0.002441
0.002441
0.002441
0.002441
0.002441
0.002441
0.002441
0.002441
0.002441
0.002441
0.002441
0.002441
0.002441
0.002441
0.002441
0.002441
0.002441
0.002472
0.002502
0.002518
0.002563
0.002563
0.002563
0.002563
0.002563
0.002563
0.002563
0.002563
0.002563
0.002563
0.002563
0.002563
0.002563
0.002563
0.002563
0.002625
0.002655
0.002686
0.002686
0.002686
0.002686
0.002686
0.002686
0.002686
0.002686
0.002686
0.002686
0.002686
0.002686
0.002686
0.002686
0.002686
0.002686
0.002686
0.002686
0.002686
0.002686
0.002686
0.002686
0.002686
0.002686
0.002686
0.002686
0.002686
0.002686
0.002686
0.002731
0.002747
0.002747
0.002747
0.002747
0.002747
0.002777
0.002777
0.002808
0.002808
0.002808
0.002808
0.002808
0.002808
0.002808
0.002808
0.002808
0.002808
0.002869
0.002869
0.002876
0.002899
0.002930
0.002930
0.002930
0.002930
0.002930
0.002930
0.002930
0.002930
0.002930
0.002930
0.002930
0.002930
0.002930
0.002930
0.002930
0.002930
0.002930
0.002930
0.002930
0.002930
0.002930
0.002930
0.002930
0.002930
0.002930
0.002930
0.002930
0.002930
0.002930
0.002930
0.002930
0.002930
0.002930
0.002930
0.002930
0.002930
0.002930
0.002930
0.002930
0.002930
0.002930
0.002930
0.002930
0.002930
0.002930
0.002930
0.002930
0.003052
0.003052
0.003052
0.003052
0.003052
0.003052
0.003052
0.003052
0.003052
0.003052
0.003052
0.003052
0.003052
0.003052
0.003052
0.003067
0.003113
0.003113
0.003174
0.003174
0.003174
0.003174
0.003174
0.003174
0.003174
0.003174
0.003174
0.003174
0.003174
0.003174
0.003174
0.003174
0.003174
0.003174
0.003174
0.003174
0.003174
0.003174
0.003174
0.003174
0.003174
0.003174
0.003174
0.003174
0.003174
0.003174
0.003174
0.003174
0.003174
0.003174
0.003174
0.003174
0.003174
0.003174
0.003174
0.003174
0.003174
0.003174
0.003174
0.003174
0.003174
0.003174
0.003174
0.003174
0.003235
0.003235
0.003235
0.003235
0.003235
0.003265
0.003296
0.003296
0.003296
0.003296
0.003296
0.003296
0.003296
0.003296
0.003296
0.003326
0.003326
0.003326
0.003357
0.003357
0.003357
0.003357
0.003357
0.003357
0.003357
0.003357
0.003357
0.003387
0.003387
0.003418
0.003418
0.003418
0.003418
0.003418
0.003418
0.003418
0.003418
0.003418
0.003418
0.003418
0.003418
0.003418
0.003418
0.003418
0.003418
0.003418
0.003418
0.003418
0.003418
0.003418
0.003418
0.003418
0.003418
0.003418
0.003418
0.003418
0.003418
0.003418
0.003418
0.003418
0.003418
0.003418
0.003418
0.003418
0.003418
0.003418
0.003418
0.003418
0.003445
0.003479
0.003479
0.003510
0.003525
0.003540
0.003540
0.003540
0.003540
0.003540
0.003540
0.003540
0.003540
0.003540
0.003540
0.003540
0.003540
0.003540
0.003540
0.003540
0.003540
0.003540
0.003601
0.003632
0.003632
0.003639
0.003647
0.003662
0.003662
0.003662
0.003662
0.003662
0.003662
0.003662
0.003662
0.003662
0.003662
0.003662
0.003662
0.003662
0.003662
0.003662
0.003662
0.003662
0.003662
0.003662
0.003662
0.003662
0.003662
0.003662
0.003662
0.003662
0.003662
0.003662
0.003662
0.003662
0.003662
0.003662
0.003662
0.003662
0.003662
0.003662
0.003662
0.003662
0.003662
0.003662
0.003662
0.003662
0.003662
0.003662
0.003662
0.003662
0.003662
0.003662
0.003662
0.003723
0.003723
0.003723
0.003723
0.003784
0.003784
0.003784
0.003784
0.003784
0.003784
0.003784
0.003784
0.003784
0.003784
0.003784
0.003784
0.003784
0.003830
0.003845
0.003845
0.003845
0.003845
0.003845
0.003845
0.003845
0.003845
0.003845
0.003845
0.003876
0.003876
0.003876
0.003906
0.003906
0.003906
0.003906
0.003906
0.003906
0.003906
0.003906
0.003906
0.003906
0.003906
0.003906
0.003906
0.003906
0.003906
0.003906
0.003906
0.003906
0.003906
0.003906
0.003906
0.003906
0.003906
0.003906
0.003906
0.003906
0.003906
0.003906
0.003906
0.003906
0.003906
0.003967
0.003998
0.004028
0.004028
0.004028
0.004028
0.004028
0.004028
0.004028
0.004028
0.004028
0.004028
0.004028
0.004028
0.004059
0.004074
0.004089
0.004120
0.004120
0.004135
0.004150
0.004150
0.004150
0.004150
0.004150
0.004150
0.004150
0.004150
0.004150
0.004150
0.004150
0.004150
0.004150
0.004150
0.004150
0.004150
0.004150
0.004150
0.004150
0.004150
0.004150
0.004150
0.004150
0.004150
0.004150
0.004150
0.004150
0.004150
0.004150
0.004150
0.004150
0.004150
0.004150
0.004150
0.004150
0.004150
0.004150
0.004150
0.004150
0.004150
0.004150
0.004150
0.004150
0.004150
0.004150
0.004150
0.004150
0.004150
0.004150
0.004150
0.004150
0.004150
0.004181
0.004234
0.004272
0.004272
0.004272
0.004272
0.004272
0.004272
0.004272
0.004272
0.004272
0.004272
0.004272
0.004272
0.004272
0.004272
0.004272
0.004303
0.004303
0.004333
0.004333
0.004333
0.004364
0.004395
0.004395
0.004395
0.004395
0.004395
0.004395
0.004395
0.004395
0.004395
0.004395
0.004395
0.004395
0.004395
0.004395
0.004395
0.004395
0.004395
0.004395
0.004395
0.004395
0.004395
0.004395
0.004395
0.004395
0.004395
0.004395
0.004395
0.004395
0.004395
0.004395
0.004395
0.004395
0.004395
0.004395
0.004395
0.004425
0.004456
0.004456
0.004456
0.004456
0.004471
0.004486
0.004517
0.004517
0.004517
0.004517
0.004517
0.004517
0.004517
0.004517
0.004517
0.004517
0.004517
0.004517
0.004517
0.004524
0.004562
0.004566
0.004570
0.004578
0.004608
0.004639
0.004639
0.004639
0.004639
0.004639
0.004639
0.004639
0.004639
0.004639
0.004639
0.004639
0.004639
0.004639
0.004639
0.004639
0.004639
0.004639
0.004639
0.004639
0.004639
0.004639
0.004639
0.004639
0.004639
0.004639
0.004639
0.004639
0.004639
0.004639
0.004639
0.004639
0.004639
0.004639
0.004639
0.004639
0.004639
0.004639
0.004761
0.004761
0.004761
0.004761
0.004761
0.004761
0.004761
0.004761
0.004761
0.004761
0.004761
0.004761
0.004761
0.004761
0.004761
0.004761
0.004791
0.004791
0.004791
0.004791
0.004822
0.004822
0.004883
0.004883
0.004883
0.004883
0.004883
0.004883
0.004883
0.004883
0.004883
0.004883
0.004883
0.004883
0.004883
0.004883
0.004883
0.004883
0.004883
0.004883
0.004883
0.004883
0.004883
0.004913
0.005005
0.005005
0.005005
0.005005
0.005005
0.005005
0.005005
0.005035
0.005035
0.005066
0.005066
0.005066
0.005127
0.005127
0.005127
0.005127
0.005127
0.005127
0.005127
0.005127
0.005127
0.005127
0.005127
0.005127
0.005127
0.005127
0.005127
0.005127
0.005127
0.005127
0.005127
0.005127
0.005127
0.005127
0.005127
0.005127
0.005127
0.005157
0.005157
0.005188
0.005219
0.005249
0.005249
0.005249
0.005249
0.005249
0.005249
0.005249
0.005249
0.005249
0.005249
0.005249
0.005249
0.005249
0.005249
0.005249
0.005249
0.005371
0.005371
0.005371
0.005371
0.005371
0.005371
0.005371
0.005371
0.005371
0.005371
0.005371
0.005371
0.005371
0.005371
0.005371
0.005371
0.005371
0.005371
0.005371
0.005371
0.005371
0.005371
0.005371
0.005371
0.005371
0.005371
0.005371
0.005371
0.005371
0.005371
0.005371
0.005371
0.005371
0.005371
0.005371
0.005371
0.005432
0.005432
0.005448
0.005493
0.005493
0.005493
0.005493
0.005493
0.005493
0.005493
0.005493
0.005493
0.005493
0.005524
0.005539
0.005554
0.005554
0.005554
0.005554
0.005554
0.005554
0.005554
0.005554
0.005554
0.005554
0.005554
0.005554
0.005554
0.005554
0.005615
0.005615
0.005615
0.005615
0.005615
0.005615
0.005615
0.005615
0.005615
0.005615
0.005615
0.005615
0.005615
0.005615
0.005615
0.005615
0.005615
0.005615
0.005615
0.005615
0.005615
0.005615
0.005615
0.005615
0.005615
0.005615
0.005615
0.005615
0.005615
0.005615
0.005615
0.005615
0.005615
0.005646
0.005646
0.005653
0.005661
0.005676
0.005676
0.005676
0.005676
0.005676
0.005707
0.005737
0.005737
0.005737
0.005737
0.005737
0.005798
0.005798
0.005817
0.005829
0.005836
0.005859
0.005859
0.005859
0.005859
0.005859
0.005859
0.005859
0.005859
0.005859
0.005859
0.005859
0.005859
0.005859
0.005859
0.005859
0.005859
0.005859
0.005859
0.005859
0.005859
0.005859
0.005859
0.005859
0.005859
0.005859
0.005859
0.005859
0.005859
0.005859
0.005859
0.005859
0.005859
0.005859
0.005859
0.005859
0.005859
0.005859
0.005859
0.005859
0.005859
0.005859
0.005859
0.005859
0.005859
0.005890
0.005951
0.005959
0.005966
0.005981
0.005981
0.005981
0.005981
0.005981
0.005981
0.005981
0.005981
0.005981
0.006042
0.006042
0.006042
0.006042
0.006042
0.006073
0.006100
0.006104
0.006104
0.006104
0.006104
0.006104
0.006104
0.006104
0.006104
0.006104
0.006104
0.006104
0.006104
0.006104
0.006104
0.006104
0.006104
0.006104
0.006104
0.006104
0.006104
0.006104
0.006104
0.006104
0.006104
0.006104
0.006104
0.006104
0.006104
0.006104
0.006104
0.006104
0.006104
0.006104
0.006104
0.006104
0.006104
0.006104
0.006104
0.006104
0.006104
0.006104
0.006126
0.006130
0.006149
0.006165
0.006165
0.006165
0.006165
0.006165
0.006226
0.006226
0.006226
0.006226
0.006226
0.006226
0.006226
0.006226
0.006226
0.006226
0.006226
0.006226
0.006226
0.006226
0.006226
0.006226
0.006226
0.006226
0.006226
0.006233
0.006247
0.006256
0.006287
0.006287
0.006287
0.006348
0.006348
0.006348
0.006348
0.006348
0.006348
0.006348
0.006348
0.006348
0.006348
0.006348
0.006348
0.006348
0.006348
0.006348
0.006348
0.006348
0.006348
0.006348
0.006348
0.006348
0.006348
0.006348
0.006348
0.006348
0.006348
0.006348
0.006348
0.006348
0.006348
0.006348
0.006348
0.006348
0.006348
0.006348
0.006348
0.006348
0.006348
0.006348
0.006348
0.006348
0.006348
0.006348
0.006348
0.006348
0.006348
0.006348
0.006348
0.006348
0.006348
0.006348
0.006348
0.006348
0.006348
0.006348
0.006348
0.006348
0.006378
0.006378
0.006378
0.006390
0.006407
0.006409
0.006470
0.006470
0.006470
0.006470
0.006470
0.006470
0.006470
0.006470
0.006470
0.006470
0.006470
0.006470
0.006470
0.006470
0.006470
0.006470
0.006470
0.006470
0.006470
0.006470
0.006470
0.006470
0.006470
0.006500
0.006500
0.006500
0.006531
0.006569
0.006592
0.006592
0.006592
0.006592
0.006592
0.006592
0.006592
0.006592
0.006592
0.006592
0.006592
0.006592
0.006592
0.006592
0.006592
0.006592
0.006592
0.006592
0.006592
0.006592
0.006592
0.006592
0.006592
0.006592
0.006592
0.006592
0.006592
0.006592
0.006592
0.006592
0.006592
0.006592
0.006592
0.006592
0.006592
0.006592
0.006592
0.006592
0.006592
0.006592
0.006592
0.006592
0.006592
0.006622
0.006622
0.006653
0.006653
0.006653
0.006653
0.006653
0.006653
0.006653
0.006714
0.006714
0.006714
0.006714
0.006714
0.006714
0.006714
0.006714
0.006775
0.006805
0.006836
0.006836
0.006836
0.006836
0.006836
0.006836
0.006836
0.006836
0.006836
0.006836
0.006836
0.006836
0.006836
0.006836
0.006836
0.006836
0.006836
0.006836
0.006836
0.006836
0.006836
0.006836
0.006836
0.006836
0.006836
0.006836
0.006836
0.006836
0.006836
0.006836
0.006836
0.006836
0.006836
0.006836
0.006836
0.006836
0.006836
0.006836
0.006836
0.006836
0.006874
0.006882
0.006889
0.006897
0.006897
0.006897
0.006897
0.006958
0.006958
0.006958
0.006958
0.006958
0.006958
0.006958
0.006958
0.006958
0.006958
0.006958
0.006958
0.006958
0.006958
0.006958
0.006958
0.007011
0.007019
0.007019
0.007042
0.007050
0.007050
0.007080
0.007080
0.007080
0.007080
0.007080
0.007080
0.007080
0.007080
0.007080
0.007080
0.007080
0.007080
0.007080
0.007080
0.007080
0.007080
0.007080
0.007080
0.007080
0.007080
0.007080
0.007080
0.007080
0.007080
0.007080
0.007080
0.007080
0.007080
0.007080
0.007080
0.007080
0.007080
0.007080
0.007080
0.007080
0.007080
0.007080
0.007080
0.007080
0.007080
0.007111
0.007202
0.007202
0.007202
0.007202
0.007202
0.007202
0.007202
0.007202
0.007202
0.007202
0.007202
0.007202
0.007233
0.007233
0.007246
0.007263
0.007324
0.007324
0.007324
0.007324
0.007324
0.007324
0.007324
0.007324
0.007324
0.007324
0.007324
0.007324
0.007324
0.007324
0.007324
0.007324
0.007324
0.007324
0.007324
0.007324
0.007324
0.007324
0.007324
0.007324
0.007324
0.007324
0.007324
0.007324
0.007324
0.007324
0.007324
0.007324
0.007324
0.007324
0.007324
0.007324
0.007359
0.007377
0.007385
0.007385
0.007385
0.007401
0.007431
0.007443
0.007446
0.007446
0.007446
0.007446
0.007446
0.007446
0.007446
0.007507
0.007519
0.007523
0.007568
0.007568
0.007568
0.007568
0.007568
0.007568
0.007568
0.007568
0.007568
0.007568
0.007568
0.007568
0.007568
0.007568
0.007568
0.007568
0.007568
0.007568
0.007568
0.007568
0.007568
0.007568
0.007568
0.007568
0.007568
0.007568
0.007568
0.007568
0.007568
0.007568
0.007568
0.007568
0.007568
0.007568
0.007568
0.007568
0.007568
0.007568
0.007568
0.007568
0.007568
0.007629
0.007675
0.007690
0.007690
0.007690
0.007690
0.007690
0.007690
0.007690
0.007690
0.007690
0.007690
0.007690
0.007690
0.007706
0.007721
0.007727
0.007729
0.007751
0.007751
0.007751
0.007751
0.007751
0.007751
0.007812
0.007812
0.007812
0.007812
0.007812
0.007812
0.007812
0.007812
0.007812
0.007812
0.007812
0.007812
0.007812
0.007812
0.007812
0.007812
0.007812
0.007812
0.007812
0.007812
0.007812
0.007812
0.007812
0.007812
0.007812
0.007812
0.007812
0.007812
0.007812
0.007812
0.007812
0.007812
0.007812
0.007812
0.007812
0.007812
0.007820
0.007820
0.007828
0.007843
0.007858
0.007874
0.007874
0.007874
0.007874
0.007874
0.007904
0.007904
0.007935
0.007935
0.007935
0.007935
0.007935
0.007935
0.007935
0.007935
0.007935
0.007935
0.007935
0.007935
0.007935
0.007935
0.007935
0.007935
0.007935
0.007935
0.007935
0.007996
0.007996
0.007996
0.007996
0.008018
0.008026
0.008037
0.008057
0.008057
0.008057
0.008057
0.008057
0.008057
0.008057
0.008057
0.008057
0.008057
0.008057
0.008057
0.008057
0.008057
0.008057
0.008057
0.008057
0.008057
0.008057
0.008057
0.008057
0.008057
0.008057
0.008057
0.008057
0.008057
0.008057
0.008057
0.008057
0.008057
0.008057
0.008057
0.008057
0.008057
0.008057
0.008057
0.008057
0.008057
0.008057
0.008057
0.008057
0.008057
0.008057
0.008057
0.008057
0.008057
0.008057
0.008057
0.008057
0.008057
0.008110
0.008118
0.008118
0.008118
0.008118
0.008118
0.008148
0.008148
0.008179
0.008179
0.008179
0.008179
0.008179
0.008179
0.008179
0.008179
0.008179
0.008179
0.008179
0.008179
0.008179
0.008179
0.008179
0.008179
0.008179
0.008179
0.008179
0.008179
0.008179
0.008179
0.008179
0.008179
0.008179
0.008179
0.008179
0.008179
0.008179
0.008179
0.008179
0.008179
0.008209
0.008209
0.008209
0.008240
0.008240
0.008240
0.008240
0.008254
0.008255
0.008255
0.008270
0.008280
0.008286
0.008286
0.008286
0.008286
0.008301
0.008301
0.008301
0.008301
0.008301
0.008301
0.008301
0.008301
0.008301
0.008301
0.008301
0.008301
0.008301
0.008301
0.008301
0.008301
0.008301
0.008301
0.008301
0.008301
0.008301
0.008301
0.008301
0.008301
0.008301
0.008301
0.008301
0.008301
0.008301
0.008301
0.008301
0.008301
0.008301
0.008301
0.008301
0.008301
0.008301
0.008301
0.008301
0.008301
0.008301
0.008301
0.008301
0.008301
0.008301
0.008301
0.008301
0.008301
0.008301
0.008301
0.008301
0.008301
0.008301
0.008301
0.008301
0.008301
0.008301
0.008301
0.008301
0.008301
0.008301
0.008316
0.008316
0.008331
0.008331
0.008331
0.008331
0.008331
0.008331
0.008362
0.008362
0.008362
0.008362
0.008362
0.008362
0.008362
0.008362
0.008362
0.008362
0.008362
0.008377
0.008392
0.008400
0.008408
0.008423
0.008423
0.008423
0.008423
0.008423
0.008423
0.008423
0.008423
0.008423
0.008423
0.008423
0.008423
0.008423
0.008423
0.008423
0.008423
0.008423
0.008423
0.008423
0.008423
0.008423
0.008423
0.008423
0.008423
0.008423
0.008423
0.008423
0.008423
0.008423
0.008423
0.008453
0.008453
0.008484
0.008484
0.008484
0.008484
0.008484
0.008484
0.008484
0.008484
0.008484
0.008484
0.008484
0.008484
0.008484
0.008514
0.008514
0.008514
0.008514
0.008545
0.008545
0.008545
0.008545
0.008545
0.008545
0.008545
0.008545
0.008545
0.008545
0.008545
0.008545
0.008545
0.008545
0.008545
0.008545
0.008545
0.008545
0.008545
0.008545
0.008545
0.008545
0.008545
0.008545
0.008545
0.008545
0.008545
0.008545
0.008545
0.008545
0.008545
0.008545
0.008545
0.008545
0.008545
0.008545
0.008545
0.008545
0.008545
0.008545
0.008545
0.008545
0.008545
0.008545
0.008545
0.008545
0.008545
0.008545
0.008545
0.008545
0.008545
0.008545
0.008545
0.008545
0.008545
0.008545
0.008545
0.008545
0.008545
0.008545
0.008545
0.008545
0.008545
0.008545
0.008545
0.008545
0.008545
0.008545
0.008545
0.008545
0.008545
0.008545
0.008545
0.008545
0.008545
0.008545
0.008545
0.008545
0.008545
0.008545
0.008545
0.008545
0.008545
0.008545
0.008545
0.008545
0.008545
0.008545
0.008545
0.008545
0.008545
0.008545
0.008562
0.008575
0.008591
0.008606
0.008606
0.008606
0.008606
0.008636
0.008636
0.008636
0.008667
0.008667
0.008667
0.008667
0.008667
0.008667
0.008667
0.008667
0.008667
0.008667
0.008667
0.008667
0.008667
0.008667
0.008667
0.008667
0.008667
0.008667
0.008667
0.008667
0.008667
0.008667
0.008667
0.008667
0.008667
0.008667
0.008667
0.008667
0.008667
0.008667
0.008667
0.008667
0.008667
0.008667
0.008667
0.008667
0.008682
0.008698
0.008698
0.008724
0.008728
0.008728
0.008728
0.008728
0.008743
0.008759
0.008759
0.008759
0.008774
0.008789
0.008789
0.008789
0.008789
0.008789
0.008789
0.008789
0.008789
0.008789
0.008789
0.008789
0.008789
0.008789
0.008789
0.008789
0.008789
0.008789
0.008789
0.008789
0.008789
0.008789
0.008789
0.008789
0.008789
0.008789
0.008789
0.008789
0.008789
0.008789
0.008789
0.008789
0.008789
0.008789
0.008789
0.008789
0.008789
0.008789
0.008789
0.008789
0.008789
0.008789
0.008789
0.008789
0.008789
0.008789
0.008789
0.008789
0.008789
0.008789
0.008789
0.008789
0.008789
0.008789
0.008789
0.008789
0.008789
0.008789
0.008789
0.008789
0.008789
0.008789
0.008789
0.008789
0.008789
0.008789
0.008789
0.008789
0.008789
0.008789
0.008789
0.008789
0.008789
0.008789
0.008789
0.008789
0.008789
0.008789
0.008789
0.008789
0.008789
0.008789
0.008789
0.008789
0.008789
0.008789
0.008789
0.008789
0.008789
0.008789
0.008789
0.008789
0.008789
0.008789
0.008789
0.008789
0.008789
0.008789
0.008789
0.008789
0.008789
0.008789
0.008789
0.008789
0.008789
0.008789
0.008789
0.008789
0.008789
0.008789
0.008789
0.008789
0.008789
0.008789
0.008789
0.008789
0.008789
0.008789
0.008789
0.008789
0.008789
0.008789
0.008789
0.008789
0.008789
0.008789
0.008789
0.008789
0.008789
0.008789
0.008789
0.008789
0.008789
0.008789
0.008789
0.008789
0.008789
0.008789
0.008789
0.008789
0.008789
0.008789
0.008789
0.008789
0.008789
0.008789
0.008789
0.008789
0.008789
0.008789
0.008789
0.008789
0.008789
0.008789
0.008789
0.008789
0.008789
0.008789
0.008789
0.008789
0.008789
0.008789
0.008789
0.008789
0.008789
0.008789
0.008789
0.008789
0.008789
0.008789
0.008804
0.008820
0.008820
0.008820
0.008820
0.008820
0.008820
0.008820
0.008820
0.008835
0.008850
0.008850
0.008850
0.008850
0.008850
0.008850
0.008850
0.008850
0.008850
0.008850
0.008911
0.008911
0.008911
0.008911
0.008911
0.008911
0.008911
0.008911
0.008911
0.008911
0.008911
0.008911
0.008911
0.008911
0.008911
0.008911
0.008911
0.008911
0.008911
0.008911
0.008911
0.008911
0.008911
0.008911
0.008911
0.008911
0.008911
0.008942
0.008942
0.008942
0.008957
0.008957
0.008972
0.008972
0.008972
0.008972
0.008972
0.008972
0.008972
0.008972
0.008972
0.008972
0.008972
0.008972
0.008991
0.008995
0.009003
0.009003
0.009026
0.009033
0.009033
0.009033
0.009033
0.009033
0.009033
0.009033
0.009033
0.009033
0.009033
0.009033
0.009033
0.009033
0.009033
0.009033
0.009033
0.009033
0.009033
0.009033
0.009033
0.009033
0.009033
0.009033
0.009033
0.009033
0.009033
0.009033
0.009033
0.009033
0.009033
0.009033
0.009033
0.009033
0.009033
0.009033
0.009033
0.009033
0.009033
0.009033
0.009033
0.009033
0.009033
0.009033
0.009033
0.009033
0.009033
0.009033
0.009033
0.009033
0.009033
0.009033
0.009033
0.009033
0.009033
0.009033
0.009033
0.009033
0.009033
0.009033
0.009033
0.009033
0.009033
0.009033
0.009033
0.009033
0.009033
0.009033
0.009033
0.009033
0.009033
0.009033
0.009033
0.009033
0.009033
0.009033
0.009033
0.009033
0.009033
0.009033
0.009033
0.009033
0.009033
0.009033
0.009033
0.009033
0.009033
0.009033
0.009033
0.009033
0.009033
0.009033
0.009033
0.009033
0.009033
0.009033
0.009033
0.009033
0.009033
0.009033
0.009033
0.009033
0.009033
0.009033
0.009033
0.009033
0.009033
0.009033
0.009033
0.009033
0.009033
0.009033
0.009033
0.009033
0.009033
0.009033
0.009033
0.009033
0.009033
0.009033
0.009033
0.009033
0.009033
0.009033
0.009033
0.009033
0.009033
0.009033
0.009033
0.009033
0.009033
0.009033
0.009033
0.009033
0.009033
0.009033
0.009033
0.009033
0.009033
0.009033
0.009033
0.009033
0.009033
0.009033
0.009033
0.009033
0.009033
0.009033
0.009033
0.009033
0.009033
0.009033
0.009033
0.009033
0.009033
0.009033
0.009033
0.009033
0.009033
0.009033
0.009033
0.009033
0.009033
0.009033
0.009033
0.009033
0.009048
0.009048
0.009060
0.009079
0.009094
0.009094
0.009094
0.009094
0.009094
0.009094
0.009094
0.009094
0.009094
0.009094
0.009094
0.009094
0.009109
0.009155
0.009155
0.009155
0.009155
0.009155
0.009155
0.009155
0.009155
0.009155
0.009155
0.009155
0.009155
0.009155
0.009155
0.009155
0.009155
0.009155
0.009155
0.009155
0.009155
0.009155
0.009155
0.009155
0.009155
0.009155
0.009155
0.009155
0.009155
0.009155
0.009155
0.009155
0.009155
0.009155
0.009171
0.009209
0.009216
0.009216
0.009216
0.009216
0.009216
0.009216
0.009216
0.009216
0.009216
0.009224
0.009232
0.009232
0.009247
0.009247
0.009277
0.009277
0.009277
0.009277
0.009277
0.009277
0.009277
0.009277
0.009277
0.009277
0.009277
0.009277
0.009277
0.009277
0.009277
0.009277
0.009277
0.009277
0.009277
0.009277
0.009277
0.009277
0.009277
0.009277
0.009277
0.009277
0.009277
0.009277
0.009277
0.009277
0.009277
0.009277
0.009277
0.009277
0.009277
0.009277
0.009277
0.009277
0.009277
0.009277
0.009277
0.009277
0.009277
0.009277
0.009277
0.009277
0.009277
0.009277
0.009277
0.009277
0.009277
0.009277
0.009277
0.009277
0.009277
0.009277
0.009277
0.009277
0.009277
0.009277
0.009277
0.009277
0.009277
0.009277
0.009277
0.009277
0.009277
0.009277
0.009277
0.009277
0.009277
0.009277
0.009277
0.009277
0.009277
0.009277
0.009277
0.009277
0.009277
0.009277
0.009277
0.009277
0.009277
0.009277
0.009277
0.009277
0.009277
0.009277
0.009277
0.009277
0.009277
0.009277
0.009277
0.009277
0.009277
0.009277
0.009277
0.009277
0.009277
0.009277
0.009277
0.009277
0.009277
0.009277
0.009277
0.009277
0.009277
0.009277
0.009277
0.009277
0.009277
0.009277
0.009277
0.009277
0.009277
0.009277
0.009277
0.009277
0.009277
0.009277
0.009277
0.009277
0.009277
0.009277
0.009277
0.009277
0.009277
0.009277
0.009277
0.009277
0.009277
0.009277
0.009277
0.009277
0.009277
0.009277
0.009277
0.009277
0.009308
0.009338
0.009338
0.009338
0.009338
0.009338
0.009338
0.009384
0.009399
0.009399
0.009399
0.009399
0.009399
0.009399
0.009399
0.009399
0.009399
0.009399
0.009399
0.009399
0.009399
0.009399
0.009399
0.009399
0.009399
0.009399
0.009399
0.009399
0.009399
0.009399
0.009399
0.009399
0.009399
0.009399
0.009399
0.009399
0.009399
0.009399
0.009399
0.009399
0.009399
0.009399
0.009399
0.009399
0.009399
0.009399
0.009399
0.009399
0.009399
0.009399
0.009399
0.009399
0.009430
0.009430
0.009430
0.009430
0.009430
0.009430
0.009430
0.009430
0.009430
0.009459
0.009460
0.009460
0.009460
0.009460
0.009460
0.009460
0.009460
0.009460
0.009476
0.009494
0.009501
0.009501
0.009521
0.009521
0.009521
0.009521
0.009521
0.009521
0.009521
0.009521
0.009521
0.009521
0.009521
0.009521
0.009521
0.009521
0.009521
0.009521
0.009521
0.009521
0.009521
0.009521
0.009521
0.009521
0.009521
0.009521
0.009521
0.009521
0.009521
0.009521
0.009521
0.009521
0.009521
0.009521
0.009521
0.009521
0.009521
0.009521
0.009521
0.009521
0.009521
0.009521
0.009521
0.009521
0.009521
0.009521
0.009521
0.009521
0.009521
0.009521
0.009521
0.009521
0.009521
0.009521
0.009521
0.009521
0.009521
0.009521
0.009521
0.009521
0.009521
0.009521
0.009521
0.009521
0.009521
0.009521
0.009521
0.009521
0.009521
0.009521
0.009521
0.009521
0.009521
0.009521
0.009521
0.009521
0.009521
0.009521
0.009521
0.009521
0.009521
0.009521
0.009521
0.009521
0.009521
0.009521
0.009521
0.009521
0.009521
0.009521
0.009521
0.009521
0.009521
0.009521
0.009521
0.009521
0.009521
0.009521
0.009521
0.009521
0.009521
0.009521
0.009521
0.009521
0.009521
0.009521
0.009521
0.009521
0.009521
0.009521
0.009521
0.009521
0.009521
0.009521
0.009521
0.009521
0.009521
0.009521
0.009521
0.009521
0.009521
0.009521
0.009521
0.009552
0.009583
0.009583
0.009583
0.009583
0.009583
0.009583
0.009644
0.009644
0.009644
0.009644
0.009644
0.009644
0.009644
0.009644
0.009644
0.009644
0.009644
0.009644
0.009644
0.009644
0.009644
0.009644
0.009644
0.009644
0.009644
0.009644
0.009644
0.009651
0.009659
0.009666
0.009674
0.009682
0.009689
0.009705
0.009705
0.009705
0.009705
0.009705
0.009705
0.009705
0.009766
0.009766
0.009766
0.009766
0.009766
0.009766
0.009766
0.009766
0.009766
0.009766
0.009766
0.009766
0.009766
0.009766
0.009766
0.009766
0.009766
0.009766
0.009766
0.009766
0.009766
0.009766
0.009766
0.009766
0.009766
0.009766
0.009766
0.009766
0.009766
0.009766
0.009766
0.009766
0.009766
0.009766
0.009766
0.009766
0.009766
0.009766
0.009766
0.009766
0.009766
0.009766
0.009766
0.009766
0.009766
0.009766
0.009766
0.009766
0.009766
0.009766
0.009766
0.009766
0.009766
0.009766
0.009766
0.009766
0.009766
0.009766
0.009766
0.009766
0.009766
0.009766
0.009766
0.009766
0.009766
0.009766
0.009766
0.009766
0.009766
0.009766
0.009766
0.009766
0.009766
0.009766
0.009766
0.009766
0.009766
0.009766
0.009766
0.009766
0.009766
0.009796
0.009796
0.009827
0.009827
0.009827
0.009827
0.009827
0.009888
0.009888
0.009888
0.009888
0.009888
0.009888
0.009888
0.009888
0.009888
0.009888
0.009888
0.009888
0.009888
0.009888
0.009918
0.009933
0.009949
0.009949
0.009949
0.010010
0.010010
0.010010
0.010010
0.010010
0.010010
0.010010
0.010010
0.010010
0.010010
0.010010
0.010010
0.010010
0.010010
0.010010
0.010010
0.010010
0.010010
0.010010
0.010010
0.010010
0.010010
0.010010
0.010010
0.010010
0.010010
0.010010
0.010010
0.010010
0.010010
0.010010
0.010010
0.010010
0.010010
0.010010
0.010010
0.010010
0.010010
0.010010
0.010010
0.010010
0.010010
0.010010
0.010010
0.010010
0.010010
0.010010
0.010010
0.010010
0.010010
0.010010
0.010025
0.010040
0.010040
0.010071
0.010113
0.010132
0.010132
0.010132
0.010132
0.010132
0.010132
0.010132
0.010193
0.010254
0.010254
0.010254
0.010254
0.010254
0.010254
0.010254
0.010254
0.010254
0.010254
0.010254
0.010254
0.010254
0.010254
0.010254
0.010254
0.010254
0.010254
0.010254
0.010254
0.010254
0.010254
0.010254
0.010254
0.010254
0.010254
0.010254
0.010254
0.010254
0.010315
0.010376
0.010376
0.010437
0.010468
0.010498
0.010498
0.010498
0.010498
0.010498
0.010498
0.010498
0.010498
0.010498
0.010498
0.010498
0.010498
0.010498
0.010498
0.010498
0.010498
0.010498
0.010529
0.010605
0.010620
0.010620
0.010620
0.010651
0.010681
0.010681
0.010742
0.010742
0.010742
0.010742
0.010742
0.010742
0.010803
0.010818
0.010864
0.010925
0.010925
0.010986
0.010986
0.010986
0.010986
0.010986
0.010986
0.011078
0.011093
0.011108
0.011108
0.011185
0.011229
0.011230
0.011230
0.011230
0.011230
0.011230
0.011230
0.011230
0.011353
0.011353
0.011353
0.011475
0.011475
0.011475
0.011475
0.011520
0.011536
0.011597
0.011658
0.011719
0.011719
0.011719
0.011719
0.011902
0.011963
0.011963
0.011963
0.012085
0.012085
0.012085
0.012207
0.012268
0.012329
0.012451
0.012451
0.012695
0.012695
0.012817
0.012939
0.013062
0.013077
0.013184
0.013245
0.013367
0.013428
0.013428
0.013489
0.013550
0.013580
0.013855
0.013916
0.013916
0.014160
0.014160
0.014160
0.014221
0.014404
0.014404
0.014526
0.014648
0.014648
0.014797
0.014893
0.014893
0.014923
0.015015
0.015137
0.015137
0.015167
0.015259
0.015259
0.015381
0.015381
0.015381
0.015381
0.015381
0.015442
0.015503
0.015625
0.015778
0.015961
0.016113
0.016113
0.016113
0.016113
0.016113
0.016235
0.016296
0.016403
0.016510
0.016602
0.016602
0.016602
0.016602
0.016602
0.016602
0.016632
0.016724
0.016846
0.016846
0.016846
0.016846
0.016846
0.016937
0.016968
0.016968
0.016968
0.017029
0.017090
0.017090
0.017212
0.017334
0.017334
0.017334
0.017334
0.017456
0.017578
0.017578
0.017822
0.017822
0.017822
0.017944
0.018005
0.018066
0.018066
0.018066
0.018066
0.018188
0.018188
0.018250
0.018311
0.018311
0.018311
0.018433
0.018433
0.018433
0.018433
0.018463
0.018555
0.018555
0.018555
0.018555
0.018555
0.018555
0.018555
0.018715
0.018799
0.018799
0.018799
0.018799
0.018799
0.018799
0.018799
0.018799
0.018806
0.018860
0.018921
0.018982
0.019043
0.019043
0.019043
0.019043
0.019043
0.019104
0.019165
0.019287
0.019287
0.019287
0.019287
0.019287
0.019287
0.019287
0.019287
0.019287
0.019348
0.019409
0.019409
0.019409
0.019409
0.019409
0.019501
0.019531
0.019531
0.019531
0.019531
0.019531
0.019531
0.019531
0.019531
0.019531
0.019531
0.019531
0.019531
0.019592
0.019653
0.019653
0.019745
0.019775
0.019775
0.019775
0.019775
0.019775
0.019775
0.019775
0.019775
0.019775
0.019775
0.019775
0.019775
0.019836
0.019897
0.020020
0.020020
0.020020
0.020020
0.020020
0.020020
0.020020
0.020020
0.020020
0.020020
0.020020
0.020081
0.020142
0.020142
0.020172
0.020203
0.020264
0.020264
0.020264
0.020264
0.020264
0.020264
0.020264
0.020264
0.020264
0.020264
0.020264
0.020264
0.020325
0.020386
0.020386
0.020462
0.020508
0.020508
0.020508
0.020508
0.020508
0.020508
0.020599
0.020630
0.020630
0.020752
0.020752
0.020752
0.020752
0.020752
0.020752
0.020752
0.020752
0.020752
0.020752
0.020752
0.020996
0.020996
0.021118
0.021118
0.021240
0.021240
0.021240
0.021240
0.021973
0.022217
0.028748
0.029114
0.029297
0.029785
0.030029
0.030518
0.030884
0.031494
0.032227
0.032715
