0.00073
0.00073
0.00085
0.00085
0.00085
0.00092
0.00098
0.00098
0.00098
0.00098
0.00098
0.00098
0.00098
0.00098
0.00098
0.00098
0.00098
0.00098
0.00098
0.00098
0.00098
0.00098
0.00098
0.00098
0.00098
0.00098
0.00098
0.00098
0.00098
0.00098
0.00098
0.00098
0.00098
0.00098
0.00098
0.00098
0.00098
0.00098
0.00098
0.00098
0.00098
0.00098
0.00098
0.00098
0.00098
0.00098
0.00098
0.00110
0.00110
0.00110
0.00110
0.00110
0.00110
0.00110
0.00110
0.00110
0.00110
0.00110
0.00110
0.00110
0.00110
0.00110
0.00110
0.00110
0.00110
0.00116
0.00119
0.00119
0.00121
0.00122
0.00122
0.00122
0.00122
0.00122
0.00122
0.00122
0.00122
0.00122
0.00122
0.00122
0.00122
0.00122
0.00122
0.00122
0.00122
0.00122
0.00122
0.00122
0.00122
0.00122
0.00122
0.00122
0.00122
0.00122
0.00122
0.00122
0.00122
0.00122
0.00122
0.00122
0.00122
0.00122
0.00122
0.00122
0.00122
0.00122
0.00122
0.00122
0.00122
0.00122
0.00122
0.00122
0.00122
0.00122
0.00122
0.00122
0.00122
0.00122
0.00122
0.00122
0.00122
0.00122
0.00122
0.00122
0.00122
0.00122
0.00122
0.00122
0.00122
0.00122
0.00122
0.00122
0.00122
0.00122
0.00122
0.00122
0.00122
0.00122
0.00122
0.00122
0.00122
0.00122
0.00122
0.00122
0.00122
0.00122
0.00122
0.00122
0.00122
0.00122
0.00122
0.00122
0.00122
0.00122
0.00122
0.00122
0.00122
0.00122
0.00122
0.00122
0.00122
0.00122
0.00122
0.00122
0.00122
0.00122
0.00122
0.00122
0.00122
0.00122
0.00122
0.00122
0.00122
0.00122
0.00122
0.00122
0.00122
0.00122
0.00122
0.00122
0.00122
0.00122
0.00122
0.00122
0.00122
0.00122
0.00122
0.00122
0.00122
0.00122
0.00122
0.00122
0.00122
0.00122
0.00122
0.00122
0.00122
0.00122
0.00122
0.00122
0.00122
0.00122
0.00122
0.00122
0.00122
0.00122
0.00122
0.00122
0.00122
0.00122
0.00122
0.00122
0.00122
0.00122
0.00122
0.00122
0.00122
0.00125
0.00128
0.00128
0.00128
0.00128
0.00131
0.00133
0.00134
0.00134
0.00134
0.00134
0.00134
0.00134
0.00134
0.00134
0.00134
0.00134
0.00134
0.00134
0.00134
0.00134
0.00134
0.00134
0.00134
0.00134
0.00134
0.00134
0.00134
0.00134
0.00134
0.00134
0.00134
0.00134
0.00134
0.00134
0.00134
0.00134
0.00134
0.00134
0.00134
0.00134
0.00134
0.00134
0.00134
0.00134
0.00134
0.00134
0.00134
0.00134
0.00134
0.00134
0.00134
0.00134
0.00134
0.00134
0.00134
0.00134
0.00134
0.00134
0.00134
0.00134
0.00134
0.00134
0.00134
0.00134
0.00134
0.00134
0.00139
0.00139
0.00140
0.00140
0.00140
0.00140
0.00140
0.00140
0.00140
0.00140
0.00140
0.00140
0.00140
0.00140
0.00140
0.00143
0.00145
0.00145
0.00146
0.00146
0.00146
0.00146
0.00146
0.00146
0.00146
0.00146
0.00146
0.00146
0.00146
0.00146
0.00146
0.00146
0.00146
0.00146
0.00146
0.00146
0.00146
0.00146
0.00146
0.00146
0.00146
0.00146
0.00146
0.00146
0.00146
0.00146
0.00146
0.00146
0.00146
0.00146
0.00146
0.00146
0.00146
0.00146
0.00146
0.00146
0.00146
0.00146
0.00146
0.00146
0.00146
0.00146
0.00146
0.00146
0.00146
0.00146
0.00146
0.00146
0.00146
0.00146
0.00146
0.00146
0.00146
0.00146
0.00146
0.00146
0.00146
0.00146
0.00146
0.00146
0.00146
0.00146
0.00146
0.00146
0.00146
0.00146
0.00146
0.00146
0.00146
0.00146
0.00146
0.00146
0.00146
0.00146
0.00146
0.00146
0.00146
0.00146
0.00146
0.00146
0.00146
0.00146
0.00146
0.00146
0.00146
0.00146
0.00146
0.00146
0.00146
0.00146
0.00146
0.00146
0.00146
0.00146
0.00146
0.00146
0.00146
0.00146
0.00146
0.00146
0.00146
0.00146
0.00146
0.00146
0.00146
0.00146
0.00146
0.00146
0.00146
0.00146
0.00146
0.00146
0.00146
0.00146
0.00146
0.00146
0.00146
0.00146
0.00146
0.00146
0.00146
0.00146
0.00146
0.00146
0.00146
0.00146
0.00146
0.00146
0.00146
0.00146
0.00146
0.00146
0.00146
0.00146
0.00146
0.00146
0.00146
0.00146
0.00146
0.00146
0.00146
0.00146
0.00146
0.00146
0.00146
0.00146
0.00146
0.00146
0.00146
0.00146
0.00146
0.00146
0.00146
0.00146
0.00146
0.00146
0.00146
0.00146
0.00146
0.00146
0.00146
0.00146
0.00146
0.00146
0.00146
0.00146
0.00146
0.00146
0.00146
0.00146
0.00146
0.00146
0.00146
0.00146
0.00146
0.00146
0.00146
0.00146
0.00146
0.00146
0.00146
0.00146
0.00146
0.00146
0.00146
0.00146
0.00146
0.00146
0.00146
0.00146
0.00146
0.00146
0.00146
0.00146
0.00146
0.00146
0.00146
0.00146
0.00146
0.00146
0.00146
0.00146
0.00146
0.00146
0.00146
0.00146
0.00146
0.00146
0.00146
0.00146
0.00146
0.00146
0.00146
0.00146
0.00146
0.00146
0.00146
0.00146
0.00146
0.00146
0.00146
0.00146
0.00146
0.00146
0.00146
0.00146
0.00146
0.00146
0.00146
0.00146
0.00146
0.00146
0.00146
0.00146
0.00146
0.00146
0.00146
0.00146
0.00146
0.00146
0.00146
0.00146
0.00146
0.00146
0.00146
0.00146
0.00146
0.00146
0.00146
0.00146
0.00146
0.00146
0.00146
0.00146
0.00146
0.00146
0.00146
0.00146
0.00146
0.00146
0.00146
0.00146
0.00146
0.00146
0.00146
0.00146
0.00146
0.00146
0.00146
0.00146
0.00146
0.00146
0.00146
0.00146
0.00146
0.00146
0.00146
0.00146
0.00146
0.00146
0.00146
0.00146
0.00146
0.00146
0.00146
0.00146
0.00146
0.00146
0.00146
0.00146
0.00146
0.00146
0.00146
0.00146
0.00146
0.00146
0.00146
0.00146
0.00146
0.00146
0.00146
0.00146
0.00146
0.00146
0.00146
0.00146
0.00146
0.00146
0.00146
0.00146
0.00146
0.00146
0.00146
0.00146
0.00146
0.00146
0.00146
0.00146
0.00146
0.00147
0.00150
0.00153
0.00153
0.00153
0.00153
0.00153
0.00153
0.00153
0.00153
0.00153
0.00153
0.00153
0.00153
0.00153
0.00153
0.00153
0.00153
0.00153
0.00153
0.00153
0.00153
0.00153
0.00153
0.00153
0.00153
0.00153
0.00153
0.00153
0.00153
0.00153
0.00153
0.00153
0.00154
0.00154
0.00156
0.00156
0.00159
0.00159
0.00159
0.00159
0.00159
0.00159
0.00159
0.00159
0.00159
0.00159
0.00159
0.00159
0.00159
0.00159
0.00159
0.00159
0.00159
0.00159
0.00159
0.00159
0.00159
0.00159
0.00159
0.00159
0.00159
0.00159
0.00159
0.00159
0.00159
0.00159
0.00159
0.00159
0.00159
0.00159
0.00159
0.00159
0.00159
0.00159
0.00159
0.00159
0.00159
0.00159
0.00159
0.00159
0.00159
0.00159
0.00159
0.00159
0.00159
0.00159
0.00159
0.00159
0.00159
0.00159
0.00159
0.00159
0.00159
0.00159
0.00159
0.00159
0.00159
0.00159
0.00159
0.00159
0.00159
0.00159
0.00159
0.00159
0.00159
0.00159
0.00159
0.00159
0.00159
0.00159
0.00159
0.00159
0.00159
0.00159
0.00159
0.00159
0.00159
0.00159
0.00159
0.00159
0.00159
0.00159
0.00159
0.00159
0.00159
0.00159
0.00159
0.00159
0.00159
0.00159
0.00159
0.00159
0.00159
0.00159
0.00159
0.00159
0.00159
0.00159
0.00159
0.00159
0.00159
0.00159
0.00159
0.00159
0.00159
0.00161
0.00161
0.00162
0.00162
0.00162
0.00162
0.00162
0.00162
0.00162
0.00162
0.00162
0.00163
0.00163
0.00163
0.00163
0.00165
0.00165
0.00165
0.00165
0.00165
0.00165
0.00165
0.00165
0.00165
0.00165
0.00165
0.00165
0.00165
0.00165
0.00165
0.00165
0.00165
0.00165
0.00165
0.00165
0.00165
0.00165
0.00165
0.00165
0.00165
0.00165
0.00165
0.00165
0.00165
0.00165
0.00165
0.00165
0.00165
0.00166
0.00166
0.00166
0.00166
0.00168
0.00168
0.00168
0.00168
0.00168
0.00168
0.00169
0.00169
0.00169
0.00171
0.00171
0.00171
0.00171
0.00171
0.00171
0.00171
0.00171
0.00171
0.00171
0.00171
0.00171
0.00171
0.00171
0.00171
0.00171
0.00171
0.00171
0.00171
0.00171
0.00171
0.00171
0.00171
0.00171
0.00171
0.00171
0.00171
0.00171
0.00171
0.00171
0.00171
0.00171
0.00171
0.00171
0.00171
0.00171
0.00171
0.00171
0.00171
0.00171
0.00171
0.00171
0.00171
0.00171
0.00171
0.00171
0.00171
0.00171
0.00171
0.00171
0.00171
0.00171
0.00171
0.00171
0.00171
0.00171
0.00171
0.00171
0.00171
0.00171
0.00171
0.00171
0.00171
0.00171
0.00171
0.00171
0.00171
0.00171
0.00171
0.00171
0.00171
0.00171
0.00171
0.00171
0.00171
0.00171
0.00171
0.00171
0.00171
0.00171
0.00171
0.00171
0.00171
0.00171
0.00171
0.00171
0.00171
0.00171
0.00171
0.00171
0.00171
0.00171
0.00171
0.00171
0.00171
0.00171
0.00171
0.00171
0.00171
0.00171
0.00171
0.00171
0.00171
0.00171
0.00171
0.00171
0.00171
0.00171
0.00171
0.00171
0.00171
0.00171
0.00171
0.00171
0.00171
0.00171
0.00171
0.00171
0.00171
0.00171
0.00171
0.00171
0.00171
0.00171
0.00171
0.00171
0.00171
0.00171
0.00171
0.00171
0.00171
0.00171
0.00171
0.00171
0.00171
0.00171
0.00171
0.00171
0.00171
0.00171
0.00171
0.00171
0.00171
0.00171
0.00171
0.00171
0.00171
0.00171
0.00171
0.00171
0.00171
0.00171
0.00171
0.00171
0.00171
0.00171
0.00171
0.00171
0.00171
0.00171
0.00171
0.00171
0.00171
0.00171
0.00171
0.00171
0.00171
0.00171
0.00171
0.00171
0.00171
0.00171
0.00171
0.00171
0.00171
0.00171
0.00171
0.00171
0.00171
0.00171
0.00171
0.00171
0.00171
0.00171
0.00171
0.00171
0.00171
0.00171
0.00171
0.00171
0.00171
0.00171
0.00171
0.00171
0.00171
0.00171
0.00171
0.00171
0.00171
0.00171
0.00171
0.00171
0.00171
0.00171
0.00171
0.00171
0.00171
0.00171
0.00171
0.00171
0.00171
0.00171
0.00171
0.00171
0.00171
0.00171
0.00171
0.00171
0.00171
0.00171
0.00171
0.00171
0.00171
0.00171
0.00171
0.00171
0.00171
0.00171
0.00171
0.00171
0.00171
0.00171
0.00171
0.00171
0.00171
0.00171
0.00171
0.00171
0.00171
0.00171
0.00171
0.00171
0.00171
0.00171
0.00171
0.00171
0.00171
0.00171
0.00171
0.00171
0.00171
0.00171
0.00171
0.00171
0.00171
0.00171
0.00171
0.00171
0.00171
0.00171
0.00171
0.00171
0.00171
0.00171
0.00171
0.00171
0.00171
0.00171
0.00171
0.00171
0.00171
0.00171
0.00171
0.00171
0.00171
0.00171
0.00171
0.00171
0.00171
0.00171
0.00171
0.00171
0.00171
0.00171
0.00171
0.00171
0.00171
0.00171
0.00171
0.00171
0.00171
0.00171
0.00171
0.00171
0.00171
0.00171
0.00171
0.00171
0.00171
0.00171
0.00171
0.00171
0.00171
0.00171
0.00171
0.00171
0.00171
0.00171
0.00171
0.00171
0.00171
0.00171
0.00171
0.00171
0.00171
0.00171
0.00171
0.00171
0.00171
0.00171
0.00171
0.00171
0.00171
0.00171
0.00171
0.00171
0.00171
0.00171
0.00171
0.00171
0.00171
0.00171
0.00171
0.00171
0.00171
0.00171
0.00171
0.00171
0.00171
0.00171
0.00171
0.00171
0.00171
0.00171
0.00171
0.00171
0.00171
0.00171
0.00171
0.00171
0.00171
0.00171
0.00171
0.00171
0.00171
0.00171
0.00171
0.00171
0.00171
0.00171
0.00171
0.00171
0.00171
0.00171
0.00171
0.00171
0.00171
0.00171
0.00171
0.00171
0.00171
0.00171
0.00171
0.00171
0.00171
0.00171
0.00171
0.00171
0.00171
0.00171
0.00171
0.00171
0.00171
0.00171
0.00171
0.00171
0.00171
0.00171
0.00171
0.00171
0.00171
0.00171
0.00171
0.00171
0.00171
0.00171
0.00171
0.00171
0.00171
0.00171
0.00171
0.00171
0.00171
0.00171
0.00171
0.00171
0.00171
0.00171
0.00171
0.00171
0.00171
0.00171
0.00171
0.00171
0.00171
0.00171
0.00171
0.00171
0.00171
0.00171
0.00171
0.00171
0.00171
0.00171
0.00171
0.00171
0.00171
0.00171
0.00171
0.00171
0.00171
0.00171
0.00171
0.00171
0.00171
0.00171
0.00171
0.00171
0.00171
0.00171
0.00171
0.00171
0.00171
0.00171
0.00171
0.00171
0.00171
0.00171
0.00171
0.00171
0.00171
0.00171
0.00171
0.00171
0.00171
0.00171
0.00171
0.00171
0.00171
0.00171
0.00171
0.00171
0.00171
0.00171
0.00171
0.00171
0.00171
0.00171
0.00171
0.00171
0.00171
0.00171
0.00171
0.00171
0.00171
0.00171
0.00171
0.00171
0.00171
0.00171
0.00171
0.00171
0.00171
0.00171
0.00171
0.00171
0.00171
0.00171
0.00171
0.00171
0.00171
0.00171
0.00171
0.00171
0.00171
0.00171
0.00171
0.00171
0.00171
0.00171
0.00172
0.00172
0.00172
0.00172
0.00173
0.00174
0.00174
0.00174
0.00174
0.00174
0.00174
0.00174
0.00174
0.00175
0.00177
0.00177
0.00177
0.00177
0.00177
0.00177
0.00177
0.00177
0.00177
0.00177
0.00177
0.00177
0.00177
0.00177
0.00177
0.00177
0.00177
0.00177
0.00177
0.00177
0.00177
0.00177
0.00177
0.00177
0.00177
0.00177
0.00177
0.00177
0.00177
0.00177
0.00177
0.00177
0.00177
0.00177
0.00178
0.00178
0.00179
0.00179
0.00180
0.00180
0.00180
0.00180
0.00180
0.00180
0.00180
0.00180
0.00180
0.00180
0.00181
0.00182
0.00182
0.00182
0.00183
0.00183
0.00183
0.00183
0.00183
0.00183
0.00183
0.00183
0.00183
0.00183
0.00183
0.00183
0.00183
0.00183
0.00183
0.00183
0.00183
0.00183
0.00183
0.00183
0.00183
0.00183
0.00183
0.00183
0.00183
0.00183
0.00183
0.00183
0.00183
0.00183
0.00183
0.00183
0.00183
0.00183
0.00183
0.00183
0.00183
0.00183
0.00183
0.00183
0.00183
0.00183
0.00183
0.00183
0.00183
0.00183
0.00183
0.00183
0.00183
0.00183
0.00183
0.00183
0.00183
0.00183
0.00183
0.00183
0.00183
0.00183
0.00183
0.00183
0.00183
0.00183
0.00183
0.00183
0.00183
0.00183
0.00183
0.00183
0.00183
0.00183
0.00183
0.00183
0.00183
0.00183
0.00183
0.00183
0.00183
0.00183
0.00183
0.00183
0.00183
0.00183
0.00183
0.00183
0.00183
0.00183
0.00183
0.00183
0.00183
0.00183
0.00183
0.00183
0.00183
0.00183
0.00183
0.00183
0.00183
0.00183
0.00183
0.00183
0.00183
0.00183
0.00183
0.00183
0.00183
0.00183
0.00183
0.00183
0.00183
0.00183
0.00183
0.00183
0.00183
0.00183
0.00183
0.00183
0.00183
0.00183
0.00183
0.00183
0.00183
0.00183
0.00183
0.00183
0.00183
0.00183
0.00183
0.00183
0.00183
0.00183
0.00183
0.00183
0.00183
0.00183
0.00183
0.00183
0.00183
0.00183
0.00183
0.00183
0.00183
0.00183
0.00183
0.00183
0.00183
0.00183
0.00183
0.00183
0.00183
0.00183
0.00183
0.00183
0.00183
0.00183
0.00183
0.00183
0.00183
0.00183
0.00183
0.00183
0.00183
0.00183
0.00183
0.00183
0.00183
0.00183
0.00183
0.00183
0.00183
0.00183
0.00183
0.00183
0.00183
0.00183
0.00183
0.00183
0.00183
0.00183
0.00183
0.00183
0.00183
0.00183
0.00183
0.00183
0.00183
0.00185
0.00186
0.00186
0.00186
0.00186
0.00186
0.00186
0.00186
0.00186
0.00186
0.00186
0.00186
0.00186
0.00186
0.00188
0.00188
0.00188
0.00188
0.00189
0.00189
0.00189
0.00189
0.00189
0.00189
0.00189
0.00189
0.00189
0.00189
0.00189
0.00189
0.00189
0.00189
0.00189
0.00189
0.00189
0.00189
0.00189
0.00189
0.00189
0.00189
0.00189
0.00189
0.00189
0.00189
0.00189
0.00189
0.00189
0.00189
0.00189
0.00189
0.00189
0.00189
0.00189
0.00191
0.00191
0.00191
0.00191
0.00191
0.00192
0.00192
0.00192
0.00192
0.00192
0.00192
0.00192
0.00192
0.00193
0.00193
0.00194
0.00194
0.00194
0.00194
0.00194
0.00194
0.00194
0.00195
0.00195
0.00195
0.00195
0.00195
0.00195
0.00195
0.00195
0.00195
0.00195
0.00195
0.00195
0.00195
0.00195
0.00195
0.00195
0.00195
0.00195
0.00195
0.00195
0.00195
0.00195
0.00195
0.00195
0.00195
0.00195
0.00195
0.00195
0.00195
0.00195
0.00195
0.00195
0.00195
0.00195
0.00195
0.00195
0.00195
0.00195
0.00195
0.00195
0.00195
0.00195
0.00195
0.00195
0.00195
0.00195
0.00195
0.00195
0.00195
0.00195
0.00195
0.00195
0.00195
0.00195
0.00195
0.00195
0.00195
0.00195
0.00195
0.00195
0.00195
0.00195
0.00195
0.00195
0.00195
0.00195
0.00195
0.00195
0.00195
0.00195
0.00195
0.00195
0.00195
0.00195
0.00195
0.00195
0.00195
0.00195
0.00195
0.00195
0.00195
0.00195
0.00195
0.00195
0.00195
0.00195
0.00195
0.00195
0.00195
0.00195
0.00195
0.00195
0.00195
0.00195
0.00195
0.00195
0.00195
0.00195
0.00195
0.00195
0.00195
0.00195
0.00195
0.00195
0.00195
0.00195
0.00195
0.00195
0.00195
0.00195
0.00195
0.00195
0.00195
0.00195
0.00195
0.00195
0.00195
0.00195
0.00195
0.00195
0.00195
0.00195
0.00195
0.00195
0.00195
0.00195
0.00195
0.00195
0.00195
0.00195
0.00195
0.00195
0.00195
0.00195
0.00195
0.00195
0.00195
0.00195
0.00195
0.00195
0.00195
0.00195
0.00195
0.00195
0.00195
0.00195
0.00195
0.00195
0.00195
0.00195
0.00195
0.00195
0.00195
0.00195
0.00195
0.00195
0.00195
0.00195
0.00195
0.00195
0.00195
0.00195
0.00195
0.00195
0.00195
0.00195
0.00195
0.00195
0.00195
0.00195
0.00195
0.00195
0.00195
0.00195
0.00195
0.00195
0.00195
0.00195
0.00195
0.00195
0.00195
0.00195
0.00195
0.00195
0.00195
0.00195
0.00195
0.00195
0.00195
0.00195
0.00195
0.00195
0.00195
0.00195
0.00195
0.00195
0.00195
0.00195
0.00195
0.00195
0.00195
0.00195
0.00195
0.00195
0.00195
0.00195
0.00195
0.00195
0.00195
0.00195
0.00195
0.00195
0.00195
0.00195
0.00195
0.00195
0.00195
0.00195
0.00195
0.00195
0.00195
0.00195
0.00195
0.00195
0.00195
0.00195
0.00195
0.00195
0.00195
0.00195
0.00195
0.00195
0.00195
0.00195
0.00195
0.00195
0.00195
0.00195
0.00195
0.00195
0.00195
0.00195
0.00195
0.00195
0.00195
0.00195
0.00195
0.00195
0.00195
0.00195
0.00195
0.00195
0.00195
0.00195
0.00195
0.00195
0.00195
0.00195
0.00195
0.00195
0.00195
0.00195
0.00195
0.00195
0.00195
0.00195
0.00195
0.00195
0.00195
0.00195
0.00195
0.00195
0.00195
0.00195
0.00195
0.00195
0.00195
0.00195
0.00195
0.00195
0.00195
0.00195
0.00195
0.00195
0.00195
0.00195
0.00195
0.00195
0.00195
0.00195
0.00195
0.00195
0.00195
0.00195
0.00195
0.00195
0.00195
0.00195
0.00195
0.00195
0.00195
0.00195
0.00195
0.00195
0.00195
0.00195
0.00195
0.00195
0.00195
0.00195
0.00195
0.00195
0.00195
0.00195
0.00195
0.00195
0.00195
0.00195
0.00195
0.00195
0.00195
0.00195
0.00195
0.00195
0.00195
0.00195
0.00195
0.00195
0.00195
0.00195
0.00195
0.00195
0.00195
0.00195
0.00195
0.00195
0.00195
0.00195
0.00195
0.00195
0.00195
0.00195
0.00195
0.00195
0.00195
0.00195
0.00195
0.00195
0.00195
0.00195
0.00195
0.00195
0.00195
0.00195
0.00195
0.00195
0.00195
0.00195
0.00195
0.00195
0.00195
0.00195
0.00195
0.00195
0.00195
0.00195
0.00195
0.00195
0.00195
0.00195
0.00195
0.00195
0.00195
0.00195
0.00195
0.00195
0.00195
0.00195
0.00195
0.00195
0.00195
0.00195
0.00195
0.00195
0.00195
0.00195
0.00195
0.00195
0.00195
0.00195
0.00195
0.00195
0.00195
0.00195
0.00195
0.00195
0.00195
0.00195
0.00195
0.00195
0.00195
0.00195
0.00195
0.00195
0.00195
0.00195
0.00195
0.00195
0.00195
0.00195
0.00195
0.00195
0.00195
0.00195
0.00195
0.00195
0.00195
0.00195
0.00195
0.00195
0.00195
0.00195
0.00195
0.00195
0.00195
0.00195
0.00195
0.00195
0.00195
0.00195
0.00195
0.00195
0.00195
0.00195
0.00195
0.00195
0.00195
0.00195
0.00195
0.00195
0.00195
0.00195
0.00195
0.00195
0.00195
0.00195
0.00195
0.00195
0.00195
0.00195
0.00195
0.00195
0.00195
0.00195
0.00195
0.00195
0.00195
0.00195
0.00195
0.00195
0.00195
0.00195
0.00195
0.00195
0.00195
0.00195
0.00195
0.00195
0.00195
0.00195
0.00195
0.00195
0.00195
0.00195
0.00195
0.00195
0.00195
0.00195
0.00195
0.00195
0.00195
0.00195
0.00195
0.00195
0.00195
0.00195
0.00195
0.00195
0.00195
0.00195
0.00195
0.00195
0.00195
0.00195
0.00195
0.00195
0.00195
0.00195
0.00195
0.00195
0.00195
0.00195
0.00195
0.00195
0.00195
0.00195
0.00195
0.00195
0.00195
0.00195
0.00195
0.00195
0.00195
0.00195
0.00195
0.00195
0.00195
0.00195
0.00195
0.00195
0.00195
0.00195
0.00195
0.00195
0.00195
0.00195
0.00195
0.00195
0.00195
0.00195
0.00195
0.00195
0.00195
0.00195
0.00195
0.00195
0.00195
0.00195
0.00195
0.00195
0.00195
0.00195
0.00195
0.00195
0.00195
0.00195
0.00195
0.00195
0.00195
0.00195
0.00195
0.00195
0.00195
0.00195
0.00195
0.00195
0.00195
0.00195
0.00195
0.00195
0.00195
0.00195
0.00195
0.00195
0.00195
0.00195
0.00195
0.00195
0.00195
0.00195
0.00195
0.00195
0.00195
0.00195
0.00195
0.00195
0.00195
0.00195
0.00195
0.00195
0.00195
0.00195
0.00195
0.00195
0.00195
0.00195
0.00195
0.00195
0.00195
0.00195
0.00195
0.00195
0.00195
0.00195
0.00195
0.00195
0.00195
0.00195
0.00195
0.00195
0.00195
0.00195
0.00195
0.00195
0.00195
0.00195
0.00195
0.00195
0.00195
0.00195
0.00195
0.00195
0.00195
0.00195
0.00195
0.00195
0.00195
0.00195
0.00195
0.00195
0.00195
0.00195
0.00195
0.00195
0.00195
0.00195
0.00196
0.00196
0.00197
0.00197
0.00198
0.00198
0.00198
0.00198
0.00198
0.00198
0.00198
0.00198
0.00198
0.00198
0.00198
0.00198
0.00198
0.00198
0.00198
0.00198
0.00198
0.00198
0.00198
0.00200
0.00200
0.00201
0.00201
0.00201
0.00201
0.00201
0.00201
0.00201
0.00201
0.00201
0.00201
0.00201
0.00201
0.00201
0.00201
0.00201
0.00201
0.00201
0.00201
0.00201
0.00201
0.00201
0.00201
0.00201
0.00201
0.00201
0.00201
0.00201
0.00201
0.00201
0.00201
0.00201
0.00201
0.00201
0.00201
0.00201
0.00201
0.00201
0.00201
0.00201
0.00201
0.00201
0.00201
0.00201
0.00201
0.00201
0.00201
0.00201
0.00201
0.00201
0.00201
0.00201
0.00201
0.00201
0.00201
0.00201
0.00203
0.00203
0.00203
0.00203
0.00204
0.00204
0.00204
0.00204
0.00204
0.00204
0.00204
0.00204
0.00205
0.00206
0.00206
0.00206
0.00208
0.00208
0.00208
0.00208
0.00208
0.00208
0.00208
0.00208
0.00208
0.00208
0.00208
0.00208
0.00208
0.00208
0.00208
0.00208
0.00208
0.00208
0.00208
0.00208
0.00208
0.00208
0.00208
0.00208
0.00208
0.00208
0.00208
0.00208
0.00208
0.00208
0.00208
0.00208
0.00208
0.00208
0.00208
0.00208
0.00208
0.00208
0.00208
0.00208
0.00208
0.00208
0.00208
0.00208
0.00208
0.00208
0.00208
0.00208
0.00208
0.00208
0.00208
0.00208
0.00208
0.00208
0.00208
0.00208
0.00208
0.00208
0.00208
0.00208
0.00208
0.00208
0.00208
0.00208
0.00208
0.00208
0.00208
0.00208
0.00208
0.00208
0.00208
0.00208
0.00208
0.00208
0.00208
0.00208
0.00208
0.00208
0.00208
0.00208
0.00208
0.00208
0.00208
0.00208
0.00208
0.00208
0.00208
0.00208
0.00208
0.00208
0.00208
0.00208
0.00208
0.00208
0.00208
0.00208
0.00208
0.00208
0.00208
0.00208
0.00208
0.00208
0.00208
0.00208
0.00208
0.00208
0.00208
0.00208
0.00208
0.00208
0.00208
0.00208
0.00208
0.00208
0.00208
0.00208
0.00208
0.00208
0.00208
0.00208
0.00208
0.00208
0.00208
0.00208
0.00208
0.00208
0.00208
0.00208
0.00208
0.00208
0.00208
0.00208
0.00208
0.00208
0.00208
0.00208
0.00208
0.00208
0.00208
0.00208
0.00208
0.00208
0.00208
0.00208
0.00208
0.00208
0.00208
0.00208
0.00208
0.00208
0.00208
0.00208
0.00208
0.00208
0.00208
0.00208
0.00208
0.00208
0.00208
0.00208
0.00208
0.00208
0.00208
0.00208
0.00208
0.00208
0.00208
0.00208
0.00208
0.00208
0.00208
0.00208
0.00208
0.00208
0.00208
0.00208
0.00208
0.00208
0.00208
0.00208
0.00208
0.00208
0.00208
0.00208
0.00208
0.00208
0.00208
0.00208
0.00208
0.00208
0.00208
0.00208
0.00208
0.00208
0.00208
0.00208
0.00208
0.00208
0.00208
0.00208
0.00208
0.00208
0.00208
0.00208
0.00208
0.00208
0.00208
0.00208
0.00208
0.00208
0.00208
0.00208
0.00208
0.00208
0.00208
0.00208
0.00208
0.00208
0.00208
0.00208
0.00208
0.00208
0.00208
0.00208
0.00209
0.00209
0.00209
0.00209
0.00209
0.00209
0.00211
0.00211
0.00211
0.00211
0.00211
0.00211
0.00211
0.00211
0.00211
0.00211
0.00212
0.00212
0.00212
0.00212
0.00213
0.00213
0.00214
0.00214
0.00214
0.00214
0.00214
0.00214
0.00214
0.00214
0.00214
0.00214
0.00214
0.00214
0.00214
0.00214
0.00214
0.00214
0.00214
0.00214
0.00214
0.00214
0.00214
0.00214
0.00214
0.00214
0.00214
0.00214
0.00214
0.00214
0.00214
0.00214
0.00214
0.00214
0.00214
0.00214
0.00214
0.00214
0.00214
0.00214
0.00214
0.00214
0.00214
0.00214
0.00214
0.00214
0.00214
0.00214
0.00214
0.00214
0.00214
0.00214
0.00214
0.00214
0.00214
0.00214
0.00214
0.00214
0.00214
0.00215
0.00215
0.00215
0.00215
0.00215
0.00217
0.00217
0.00217
0.00217
0.00217
0.00217
0.00217
0.00217
0.00217
0.00217
0.00217
0.00217
0.00217
0.00218
0.00218
0.00218
0.00219
0.00220
0.00220
0.00220
0.00220
0.00220
0.00220
0.00220
0.00220
0.00220
0.00220
0.00220
0.00220
0.00220
0.00220
0.00220
0.00220
0.00220
0.00220
0.00220
0.00220
0.00220
0.00220
0.00220
0.00220
0.00220
0.00220
0.00220
0.00220
0.00220
0.00220
0.00220
0.00220
0.00220
0.00220
0.00220
0.00220
0.00220
0.00220
0.00220
0.00220
0.00220
0.00220
0.00220
0.00220
0.00220
0.00220
0.00220
0.00220
0.00220
0.00220
0.00220
0.00220
0.00220
0.00220
0.00220
0.00220
0.00220
0.00220
0.00220
0.00220
0.00220
0.00220
0.00220
0.00220
0.00220
0.00220
0.00220
0.00220
0.00220
0.00220
0.00220
0.00220
0.00220
0.00220
0.00220
0.00220
0.00220
0.00220
0.00220
0.00220
0.00220
0.00220
0.00220
0.00220
0.00220
0.00220
0.00220
0.00220
0.00220
0.00220
0.00220
0.00220
0.00220
0.00220
0.00220
0.00220
0.00220
0.00220
0.00220
0.00220
0.00220
0.00220
0.00220
0.00220
0.00220
0.00220
0.00220
0.00220
0.00220
0.00220
0.00220
0.00220
0.00220
0.00220
0.00220
0.00220
0.00220
0.00220
0.00220
0.00220
0.00220
0.00220
0.00220
0.00220
0.00220
0.00220
0.00220
0.00220
0.00220
0.00220
0.00220
0.00220
0.00220
0.00220
0.00220
0.00220
0.00220
0.00220
0.00220
0.00220
0.00220
0.00220
0.00220
0.00220
0.00220
0.00220
0.00220
0.00220
0.00220
0.00220
0.00220
0.00220
0.00220
0.00220
0.00220
0.00220
0.00220
0.00220
0.00220
0.00220
0.00220
0.00220
0.00220
0.00220
0.00220
0.00220
0.00220
0.00220
0.00220
0.00220
0.00220
0.00220
0.00220
0.00220
0.00220
0.00220
0.00220
0.00220
0.00220
0.00220
0.00220
0.00220
0.00220
0.00220
0.00220
0.00220
0.00220
0.00220
0.00220
0.00220
0.00220
0.00220
0.00220
0.00220
0.00220
0.00220
0.00220
0.00220
0.00220
0.00220
0.00220
0.00220
0.00220
0.00220
0.00220
0.00220
0.00220
0.00220
0.00220
0.00220
0.00220
0.00220
0.00220
0.00220
0.00220
0.00220
0.00220
0.00220
0.00220
0.00220
0.00220
0.00220
0.00220
0.00220
0.00220
0.00220
0.00220
0.00220
0.00220
0.00220
0.00220
0.00220
0.00220
0.00220
0.00220
0.00220
0.00220
0.00220
0.00220
0.00220
0.00220
0.00220
0.00220
0.00220
0.00220
0.00220
0.00220
0.00220
0.00220
0.00220
0.00220
0.00220
0.00220
0.00220
0.00220
0.00220
0.00220
0.00220
0.00220
0.00220
0.00220
0.00220
0.00220
0.00220
0.00220
0.00220
0.00220
0.00220
0.00220
0.00220
0.00220
0.00220
0.00220
0.00220
0.00220
0.00220
0.00220
0.00220
0.00220
0.00220
0.00220
0.00220
0.00220
0.00220
0.00220
0.00220
0.00220
0.00220
0.00220
0.00220
0.00220
0.00220
0.00220
0.00220
0.00220
0.00220
0.00220
0.00220
0.00220
0.00220
0.00220
0.00220
0.00220
0.00220
0.00220
0.00220
0.00220
0.00220
0.00220
0.00220
0.00220
0.00220
0.00220
0.00220
0.00220
0.00220
0.00220
0.00220
0.00220
0.00220
0.00220
0.00220
0.00220
0.00220
0.00220
0.00220
0.00220
0.00220
0.00220
0.00220
0.00220
0.00220
0.00220
0.00220
0.00220
0.00220
0.00220
0.00220
0.00220
0.00220
0.00220
0.00220
0.00220
0.00220
0.00220
0.00220
0.00220
0.00220
0.00220
0.00220
0.00220
0.00220
0.00220
0.00220
0.00220
0.00220
0.00220
0.00220
0.00220
0.00220
0.00220
0.00220
0.00220
0.00220
0.00220
0.00220
0.00220
0.00220
0.00220
0.00220
0.00220
0.00220
0.00220
0.00220
0.00220
0.00220
0.00220
0.00220
0.00220
0.00220
0.00220
0.00220
0.00220
0.00220
0.00220
0.00220
0.00220
0.00220
0.00220
0.00220
0.00220
0.00220
0.00220
0.00220
0.00220
0.00220
0.00220
0.00220
0.00220
0.00220
0.00220
0.00220
0.00220
0.00220
0.00220
0.00220
0.00220
0.00220
0.00220
0.00220
0.00220
0.00220
0.00220
0.00220
0.00220
0.00220
0.00220
0.00220
0.00220
0.00220
0.00220
0.00220
0.00220
0.00220
0.00220
0.00220
0.00220
0.00220
0.00220
0.00220
0.00220
0.00220
0.00220
0.00220
0.00220
0.00220
0.00220
0.00220
0.00220
0.00220
0.00220
0.00220
0.00220
0.00220
0.00220
0.00220
0.00220
0.00220
0.00220
0.00220
0.00220
0.00220
0.00220
0.00220
0.00220
0.00220
0.00220
0.00220
0.00220
0.00220
0.00220
0.00220
0.00220
0.00220
0.00220
0.00220
0.00220
0.00220
0.00220
0.00220
0.00220
0.00220
0.00220
0.00220
0.00220
0.00220
0.00220
0.00220
0.00220
0.00220
0.00220
0.00220
0.00220
0.00220
0.00220
0.00220
0.00220
0.00220
0.00220
0.00220
0.00220
0.00220
0.00220
0.00220
0.00220
0.00220
0.00220
0.00220
0.00220
0.00220
0.00220
0.00220
0.00220
0.00220
0.00220
0.00220
0.00220
0.00220
0.00220
0.00220
0.00220
0.00220
0.00220
0.00220
0.00220
0.00220
0.00220
0.00220
0.00220
0.00220
0.00220
0.00220
0.00220
0.00220
0.00220
0.00220
0.00220
0.00220
0.00220
0.00220
0.00220
0.00220
0.00220
0.00220
0.00220
0.00220
0.00220
0.00220
0.00220
0.00220
0.00220
0.00220
0.00220
0.00220
0.00220
0.00220
0.00220
0.00220
0.00220
0.00220
0.00220
0.00220
0.00220
0.00220
0.00220
0.00220
0.00220
0.00220
0.00220
0.00220
0.00220
0.00220
0.00220
0.00220
0.00220
0.00220
0.00220
0.00220
0.00220
0.00220
0.00220
0.00220
0.00220
0.00220
0.00220
0.00220
0.00220
0.00220
0.00220
0.00220
0.00220
0.00220
0.00220
0.00220
0.00220
0.00220
0.00220
0.00220
0.00220
0.00220
0.00220
0.00220
0.00220
0.00220
0.00220
0.00220
0.00221
0.00221
0.00221
0.00221
0.00221
0.00222
0.00223
0.00223
0.00223
0.00223
0.00223
0.00223
0.00223
0.00223
0.00223
0.00223
0.00223
0.00223
0.00223
0.00223
0.00223
0.00223
0.00223
0.00224
0.00224
0.00224
0.00224
0.00224
0.00224
0.00224
0.00224
0.00224
0.00225
0.00226
0.00226
0.00226
0.00226
0.00226
0.00226
0.00226
0.00226
0.00226
0.00226
0.00226
0.00226
0.00226
0.00226
0.00226
0.00226
0.00226
0.00226
0.00226
0.00226
0.00226
0.00226
0.00226
0.00226
0.00226
0.00226
0.00226
0.00226
0.00226
0.00226
0.00226
0.00226
0.00226
0.00226
0.00226
0.00226
0.00226
0.00226
0.00226
0.00226
0.00226
0.00226
0.00227
0.00227
0.00227
0.00229
0.00229
0.00229
0.00229
0.00229
0.00229
0.00229
0.00229
0.00229
0.00229
0.00229
0.00229
0.00229
0.00229
0.00229
0.00229
0.00229
0.00229
0.00229
0.00229
0.00229
0.00229
0.00229
0.00229
0.00230
0.00230
0.00230
0.00230
0.00231
0.00232
0.00232
0.00232
0.00232
0.00232
0.00232
0.00232
0.00232
0.00232
0.00232
0.00232
0.00232
0.00232
0.00232
0.00232
0.00232
0.00232
0.00232
0.00232
0.00232
0.00232
0.00232
0.00232
0.00232
0.00232
0.00232
0.00232
0.00232
0.00232
0.00232
0.00232
0.00232
0.00232
0.00232
0.00232
0.00232
0.00232
0.00232
0.00232
0.00232
0.00232
0.00232
0.00232
0.00232
0.00232
0.00232
0.00232
0.00232
0.00232
0.00232
0.00232
0.00232
0.00232
0.00232
0.00232
0.00232
0.00232
0.00232
0.00232
0.00232
0.00232
0.00232
0.00232
0.00232
0.00232
0.00232
0.00232
0.00232
0.00232
0.00232
0.00232
0.00232
0.00232
0.00232
0.00232
0.00232
0.00232
0.00232
0.00232
0.00232
0.00232
0.00232
0.00232
0.00232
0.00232
0.00232
0.00232
0.00232
0.00232
0.00232
0.00232
0.00232
0.00232
0.00232
0.00232
0.00232
0.00232
0.00232
0.00232
0.00232
0.00232
0.00232
0.00232
0.00232
0.00232
0.00232
0.00232
0.00232
0.00232
0.00232
0.00232
0.00232
0.00232
0.00232
0.00232
0.00232
0.00232
0.00232
0.00232
0.00232
0.00232
0.00232
0.00232
0.00232
0.00232
0.00232
0.00232
0.00232
0.00232
0.00232
0.00232
0.00232
0.00232
0.00232
0.00232
0.00232
0.00232
0.00232
0.00232
0.00232
0.00232
0.00232
0.00232
0.00232
0.00232
0.00232
0.00232
0.00232
0.00232
0.00232
0.00232
0.00232
0.00232
0.00232
0.00232
0.00232
0.00232
0.00232
0.00232
0.00232
0.00232
0.00232
0.00232
0.00232
0.00232
0.00232
0.00232
0.00232
0.00232
0.00232
0.00232
0.00232
0.00232
0.00232
0.00232
0.00233
0.00233
0.00233
0.00233
0.00235
0.00235
0.00235
0.00235
0.00235
0.00235
0.00235
0.00235
0.00235
0.00235
0.00235
0.00236
0.00237
0.00237
0.00238
0.00238
0.00238
0.00238
0.00238
0.00238
0.00238
0.00238
0.00238
0.00238
0.00238
0.00238
0.00238
0.00238
0.00238
0.00238
0.00238
0.00238
0.00238
0.00238
0.00238
0.00238
0.00238
0.00238
0.00238
0.00238
0.00238
0.00238
0.00238
0.00238
0.00238
0.00239
0.00239
0.00240
0.00240
0.00240
0.00240
0.00240
0.00240
0.00241
0.00241
0.00241
0.00241
0.00241
0.00241
0.00241
0.00241
0.00241
0.00241
0.00241
0.00241
0.00241
0.00241
0.00242
0.00242
0.00242
0.00243
0.00243
0.00243
0.00244
0.00244
0.00244
0.00244
0.00244
0.00244
0.00244
0.00244
0.00244
0.00244
0.00244
0.00244
0.00244
0.00244
0.00244
0.00244
0.00244
0.00244
0.00244
0.00244
0.00244
0.00244
0.00244
0.00244
0.00244
0.00244
0.00244
0.00244
0.00244
0.00244
0.00244
0.00244
0.00244
0.00244
0.00244
0.00244
0.00244
0.00244
0.00244
0.00244
0.00244
0.00244
0.00244
0.00244
0.00244
0.00244
0.00244
0.00244
0.00244
0.00244
0.00244
0.00244
0.00244
0.00244
0.00244
0.00244
0.00244
0.00244
0.00244
0.00244
0.00244
0.00244
0.00244
0.00244
0.00244
0.00244
0.00244
0.00244
0.00244
0.00244
0.00244
0.00244
0.00244
0.00244
0.00244
0.00244
0.00244
0.00244
0.00244
0.00244
0.00244
0.00244
0.00244
0.00244
0.00244
0.00244
0.00244
0.00244
0.00244
0.00244
0.00244
0.00244
0.00244
0.00244
0.00244
0.00244
0.00244
0.00244
0.00244
0.00244
0.00244
0.00244
0.00244
0.00244
0.00244
0.00244
0.00244
0.00244
0.00244
0.00244
0.00244
0.00244
0.00244
0.00244
0.00244
0.00244
0.00244
0.00244
0.00244
0.00244
0.00244
0.00244
0.00244
0.00244
0.00244
0.00244
0.00244
0.00244
0.00244
0.00244
0.00244
0.00244
0.00244
0.00244
0.00244
0.00244
0.00244
0.00244
0.00244
0.00244
0.00244
0.00244
0.00244
0.00244
0.00244
0.00244
0.00244
0.00244
0.00244
0.00244
0.00244
0.00244
0.00244
0.00244
0.00244
0.00244
0.00244
0.00244
0.00244
0.00244
0.00244
0.00244
0.00244
0.00244
0.00244
0.00244
0.00244
0.00244
0.00244
0.00244
0.00244
0.00244
0.00244
0.00244
0.00244
0.00244
0.00244
0.00244
0.00244
0.00244
0.00244
0.00244
0.00244
0.00244
0.00244
0.00244
0.00244
0.00244
0.00244
0.00244
0.00244
0.00244
0.00244
0.00244
0.00244
0.00244
0.00244
0.00244
0.00244
0.00244
0.00244
0.00244
0.00244
0.00244
0.00244
0.00244
0.00244
0.00244
0.00244
0.00244
0.00244
0.00244
0.00244
0.00244
0.00244
0.00244
0.00244
0.00244
0.00244
0.00244
0.00244
0.00244
0.00244
0.00244
0.00244
0.00244
0.00244
0.00244
0.00244
0.00244
0.00244
0.00244
0.00244
0.00244
0.00244
0.00244
0.00244
0.00244
0.00244
0.00244
0.00244
0.00244
0.00244
0.00244
0.00244
0.00244
0.00244
0.00244
0.00244
0.00244
0.00244
0.00244
0.00244
0.00244
0.00244
0.00244
0.00244
0.00244
0.00244
0.00244
0.00244
0.00244
0.00244
0.00244
0.00244
0.00244
0.00244
0.00244
0.00244
0.00244
0.00244
0.00244
0.00244
0.00244
0.00244
0.00244
0.00244
0.00244
0.00244
0.00244
0.00244
0.00244
0.00244
0.00244
0.00244
0.00244
0.00244
0.00244
0.00244
0.00244
0.00244
0.00244
0.00244
0.00244
0.00244
0.00244
0.00244
0.00244
0.00244
0.00244
0.00244
0.00244
0.00244
0.00244
0.00244
0.00244
0.00244
0.00244
0.00244
0.00244
0.00244
0.00244
0.00244
0.00244
0.00244
0.00244
0.00244
0.00244
0.00244
0.00244
0.00244
0.00244
0.00244
0.00244
0.00244
0.00244
0.00244
0.00244
0.00244
0.00244
0.00244
0.00244
0.00244
0.00244
0.00244
0.00244
0.00244
0.00244
0.00244
0.00244
0.00244
0.00244
0.00244
0.00244
0.00244
0.00244
0.00244
0.00244
0.00244
0.00244
0.00244
0.00244
0.00244
0.00244
0.00244
0.00244
0.00244
0.00244
0.00244
0.00244
0.00244
0.00244
0.00244
0.00244
0.00244
0.00244
0.00244
0.00244
0.00244
0.00244
0.00244
0.00244
0.00244
0.00244
0.00244
0.00244
0.00244
0.00244
0.00244
0.00244
0.00244
0.00244
0.00244
0.00244
0.00244
0.00244
0.00244
0.00244
0.00244
0.00244
0.00244
0.00244
0.00244
0.00244
0.00244
0.00244
0.00244
0.00244
0.00244
0.00244
0.00244
0.00244
0.00244
0.00244
0.00244
0.00244
0.00244
0.00244
0.00244
0.00244
0.00244
0.00244
0.00244
0.00244
0.00244
0.00244
0.00244
0.00244
0.00244
0.00244
0.00244
0.00244
0.00244
0.00244
0.00244
0.00244
0.00244
0.00244
0.00244
0.00244
0.00244
0.00244
0.00244
0.00244
0.00244
0.00244
0.00244
0.00244
0.00244
0.00244
0.00244
0.00244
0.00244
0.00244
0.00244
0.00244
0.00244
0.00244
0.00244
0.00244
0.00244
0.00244
0.00244
0.00244
0.00244
0.00246
0.00246
0.00246
0.00246
0.00246
0.00247
0.00247
0.00247
0.00247
0.00247
0.00247
0.00247
0.00247
0.00247
0.00247
0.00247
0.00247
0.00247
0.00249
0.00249
0.00249
0.00249
0.00250
0.00250
0.00250
0.00250
0.00250
0.00250
0.00250
0.00250
0.00250
0.00250
0.00250
0.00250
0.00250
0.00250
0.00250
0.00250
0.00250
0.00250
0.00250
0.00250
0.00250
0.00250
0.00250
0.00250
0.00252
0.00252
0.00252
0.00253
0.00253
0.00253
0.00253
0.00253
0.00253
0.00254
0.00254
0.00255
0.00256
0.00256
0.00256
0.00256
0.00256
0.00256
0.00256
0.00256
0.00256
0.00256
0.00256
0.00256
0.00256
0.00256
0.00256
0.00256
0.00256
0.00256
0.00256
0.00256
0.00256
0.00256
0.00256
0.00256
0.00256
0.00256
0.00256
0.00256
0.00256
0.00256
0.00256
0.00256
0.00256
0.00256
0.00256
0.00256
0.00256
0.00256
0.00256
0.00256
0.00256
0.00256
0.00256
0.00256
0.00256
0.00256
0.00256
0.00256
0.00256
0.00256
0.00256
0.00256
0.00256
0.00256
0.00256
0.00256
0.00256
0.00256
0.00256
0.00256
0.00256
0.00256
0.00256
0.00256
0.00256
0.00256
0.00256
0.00256
0.00256
0.00256
0.00256
0.00256
0.00256
0.00256
0.00256
0.00256
0.00256
0.00256
0.00256
0.00256
0.00256
0.00256
0.00256
0.00256
0.00256
0.00256
0.00256
0.00256
0.00256
0.00256
0.00256
0.00256
0.00256
0.00256
0.00256
0.00256
0.00256
0.00256
0.00256
0.00256
0.00256
0.00256
0.00256
0.00256
0.00257
0.00257
0.00258
0.00258
0.00258
0.00258
0.00259
0.00259
0.00259
0.00259
0.00259
0.00259
0.00259
0.00259
0.00259
0.00261
0.00261
0.00262
0.00262
0.00262
0.00262
0.00262
0.00262
0.00262
0.00262
0.00262
0.00262
0.00262
0.00262
0.00262
0.00262
0.00262
0.00262
0.00262
0.00262
0.00262
0.00262
0.00262
0.00262
0.00262
0.00262
0.00262
0.00262
0.00262
0.00262
0.00262
0.00262
0.00262
0.00262
0.00262
0.00262
0.00264
0.00264
0.00264
0.00264
0.00266
0.00266
0.00266
0.00266
0.00266
0.00266
0.00266
0.00266
0.00266
0.00268
0.00268
0.00269
0.00269
0.00269
0.00269
0.00269
0.00269
0.00269
0.00269
0.00269
0.00269
0.00269
0.00269
0.00269
0.00269
0.00269
0.00269
0.00269
0.00269
0.00269
0.00269
0.00269
0.00269
0.00269
0.00269
0.00269
0.00269
0.00269
0.00269
0.00269
0.00269
0.00269
0.00269
0.00269
0.00269
0.00269
0.00269
0.00269
0.00269
0.00269
0.00269
0.00269
0.00269
0.00269
0.00269
0.00269
0.00269
0.00269
0.00269
0.00269
0.00269
0.00269
0.00269
0.00269
0.00269
0.00269
0.00269
0.00269
0.00269
0.00269
0.00269
0.00269
0.00269
0.00269
0.00269
0.00269
0.00269
0.00269
0.00269
0.00269
0.00269
0.00269
0.00269
0.00269
0.00269
0.00269
0.00269
0.00269
0.00269
0.00269
0.00269
0.00269
0.00269
0.00269
0.00269
0.00269
0.00269
0.00269
0.00269
0.00269
0.00269
0.00269
0.00269
0.00269
0.00269
0.00269
0.00269
0.00269
0.00269
0.00269
0.00269
0.00269
0.00269
0.00269
0.00269
0.00269
0.00269
0.00269
0.00269
0.00269
0.00269
0.00269
0.00269
0.00269
0.00269
0.00269
0.00269
0.00269
0.00269
0.00269
0.00269
0.00269
0.00269
0.00269
0.00269
0.00269
0.00269
0.00269
0.00269
0.00269
0.00269
0.00269
0.00269
0.00269
0.00269
0.00269
0.00269
0.00269
0.00269
0.00269
0.00269
0.00269
0.00269
0.00269
0.00269
0.00269
0.00269
0.00269
0.00269
0.00269
0.00269
0.00269
0.00269
0.00269
0.00269
0.00269
0.00269
0.00269
0.00269
0.00269
0.00269
0.00269
0.00269
0.00269
0.00269
0.00269
0.00269
0.00269
0.00269
0.00269
0.00269
0.00269
0.00269
0.00269
0.00269
0.00269
0.00269
0.00269
0.00269
0.00269
0.00269
0.00269
0.00269
0.00269
0.00269
0.00269
0.00269
0.00269
0.00269
0.00269
0.00269
0.00269
0.00270
0.00270
0.00272
0.00272
0.00272
0.00272
0.00272
0.00272
0.00273
0.00275
0.00275
0.00275
0.00275
0.00275
0.00275
0.00275
0.00275
0.00275
0.00275
0.00275
0.00275
0.00275
0.00275
0.00275
0.00275
0.00276
0.00278
0.00278
0.00278
0.00278
0.00278
0.00278
0.00278
0.00278
0.00278
0.00278
0.00278
0.00280
0.00280
0.00281
0.00281
0.00281
0.00281
0.00281
0.00281
0.00281
0.00281
0.00281
0.00281
0.00281
0.00281
0.00281
0.00281
0.00281
0.00281
0.00281
0.00281
0.00281
0.00281
0.00281
0.00281
0.00281
0.00281
0.00281
0.00281
0.00281
0.00281
0.00281
0.00281
0.00281
0.00281
0.00281
0.00281
0.00281
0.00281
0.00281
0.00281
0.00281
0.00281
0.00281
0.00283
0.00284
0.00284
0.00284
0.00287
0.00287
0.00287
0.00287
0.00287
0.00287
0.00287
0.00287
0.00287
0.00287
0.00288
0.00288
0.00288
0.00290
0.00290
0.00290
0.00290
0.00291
0.00291
0.00293
0.00293
0.00293
0.00293
0.00293
0.00293
0.00293
0.00293
0.00293
0.00293
0.00293
0.00293
0.00293
0.00293
0.00293
0.00293
0.00293
0.00293
0.00293
0.00293
0.00293
0.00293
0.00293
0.00293
0.00293
0.00293
0.00293
0.00293
0.00293
0.00293
0.00293
0.00293
0.00293
0.00293
0.00293
0.00293
0.00293
0.00293
0.00293
0.00293
0.00293
0.00293
0.00293
0.00293
0.00293
0.00293
0.00293
0.00293
0.00293
0.00293
0.00293
0.00293
0.00293
0.00293
0.00293
0.00293
0.00293
0.00293
0.00293
0.00293
0.00293
0.00293
0.00293
0.00293
0.00293
0.00293
0.00293
0.00293
0.00293
0.00293
0.00293
0.00293
0.00293
0.00293
0.00293
0.00293
0.00293
0.00293
0.00293
0.00293
0.00293
0.00293
0.00293
0.00293
0.00293
0.00293
0.00293
0.00293
0.00294
0.00296
0.00296
0.00296
0.00296
0.00298
0.00299
0.00299
0.00299
0.00299
0.00299
0.00299
0.00299
0.00302
0.00302
0.00302
0.00303
0.00304
0.00305
0.00305
0.00305
0.00305
0.00305
0.00305
0.00305
0.00305
0.00305
0.00305
0.00305
0.00305
0.00305
0.00305
0.00305
0.00305
0.00305
0.00305
0.00305
0.00305
0.00305
0.00305
0.00305
0.00305
0.00305
0.00305
0.00305
0.00308
0.00308
0.00310
0.00311
0.00311
0.00311
0.00311
0.00311
0.00312
0.00313
0.00314
0.00314
0.00317
0.00317
0.00317
0.00317
0.00317
0.00317
0.00317
0.00317
0.00317
0.00317
0.00317
0.00317
0.00317
0.00317
0.00317
0.00317
0.00317
0.00317
0.00317
0.00317
0.00317
0.00317
0.00317
0.00317
0.00317
0.00317
0.00317
0.00317
0.00317
0.00317
0.00317
0.00317
0.00317
0.00317
0.00317
0.00317
0.00317
0.00317
0.00317
0.00317
0.00317
0.00317
0.00317
0.00317
0.00317
0.00317
0.00317
0.00317
0.00317
0.00317
0.00317
0.00317
0.00317
0.00318
0.00323
0.00323
0.00323
0.00326
0.00327
0.00327
0.00327
0.00327
0.00330
0.00330
0.00330
0.00330
0.00330
0.00330
0.00330
0.00330
0.00330
0.00330
0.00330
0.00331
0.00333
0.00336
0.00336
0.00337
0.00337
0.00339
0.00340
0.00342
0.00342
0.00342
0.00342
0.00342
0.00342
0.00342
0.00342
0.00342
0.00342
0.00342
0.00342
0.00342
0.00342
0.00342
0.00342
0.00342
0.00342
0.00342
0.00342
0.00342
0.00342
0.00342
0.00342
0.00342
0.00342
0.00342
0.00342
0.00342
0.00342
0.00342
0.00342
0.00342
0.00343
0.00348
0.00348
0.00348
0.00348
0.00354
0.00354
0.00354
0.00354
0.00356
0.00360
0.00360
0.00362
0.00362
0.00363
0.00366
0.00366
0.00366
0.00366
0.00366
0.00366
0.00366
0.00366
0.00366
0.00366
0.00366
0.00366
0.00366
0.00366
0.00366
0.00366
0.00366
0.00378
0.00378
0.00378
0.00378
0.00378
0.00378
0.00378
0.00378
0.00378
0.00378
0.00384
0.00385
0.00391
0.00391
0.00391
0.00391
0.00391
0.00391
0.00391
0.00391
0.00391
0.00391
0.00391
0.00391
0.00391
0.00391
0.00391
0.00391
0.00394
0.00394
0.00397
0.00403
0.00403
0.00403
0.00403
0.00403
0.00403
0.00403
0.00403
0.00403
0.00403
0.00410
0.00415
0.00415
0.00415
0.00415
0.00415
0.00415
0.00415
0.00415
0.00415
0.00415
0.00415
0.00415
0.00415
0.00415
0.00415
0.00415
0.00415
0.00427
0.00427
0.00427
0.00427
0.00427
0.00427
0.00427
0.00427
0.00436
0.00439
0.00439
0.00439
0.00439
0.00439
0.00439
0.00439
0.00439
0.00439
0.00439
0.00439
0.00439
0.00439
0.00439
0.00439
0.00439
0.00439
0.00439
0.00439
0.00439
0.00443
0.00445
0.00450
0.00452
0.00452
0.00452
0.00452
0.00452
0.00452
0.00457
0.00461
0.00464
0.00464
0.00464
0.00464
0.00464
0.00464
0.00464
0.00467
0.00473
0.00476
0.00485
0.00488
0.00488
0.00488
0.00488
0.00488
0.00488
0.00488
0.00488
0.00488
0.00488
0.00488
0.00488
0.00488
0.00488
0.00491
0.00494
0.00500
0.00500
0.00502
0.00507
0.00507
0.00510
0.00513
0.00513
0.00513
0.00513
0.00513
0.00513
0.00513
0.00513
0.00513
0.00513
0.00513
0.00525
0.00525
0.00525
0.00525
0.00525
0.00525
0.00525
0.00525
0.00531
0.00537
0.00537
0.00537
0.00537
0.00537
0.00537
0.00537
0.00537
0.00537
0.00537
0.00537
0.00537
0.00539
0.00543
0.00546
0.00549
0.00549
0.00549
0.00549
0.00549
0.00555
0.00555
0.00555
0.00558
0.00562
0.00562
0.00562
0.00562
0.00562
0.00562
0.00562
0.00562
0.00562
0.00562
0.00562
0.00568
0.00574
0.00574
0.00574
0.00580
0.00582
0.00586
0.00586
0.00586
0.00586
0.00586
0.00586
0.00586
0.00586
0.00586
0.00586
0.00586
0.00586
0.00586
0.00586
0.00586
0.00586
0.00587
0.00589
0.00592
0.00598
0.00598
0.00598
0.00607
0.00607
0.00610
0.00610
0.00610
0.00610
0.00610
0.00610
0.00610
0.00610
0.00610
0.00610
0.00610
0.00610
0.00610
0.00623
0.00623
0.00623
0.00623
0.00623
0.00626
0.00629
0.00635
0.00635
0.00635
0.00635
0.00635
0.00635
0.00635
0.00635
0.00635
0.00635
0.00635
0.00635
0.00636
0.00647
0.00647
0.00647
0.00648
0.00653
0.00653
0.00656
0.00659
0.00659
0.00659
0.00659
0.00659
0.00659
0.00659
0.00659
0.00659
0.00659
0.00659
0.00659
0.00659
0.00659
0.00663
0.00665
0.00671
0.00671
0.00673
0.00677
0.00677
0.00684
0.00684
0.00684
0.00684
0.00684
0.00684
0.00684
0.00684
0.00684
0.00684
0.00684
0.00684
0.00684
0.00684
0.00684
0.00684
0.00687
0.00690
0.00690
0.00695
0.00696
0.00696
0.00696
0.00696
0.00708
0.00708
0.00708
0.00708
0.00708
0.00708
0.00708
0.00708
0.00708
0.00708
0.00708
0.00708
0.00708
0.00708
0.00708
0.00713
0.00720
0.00720
0.00720
0.00726
0.00732
0.00732
0.00732
0.00732
0.00732
0.00732
0.00732
0.00732
0.00732
0.00732
0.00732
0.00735
0.00739
0.00739
0.00739
0.00745
0.00745
0.00745
0.00745
0.00745
0.00751
0.00751
0.00751
0.00757
0.00757
0.00757
0.00757
0.00757
0.00757
0.00757
0.00757
0.00757
0.00757
0.00757
0.00757
0.00757
0.00758
0.00769
0.00769
0.00769
0.00775
0.00775
0.00775
0.00775
0.00775
0.00781
0.00781
0.00781
0.00781
0.00781
0.00781
0.00781
0.00781
0.00781
0.00781
0.00781
0.00781
0.00787
0.00793
0.00793
0.00793
0.00793
0.00798
0.00800
0.00806
0.00806
0.00806
0.00806
0.00806
0.00806
0.00806
0.00806
0.00815
0.00818
0.00818
0.00818
0.00830
0.00830
0.00830
0.00830
0.00830
0.00830
0.00830
0.00830
0.00830
0.00830
0.00830
0.00830
0.00830
0.00830
0.00830
0.00830
0.00830
0.00836
0.00836
0.00836
0.00842
0.00842
0.00842
0.00842
0.00843
0.00847
0.00848
0.00848
0.00854
0.00854
0.00854
0.00854
0.00854
0.00854
0.00854
0.00854
0.00854
0.00854
0.00854
0.00854
0.00854
0.00854
0.00854
0.00854
0.00854
0.00858
0.00859
0.00861
0.00861
0.00867
0.00867
0.00867
0.00873
0.00879
0.00879
0.00879
0.00879
0.00879
0.00879
0.00879
0.00879
0.00879
0.00879
0.00879
0.00885
0.00891
0.00891
0.00891
0.00891
0.00891
0.00893
0.00894
0.00899
0.00903
0.00903
0.00903
0.00903
0.00903
0.00903
0.00903
0.00903
0.00903
0.00903
0.00903
0.00903
0.00903
0.00903
0.00903
0.00903
0.00903
0.00909
0.00909
0.00916
0.00916
0.00916
0.00916
0.00916
0.00922
0.00922
0.00922
0.00928
0.00928
0.00928
0.00928
0.00928
0.00928
0.00928
0.00928
0.00928
0.00928
0.00928
0.00928
0.00928
0.00928
0.00928
0.00928
0.00931
0.00934
0.00940
0.00940
0.00940
0.00940
0.00949
0.00952
0.00952
0.00952
0.00952
0.00952
0.00952
0.00952
0.00952
0.00952
0.00952
0.00952
0.00952
0.00952
0.00952
0.00952
0.00958
0.00964
0.00964
0.00964
0.00968
0.00969
0.00970
0.00973
0.00977
0.00977
0.00977
0.00977
0.00977
0.00977
0.00977
0.00977
0.00977
0.00977
0.00977
0.00977
0.00977
0.00977
0.00977
0.00977
0.00977
0.00980
0.00981
0.00983
0.00989
0.00989
0.00989
0.01001
0.01001
0.01001
0.01001
0.01001
0.01001
0.01001
0.01001
0.01001
0.01001
0.01001
0.01001
0.01001
0.01001
0.01001
0.01001
0.01001
0.01001
0.01001
0.01001
0.01001
0.01004
0.01007
0.01013
0.01013
0.01013
0.01013
0.01013
0.01016
0.01019
0.01025
0.01025
0.01025
0.01025
0.01025
0.01025
0.01025
0.01025
0.01025
0.01025
0.01025
0.01025
0.01025
0.01025
0.01025
0.01025
0.01025
0.01027
0.01031
0.01031
0.01038
0.01038
0.01038
0.01038
0.01038
0.01038
0.01038
0.01038
0.01038
0.01044
0.01050
0.01050
0.01050
0.01050
0.01050
0.01050
0.01050
0.01050
0.01050
0.01050
0.01050
0.01050
0.01050
0.01050
0.01050
0.01050
0.01050
0.01050
0.01050
0.01050
0.01053
0.01053
0.01059
0.01062
0.01062
0.01062
0.01062
0.01062
0.01062
0.01068
0.01068
0.01068
0.01071
0.01074
0.01074
0.01074
0.01074
0.01074
0.01074
0.01074
0.01074
0.01074
0.01074
0.01074
0.01074
0.01074
0.01074
0.01074
0.01074
0.01077
0.01080
0.01086
0.01086
0.01086
0.01086
0.01099
0.01099
0.01099
0.01099
0.01099
0.01099
0.01099
0.01099
0.01099
0.01099
0.01099
0.01099
0.01099
0.01099
0.01099
0.01102
0.01104
0.01105
0.01105
0.01111
0.01111
0.01111
0.01117
0.01117
0.01118
0.01123
0.01123
0.01123
0.01123
0.01123
0.01123
0.01123
0.01123
0.01123
0.01123
0.01123
0.01123
0.01123
0.01123
0.01123
0.01123
0.01123
0.01129
0.01135
0.01135
0.01135
0.01135
0.01135
0.01135
0.01138
0.01141
0.01141
0.01141
0.01144
0.01147
0.01147
0.01147
0.01147
0.01147
0.01147
0.01147
0.01147
0.01147
0.01147
0.01147
0.01147
0.01147
0.01147
0.01147
0.01147
0.01147
0.01147
0.01147
0.01147
0.01147
0.01147
0.01147
0.01147
0.01147
0.01147
0.01147
0.01147
0.01147
0.01147
0.01152
0.01154
0.01160
0.01160
0.01160
0.01160
0.01160
0.01160
0.01160
0.01166
0.01172
0.01172
0.01172
0.01172
0.01172
0.01172
0.01172
0.01172
0.01172
0.01172
0.01172
0.01172
0.01172
0.01172
0.01172
0.01172
0.01172
0.01172
0.01172
0.01172
0.01172
0.01172
0.01175
0.01175
0.01178
0.01179
0.01184
0.01184
0.01184
0.01184
0.01184
0.01184
0.01184
0.01184
0.01187
0.01192
0.01196
0.01196
0.01196
0.01196
0.01196
0.01196
0.01196
0.01196
0.01196
0.01196
0.01196
0.01196
0.01196
0.01196
0.01196
0.01196
0.01196
0.01196
0.01196
0.01196
0.01196
0.01196
0.01196
0.01196
0.01196
0.01196
0.01196
0.01196
0.01196
0.01196
0.01196
0.01196
0.01196
0.01196
0.01196
0.01196
0.01196
0.01196
0.01196
0.01196
0.01196
0.01196
0.01201
0.01202
0.01202
0.01202
0.01208
0.01208
0.01208
0.01208
0.01208
0.01208
0.01208
0.01208
0.01208
0.01212
0.01215
0.01218
0.01221
0.01221
0.01221
0.01221
0.01221
0.01221
0.01221
0.01221
0.01221
0.01221
0.01221
0.01221
0.01221
0.01221
0.01221
0.01221
0.01221
0.01221
0.01221
0.01221
0.01221
0.01221
0.01221
0.01221
0.01221
0.01221
0.01221
0.01221
0.01221
0.01221
0.01224
0.01227
0.01231
0.01233
0.01233
0.01233
0.01233
0.01233
0.01233
0.01233
0.01233
0.01233
0.01233
0.01233
0.01233
0.01233
0.01239
0.01245
0.01245
0.01245
0.01245
0.01245
0.01245
0.01245
0.01245
0.01245
0.01245
0.01245
0.01245
0.01245
0.01245
0.01245
0.01245
0.01245
0.01245
0.01245
0.01257
0.01257
0.01257
0.01257
0.01257
0.01257
0.01257
0.01263
0.01263
0.01270
0.01270
0.01270
0.01270
0.01270
0.01270
0.01270
0.01270
0.01270
0.01270
0.01270
0.01270
0.01270
0.01270
0.01270
0.01270
0.01270
0.01270
0.01270
0.01270
0.01270
0.01270
0.01270
0.01270
0.01270
0.01276
0.01276
0.01276
0.01279
0.01282
0.01282
0.01282
0.01282
0.01283
0.01285
0.01288
0.01288
0.01294
0.01294
0.01294
0.01294
0.01294
0.01294
0.01294
0.01294
0.01294
0.01294
0.01294
0.01294
0.01294
0.01294
0.01294
0.01294
0.01294
0.01294
0.01294
0.01294
0.01303
0.01306
0.01306
0.01306
0.01306
0.01306
0.01306
0.01312
0.01312
0.01318
0.01318
0.01318
0.01318
0.01318
0.01318
0.01318
0.01318
0.01323
0.01328
0.01331
0.01343
0.01343
0.01343
0.01343
0.01343
0.01343
0.01343
0.01346
0.01348
0.01349
0.01349
0.01352
0.01355
0.01364
0.01367
0.01367
0.01367
0.01367
0.01367
0.01367
0.01367
0.01379
0.01382
0.01385
0.01386
0.01389
0.01392
0.01392
0.01392
0.01392
0.01392
0.01392
0.01392
0.01392
0.01398
0.01398
0.01404
0.01410
0.01410
0.01410
0.01416
0.01416
0.01416
0.01422
0.01428
0.01428
0.01440
0.01440
0.01440
0.01440
0.01440
0.01440
0.01447
0.01453
0.01465
0.01465
0.01465
0.01465
0.01465
0.01465
0.01465
0.01489
0.01489
0.01489
0.01501
0.01501
0.01514
0.01520
0.01534
0.01538
0.01538
0.01550
0.01562
0.01562
0.01562
0.01566
0.01581
0.01584
0.01584
0.01587
0.01587
0.01587
0.01611
0.01611
0.01624
0.01624
0.01627
0.01631
0.01636
0.01636
0.01636
0.01636
0.01648
0.01648
0.01648
0.01648
0.01660
0.01660
0.01660
0.01685
0.01685
0.01685
0.01685
0.01685
0.01687
0.01697
0.01698
0.01709
0.01709
0.01709
0.01721
0.01721
0.01730
0.01733
0.01733
0.01758
0.01764
0.01768
0.01770
0.01782
0.01782
0.01782
0.01794
0.01807
0.01819
0.01831
0.01831
0.01831
0.01868
0.01880
0.01904
0.01904
0.01904
0.01904
0.01904
0.01904
0.01904
0.01917
0.01920
0.01929
0.01929
0.01929
0.01929
0.01947
0.01953
0.01953
0.01965
0.01974
0.01978
0.01978
0.01990
0.02002
0.02026
0.02026
0.02026
0.02026
0.02026
0.02026
0.02039
0.02051
0.02051
0.02051
0.02075
0.02075
0.02075
0.02075
0.02087
0.02087
0.02087
0.02094
0.02100
0.02100
0.02100
0.02107
0.02112
0.02124
0.02124
0.02124
0.02124
0.02148
0.02148
0.02148
0.02161
0.02173
0.02182
0.02190
0.02220
0.02222
0.02234
0.02246
0.02246
0.02246
0.02266
0.02271
0.02271
0.02271
0.02289
0.02295
0.02295
0.02295
0.02295
0.02319
0.02319
0.02319
0.02319
0.02319
0.02332
0.02338
0.02344
0.02356
0.02368
0.02368
0.02368
0.02393
0.02393
0.02393
0.02417
0.02417
0.02425
0.02429
0.02460
0.02509
0.02588
0.02664
0.02673
0.02747
0.02771
0.02783
0.02832
0.02832
0.02832
0.03076
0.03259
0.03265
0.03296
0.03296
0.03363
0.03528
0.03589
0.04407
0.04614
0.06689
0.08207
0.09436
0.10139
