100099.334 1 1 1
301051 10 76 7.6
301378 3 4 1.33333
301344 1 1 1
1140 9 22 2.44444
301466 3 5 1.66667
777 4 5 1.25
301194 5 39 7.8
900 13 20 1.53846
1208 1 1 1
1017 1 1 1
969 4 10 2.5
301038 4 39 9.75
301404 8 10 1.25
609 10 10 1
1215 6 10 1.66667
301428 12 24 2
553 3 20 6.66667
368 1 1 1
300926 9 20 2.22222
825 12 14 1.16667
300655 12 31 2.58333
1166 6 58 9.66667
300792 7 7 1
937 4 8 2
117 2 9 4.5
978 1 1 1
200930 7 7 1
200705 6 6 1
200809 5 5 1
106 15 22 1.46667
699 1 1 1
201564 7 7 1
489 2 3 1.5
103 7 15 2.14286
100049 13 14 1.07692
201433 8 8 1
387 9 15 1.66667
200796 5 6 1.2
100563 10 11 1.1
101491 10 11 1.1
201486 1 1 1
200895 1 1 1
201520 3 22 7.33333
101351 13 24 1.84615
100923 3 11 3.66667
100757 9 24 2.66667
200807 8 19 2.375
201382 4 4 1
201492 1 1 1
200967 1 1 1
301502 9 12 1.33333
301304 12 18 1.5
301088 8 9 1.125
200784 5 30 6
201573 1 1 1
301023 2 2 1
1503 3 4 1.33333
301072 10 29 2.9
300382 8 8 1
300996 1 1 1
301294 9 9 1
300769 5 5 1
1126 14 42 3
1439 9 9 1
1211 9 53 5.88889
1028 3 3 1
1316 5 68 13.6
300277 4 8 2
300928 11 29 2.63636
1304 7 7 1
300517 2 25 12.5
300651 15 65 4.33333
315 10 13 1.3
1255 3 3 1
342 3 12 4
705 10 21 2.1
300882 4 13 3.25
300210 5 18 3.6
300856 6 54 9
1467 5 5 1
301070 1 1 1
300291 6 14 2.33333
300225 15 35 2.33333
300148 9 44 4.88889
300685 5 18 3.6
1032 12 42 3.5
300444 5 13 2.6
1297 7 40 5.71429
301442 3 5 1.66667
300033 3 5 1.66667
301036 5 63 12.6
300157 14 74 5.28571
300674 10 21 2.1
301358 8 24 3
1424 1 1 1
300164 5 18 3.6
155 15 75 5
874 7 7 1
100861 14 57 4.07143
300229 7 7 1
100682 1 1 1
300759 7 30 4.28571
351 3 12 4
1091 9 9 1
394 1 1 1
963 5 13 2.6
100010 65 113 1.73846
1267 3 4 1.33333
300466 1 1 1
300703 8 8 1
1230 7 34 4.85714
100817 13 26 2
100305 12 14 1.16667
507 7 19 2.71429
629 1 1 1
300432 3 3 1
100729 1 1 1
230 12 22 1.83333
839 10 45 4.5
100256 10 10 1
201010 1 1 1
678 2 10 5
100567 5 8 1.6
300205 6 11 1.83333
200089 14 20 1.42857
581 6 7 1.16667
100653 7 14 2
100839 11 11 1
525 7 19 2.71429
201251 3 12 4
101260 3 3 1
284 5 15 3
100718 13 28 2.15385
101403 2 2 1
201041 1 1 1
200214 7 40 5.71429
201442 14 22 1.57143
200567 6 6 1
100012 59 102 1.72881
101103 5 41 8.2
100140 4 21 5.25
200693 10 10 1
101278 10 10 1
200834 10 20 2
200764 3 12 4
100476 12 26 2.16667
200671 8 27 3.375
200974 12 40 3.33333
201424 5 48 9.6
200781 3 3 1
201471 4 5 1.25
100017 31 44 1.41935
201390 8 8 1
201367 7 26 3.71429
100797 3 8 2.66667
201559 5 8 1.6
300357 9 9 1
200712 1 1 1
100161 2 9 4.5
100207 3 6 2
200682 1 1 1
201103 1 1 1
200242 5 11 2.2
200642 7 7 1
200897 10 12 1.2
101309 8 11 1.375
101133 1 1 1
101094 4 6 1.5
300556 5 8 1.6
301335 6 8 1.33333
300946 3 3 1
300750 12 51 4.25
300347 5 8 1.6
300575 6 9 1.5
200548 4 10 2.5
847 12 30 2.5
300700 7 20 2.85714
300819 3 3 1
300285 5 24 4.8
301521 7 7 1
702 10 23 2.3
301069 5 17 3.4
625 2 24 12
300306 5 12 2.4
630 6 13 2.16667
726 5 44 8.8
300933 3 3 1
276 6 6 1
681 11 17 1.54545
1014 1 1 1
301054 1 1 1
300324 8 8 1
684 12 27 2.25
300312 1 1 1
1401 4 13 3.25
301372 3 3 1
70 23 22 0.956522
1149 1 1 1
1382 7 21 3
1494 5 5 1
300775 4 5 1.25
269 11 35 3.18182
222 3 6 2
100388 13 44 3.38462
100429 9 9 1
301397 4 4 1
291 12 30 2.5
1257 1 1 1
562 6 9 1.5
1339 12 20 1.66667
100670 1 1 1
312 1 1 1
100365 14 28 2
100486 9 17 1.88889
1285 8 12 1.5
201089 5 5 1
200737 1 1 1
1275 3 6 2
100834 11 13 1.18182
100442 10 13 1.3
100421 11 23 2.09091
100640 5 31 6.2
201161 3 7 2.33333
201150 4 26 6.5
100705 9 27 3
310 16 37 2.3125
200915 5 65 13
100758 5 8 1.6
13 66 69 1.04545
201206 3 16 5.33333
201284 5 9 1.8
100544 8 17 2.125
100868 1 1 1
100761 7 7 1
200758 12 43 3.58333
200024 3 10 3.33333
200755 5 8 1.6
200284 14 14 1
200471 1 1 1
100634 1 1 1
200212 11 11 1
100102 16 22 1.375
200946 4 23 5.75
200280 7 24 3.42857
100003 114 182 1.59649
200239 11 17 1.54545
200263 5 12 2.4
200319 13 29 2.23077
200802 5 7 1.4
201566 2 3 1.5
201293 1 1 1
201026 3 3 1
100403 1 1 1
100899 7 67 9.57143
101324 12 34 2.83333
100376 8 13 1.625
200512 4 14 3.5
201223 12 22 1.83333
201114 5 59 11.8
200810 13 14 1.07692
101263 11 11 1
101377 1 1 1
100896 8 38 4.75
201165 13 61 4.69231
100349 2 2 1
200441 11 17 1.54545
200902 13 15 1.15385
101426 10 11 1.1
201473 7 7 1
201306 8 9 1.125
200531 12 26 2.16667
301084 8 19 2.375
301048 2 2 1
100906 11 11 1
100986 7 41 5.85714
100953 7 8 1.14286
300772 8 24 3
200322 6 15 2.5
300683 12 18 1.5
1190 9 17 1.88889
300511 11 44 4
693 4 17 4.25
661 6 43 7.16667
301384 3 3 1
246 4 15 3.75
300257 3 18 6
301526 1 1 1
300731 1 1 1
301307 9 13 1.44444
300186 10 51 5.1
1366 9 32 3.55556
300973 7 31 4.42857
799 5 5 1
200129 2 12 6
300654 1 1 1
479 1 1 1
137 1 1 1
300741 1 1 1
200157 8 33 4.125
384 12 15 1.25
300876 13 33 2.53846
518 4 4 1
300206 2 2 1
301078 8 12 1.5
300955 6 6 1
300262 10 22 2.2
1473 1 1 1
260 11 19 1.72727
300094 12 31 2.58333
622 8 34 4.25
220 9 20 2.22222
1043 1 1 1
550 3 3 1
300305 3 13 4.33333
830 8 19 2.375
1391 3 4 1.33333
287 2 4 2
100297 11 11 1
100230 1 1 1
100098 4 4 1
100375 7 8 1.14286
201147 2 2 1
101395 8 30 3.75
717 1 1 1
1005 3 15 5
200958 11 13 1.18182
602 2 2 1
100960 12 12 1
200148 5 17 3.4
100512 8 8 1
100112 6 24 4
101031 11 11 1
100457 3 8 2.66667
200498 10 31 3.1
100306 12 29 2.41667
200511 11 13 1.18182
201156 6 6 1
201265 12 33 2.75
201349 4 22 5.5
201125 7 25 3.57143
201112 5 11 2.2
200690 6 10 1.66667
101044 5 6 1.2
201197 3 3 1
100750 9 9 1
101421 6 6 1
100166 6 6 1
200599 7 7 1
101317 8 15 1.875
301298 7 11 1.57143
200727 10 18 1.8
200875 6 14 2.33333
200996 5 5 1
301058 6 16 2.66667
200799 11 25 2.27273
301110 9 46 5.11111
300937 5 17 3.4
200767 13 19 1.46154
201551 8 8 1
101320 12 38 3.16667
201480 10 32 3.2
201406 10 10 1
300392 7 31 4.42857
200547 12 34 2.83333
300940 1 1 1
200516 11 39 3.54545
201289 7 8 1.14286
301034 3 13 4.33333
301472 5 6 1.2
300162 6 11 1.83333
808 13 26 2
1485 2 2 1
301322 2 15 7.5
301432 6 6 1
1462 9 13 1.44444
300692 8 9 1.125
965 6 22 3.66667
943 5 22 4.4
1064 4 4 1
861 6 12 2
301522 4 4 1
1160 4 35 8.75
301087 9 25 2.77778
1334 5 12 2.4
200125 10 10 1
635 3 3 1
300778 4 4 1
300900 8 8 1
1054 2 2 1
389 8 15 1.875
100829 1 1 1
300744 2 2 1
44 31 34 1.09677
1456 2 2 1
100518 11 17 1.54545
1507 11 14 1.27273
620 2 6 3
300546 5 32 6.4
237 11 11 1
854 2 6 3
100446 6 15 2.5
538 7 19 2.71429
100732 6 35 5.83333
444 8 12 1.5
100914 8 18 2.25
100179 7 7 1
200976 2 2 1
200094 5 5 1
101359 10 13 1.3
470 9 13 1.44444
201137 6 8 1.33333
615 7 35 5
100911 12 18 1.5
100920 4 33 8.25
101266 8 11 1.375
101152 2 2 1
201129 2 34 17
178 13 54 4.15385
201340 11 19 1.72727
201268 10 28 2.8
100690 1 1 1
200031 21 57 2.71429
200496 6 7 1.16667
200369 6 6 1
101284 7 7 1
301310 6 25 4.16667
100406 5 9 1.8
100886 2 11 5.5
200207 4 24 6
200348 9 14 1.55556
100696 11 11 1
201542 8 9 1.125
200943 9 33 3.66667
100595 7 14 2
101472 3 8 2.66667
201466 6 6 1
200717 6 6 1
300378 12 66 5.5
200846 8 19 2.375
200253 13 44 3.38462
101295 9 11 1.22222
201263 12 36 3
201280 2 21 10.5
201191 1 1 1
101501 2 4 2
100913 1 1 1
101397 1 1 1
201237 11 20 1.81818
200339 7 8 1.14286
200341 3 8 2.66667
101138 1 1 1
101279 1 1 1
300551 6 6 1
300739 6 13 2.16667
200591 3 3 1
300580 3 32 10.6667
200011 35 71 2.02857
300857 9 10 1.11111
1082 10 29 2.9
301343 9 20 2.22222
1235 9 29 3.22222
200050 17 55 3.23529
1471 9 17 1.88889
300450 10 10 1
300192 5 5 1
1194 12 48 4
301396 1 1 1
486 5 23 4.6
301144 7 48 6.85714
301104 8 25 3.125
57 9 10 1.11111
1059 9 22 2.44444
300004 224 186 0.830357
300366 4 8 2
300493 11 19 1.72727
300999 6 18 3
300077 9 34 3.77778
1199 7 24 3.42857
300470 6 14 2.33333
301119 5 25 5
300970 10 31 3.1
300887 1 1 1
1444 2 15 7.5
495 5 31 6.2
300907 2 39 19.5
300508 6 6 1
1056 11 42 3.81818
300026 21 32 1.52381
300502 8 28 3.5
300481 12 19 1.58333
1092 2 2 1
1476 8 10 1.25
200086 3 29 9.66667
626 6 6 1
1193 11 12 1.09091
100891 8 15 1.875
1046 6 6 1
100841 8 8 1
200079 1 1 1
100447 2 19 9.5
1236 11 12 1.09091
983 6 7 1.16667
18 67 74 1.10448
200413 6 10 1.66667
201395 4 5 1.25
201371 11 33 3
200668 7 40 5.71429
200373 1 1 1
200971 4 17 4.25
101350 2 15 7.5
201495 1 1 1
100666 10 13 1.3
101459 5 12 2.4
101404 7 8 1.14286
201302 11 19 1.72727
201097 9 12 1.33333
100215 6 6 1
100847 2 2 1
201144 3 3 1
101194 12 34 2.83333
200546 10 36 3.6
100449 5 5 1
200701 10 10 1
200815 3 5 1.66667
200008 13 14 1.07692
101302 2 2 1
100620 1 1 1
201079 1 1 1
301440 8 8 1
200193 1 1 1
201311 3 5 1.66667
301247 13 37 2.84615
200062 8 24 3
301179 6 54 9
101248 1 1 1
301018 3 13 4.33333
200291 2 2 1
300612 1 1 1
301381 10 34 3.4
300515 3 4 1.33333
200627 4 28 7
301368 12 16 1.33333
200392 8 10 1.25
301449 13 30 2.30769
300834 4 12 3
300380 11 27 2.45455
492 5 48 9.6
388 12 14 1.16667
1102 13 40 3.07692
365 10 24 2.4
348 4 4 1
300755 7 19 2.71429
221 4 11 2.75
301416 10 18 1.8
1336 6 16 2.66667
214 10 11 1.1
301094 2 44 22
300011 161 253 1.57143
300691 1 1 1
574 2 31 15.5
300982 1 1 1
1500 12 23 1.91667
200082 11 11 1
304 12 12 1
300979 5 5 1
300540 2 8 4
301170 11 11 1
958 4 7 1.75
300046 22 34 1.54545
301131 2 2 1
274 13 14 1.07692
145 4 9 2.25
300680 11 21 1.90909
41 13 23 1.76923
301203 6 71 11.8333
300396 9 13 1.44444
300824 9 9 1
300878 11 13 1.18182
300286 15 52 3.46667
300727 1 1 1
200064 15 18 1.2
541 5 5 1
689 6 8 1.33333
768 1 1 1
101469 4 7 1.75
100235 8 31 3.875
300464 6 14 2.33333
100310 9 13 1.44444
201204 9 9 1
201201 6 45 7.5
201008 7 9 1.28571
201430 10 10 1
895 9 31 3.44444
200289 6 8 1.33333
201460 6 15 2.5
100138 5 26 5.2
100751 9 39 4.33333
101312 6 6 1
520 6 7 1.16667
546 10 27 2.7
200933 13 31 2.38462
200612 5 5 1
100825 3 3 1
100716 1 1 1
100658 6 36 6
200960 1 1 1
100887 4 13 3.25
100393 7 20 2.85714
101273 1 1 1
100131 1 1 1
201299 12 12 1
100572 14 68 4.85714
200763 12 12 1
200594 4 4 1
101209 1 1 1
200229 11 42 3.81818
201136 11 27 2.45455
200040 11 11 1
201469 1 1 1
200624 3 3 1
201142 3 18 6
101151 2 2 1
300410 1 1 1
200899 2 4 2
200989 12 14 1.16667
200312 12 14 1.16667
201070 9 31 3.44444
100980 13 24 1.84615
200240 6 7 1.16667
200674 11 20 1.81818
301316 4 4 1
201512 7 7 1
201321 6 17 2.83333
301419 1 1 1
1442 2 2 1
300484 5 6 1.2
200452 10 10 1
1373 6 12 2
1073 6 6 1
1027 12 26 2.16667
1408 2 3 1.5
300860 10 19 1.9
200014 13 37 2.84615
1180 13 26 2
933 8 13 1.625
1179 2 2 1
301000 10 21 2.1
301064 1 1 1
300330 14 54 3.85714
804 1 1 1
1423 2 2 1
1354 2 19 9.5
301354 1 1 1
1243 5 22 4.4
1428 10 19 1.9
1165 13 37 2.84615
74 9 23 2.55556
1311 10 10 1
910 1 1 1
455 9 16 1.77778
1388 7 7 1
300622 6 8 1.33333
300178 7 10 1.42857
300709 7 7 1
300344 6 15 2.5
62 20 21 1.05
301371 2 14 7
1074 1 1 1
300640 4 11 2.75
982 1 1 1
301007 1 1 1
1183 5 5 1
300145 6 6 1
782 5 24 4.8
301099 1 1 1
320 14 75 5.35714
100524 12 12 1
301361 5 6 1.2
362 16 63 3.9375
100747 2 13 6.5
100804 4 7 1.75
301475 1 1 1
300565 5 54 10.8
721 7 14 2
300964 7 27 3.85714
100463 8 9 1.125
1173 12 13 1.08333
590 7 21 3
1496 1 1 1
289 16 48 3
300041 2 2 1
242 13 17 1.30769
100723 3 3 1
1109 5 5 1
714 13 31 2.38462
100360 13 31 2.38462
100435 4 14 3.5
300182 1 1 1
796 7 21 3
100769 15 19 1.26667
300212 11 24 2.18182
319 15 21 1.4
98 13 31 2.38462
100731 13 43 3.30769
903 13 60 4.61538
100092 14 18 1.28571
201063 5 94 18.8
50 1 1 1
200926 12 13 1.08333
200257 13 14 1.07692
200854 8 30 3.75
200697 4 4 1
200355 1 1 1
101292 3 4 1.33333
101316 11 11 1
200606 10 10 1
100243 4 4 1
200821 1 1 1
201187 8 54 6.75
201339 6 39 6.5
101204 3 3 1
201342 5 12 2.4
101171 10 10 1
201003 2 25 12.5
101460 2 3 1.5
200622 11 27 2.45455
100701 2 4 2
200743 1 1 1
200588 5 5 1
200261 1 1 1
100617 7 17 2.42857
200013 29 33 1.13793
101381 5 11 2.2
301229 8 27 3.375
300383 6 16 2.66667
201084 11 14 1.27273
201312 2 3 1.5
200600 1 1 1
100019 16 25 1.5625
301076 13 27 2.07692
101261 12 14 1.16667
200576 11 20 1.81818
101068 11 16 1.45455
201377 2 2 1
301347 4 9 2.25
201353 4 17 4.25
200004 260 316 1.21538
201217 10 10 1
200235 1 1 1
300434 13 37 2.84615
1384 11 19 1.72727
300886 1 1 1
300678 2 2 1
1405 11 28 2.54545
200603 1 1 1
200636 5 14 2.8
301162 3 27 9
200660 6 6 1
301159 6 7 1.16667
300852 1 1 1
1030 6 7 1.16667
300490 5 5 1
300060 20 62 3.1
301314 11 21 1.90909
1137 1 1 1
301146 10 52 5.2
1395 1 1 1
1453 11 26 2.36364
1364 12 22 1.83333
474 3 19 6.33333
745 10 14 1.4
300431 6 11 1.83333
300763 1 1 1
300268 9 18 2
300436 1 1 1
52 26 45 1.73077
561 9 11 1.22222
300029 5 21 4.2
300248 2 4 2
1152 1 1 1
300319 2 5 2.5
1518 5 5 1
300487 5 5 1
1435 4 6 1.5
300452 13 43 3.30769
300844 3 3 1
1426 4 4 1
940 11 17 1.54545
200165 2 3 1.5
754 11 54 4.90909
1041 10 16 1.6
1051 3 8 2.66667
101432 3 3 1
100638 11 14 1.27273
778 11 11 1
101405 7 20 2.85714
100062 6 6 1
100844 7 21 3
100811 1 1 1
101505 10 22 2.2
101393 1 1 1
88 4 4 1
356 12 36 3
200745 14 41 2.92857
47 8 32 4
201017 2 2 1
200924 6 6 1
200388 1 1 1
200748 1 1 1
101419 8 22 2.75
100313 11 11 1
101425 1 1 1
100497 1 1 1
100210 5 5 1
100722 7 7 1
101056 1 1 1
101530 13 14 1.07692
200585 3 4 1.33333
200406 1 1 1
100474 11 53 4.81818
301278 4 4 1
200058 8 11 1.375
100471 4 27 6.75
101233 1 1 1
101002 2 24 12
301226 6 6 1
200688 2 28 14
301285 10 10 1
201014 5 5 1
200559 9 28 3.11111
201173 3 5 1.66667
200358 2 18 9
100292 16 43 2.6875
101386 8 8 1
200269 13 24 1.84615
200850 14 40 2.85714
101124 12 14 1.16667
101080 5 5 1
200794 8 27 3.375
301399 9 11 1.22222
200608 1 1 1
101267 2 2 1
301180 8 47 5.875
200581 6 7 1.16667
200621 10 37 3.7
200028 4 5 1.25
301489 12 18 1.5
301093 3 3 1
1443 5 5 1
301116 7 10 1.42857
200211 9 41 4.55556
300504 3 8 2.66667
1488 1 1 1
201335 3 45 15
300117 12 14 1.16667
1145 9 9 1
300646 2 24 12
300048 14 29 2.07143
200665 11 18 1.63636
300952 11 54 4.90909
818 3 4 1.33333
300904 10 12 1.2
739 11 11 1
300593 5 32 6.4
300879 8 8 1
512 5 5 1
300296 13 29 2.23077
301120 7 23 3.28571
390 1 1 1
300479 12 22 1.83333
367 11 11 1
300242 1 1 1
1479 2 10 5
301456 4 5 1.25
301340 11 12 1.09091
300803 2 35 17.5
81 2 4 2
593 4 4 1
200152 2 20 10
100058 1 1 1
101226 11 11 1
434 10 17 1.7
300539 6 6 1
344 9 23 2.55556
300606 3 3 1
100803 11 11 1
301161 4 6 1.5
300461 9 9 1
100483 2 2 1
300829 1 1 1
300532 4 37 9.25
170 4 27 6.75
100378 5 10 2
300948 10 33 3.3
67 24 24 1
300332 2 5 2.5
300526 1 1 1
300630 8 8 1
964 5 12 2.4
361 5 6 1.2
201133 3 40 13.3333
201159 2 2 1
100399 4 11 2.75
100190 11 11 1
201051 3 26 8.66667
675 1 1 1
530 4 9 2.25
380 1 1 1
201514 7 16 2.28571
200526 1 1 1
64 6 15 2.5
100599 1 1 1
100533 4 14 3.5
200454 4 6 1.5
201106 1 1 1
101148 10 35 3.5
200994 12 12 1
201389 1 1 1
100693 8 9 1.125
200771 1 1 1
101401 9 19 2.11111
200222 16 62 3.875
200026 7 20 2.85714
201034 9 9 1
200570 3 3 1
100983 3 5 1.66667
201507 2 2 1
101276 4 4 1
200232 5 10 2
101139 8 9 1.125
200482 4 4 1
200327 3 14 4.66667
100139 11 12 1.09091
100964 10 31 3.1
201077 8 24 3
200773 1 1 1
300586 6 6 1
301350 3 5 1.66667
100995 2 19 9.5
100915 7 13 1.85714
300974 11 19 1.72727
201510 10 19 1.9
301424 10 19 1.9
300921 14 27 1.92857
301061 9 49 5.44444
200586 1 1 1
301506 4 4 1
300911 1 1 1
301251 7 12 1.71429
300942 11 12 1.09091
301133 4 8 2
1482 4 4 1
300074 5 16 3.2
300369 4 4 1
459 11 27 2.45455
300625 2 21 10.5
1359 4 19 4.75
1261 1 1 1
300611 4 5 1.25
301125 1 1 1
1039 6 24 4
1264 2 2 1
301176 9 47 5.22222
1216 11 18 1.63636
301136 5 64 12.8
300203 9 9 1
301192 2 6 3
300208 10 23 2.3
300875 1 1 1
300405 6 24 4
100677 4 9 2.25
100082 10 31 3.1
300084 4 23 5.75
300125 3 5 1.66667
300672 10 13 1.3
177 2 2 1
153 1 1 1
100680 8 41 5.125
800 13 65 5
6 86 108 1.25581
36 11 19 1.72727
61 6 13 2.16667
300008 124 163 1.31452
101488 13 28 2.15385
751 12 12 1
100299 9 10 1.11111
101066 12 13 1.08333
100091 9 22 2.44444
200859 8 25 3.125
201219 6 33 5.5
101114 11 25 2.27273
201366 9 10 1.11111
200555 3 10 3.33333
100753 3 9 3
200635 3 3 1
100970 4 40 10
101050 9 12 1.33333
200845 5 39 7.8
101109 3 4 1.33333
101497 5 9 1.8
201585 3 3 1
100971 4 4 1
100940 6 20 3.33333
201332 2 2 1
101011 10 27 2.7
200832 7 11 1.57143
100335 10 17 1.7
200430 10 23 2.3
100957 6 8 1.33333
100281 3 12 4
101043 10 10 1
200882 8 12 1.5
101366 10 27 2.7
101141 14 41 2.92857
301492 4 5 1.25
100943 1 1 1
300870 6 15 2.5
200735 1 1 1
201239 14 51 3.64286
300735 4 13 3.25
301313 4 12 3
1478 5 5 1
300281 9 16 1.77778
201240 11 17 1.54545
301053 1 1 1
200618 3 3 1
1288 9 34 3.77778
901 10 20 2
300614 1 1 1
954 6 12 2
300451 11 11 1
301367 9 8 0.888889
300702 7 20 2.85714
1010 11 38 3.45455
300416 10 14 1.4
1035 1 1 1
301474 2 4 2
300121 9 16 1.77778
100078 9 11 1.22222
300960 5 5 1
300034 9 12 1.33333
301487 7 7 1
919 11 11 1
34 20 26 1.3
300390 2 2 1
301151 11 16 1.45455
300545 4 10 2.5
936 10 18 1.8
300811 8 10 1.25
300938 6 6 1
439 3 5 1.66667
226 6 6 1
1142 7 10 1.42857
506 6 6 1
300467 3 3 1
300689 3 4 1.33333
859 9 32 3.55556
1117 2 2 1
20 78 154 1.97436
1019 1 1 1
301497 10 10 1
100564 1 1 1
1226 12 14 1.16667
1350 13 18 1.38462
300169 6 16 2.66667
716 7 45 6.42857
1186 9 38 4.22222
54 4 4 1
501 11 44 4
200159 8 16 2
803 3 23 7.66667
100835 6 6 1
300669 1 1 1
456 2 2 1
301024 10 10 1
601 9 17 1.88889
101186 5 26 5.2
1031 2 27 13.5
100118 9 9 1
793 11 35 3.18182
100660 6 18 3
336 7 38 5.42857
1356 10 25 2.5
1103 7 17 2.42857
1207 2 2 1
300015 71 108 1.52113
100692 6 65 10.8333
200841 11 42 3.81818
201042 2 2 1
300241 5 19 3.8
300278 14 15 1.07143
817 5 44 8.8
100996 10 17 1.7
100015 31 31 1
100547 1 1 1
239 2 21 10.5
100573 6 6 1
21 55 72 1.30909
200868 1 1 1
200978 11 12 1.09091
201594 8 8 1
101409 10 13 1.3
200707 1 1 1
101451 10 21 2.1
201386 8 8 1
100749 7 33 4.71429
100453 7 9 1.28571
200492 3 3 1
101125 8 19 2.375
101165 9 67 7.44444
201364 10 13 1.3
201099 1 1 1
101422 1 1 1
200506 8 14 1.75
101378 9 10 1.11111
200565 2 2 1
301267 5 31 6.2
100775 1 1 1
201610 6 6 1
200695 3 12 4
100646 10 13 1.3
201458 10 12 1.2
100808 1 1 1
100643 1 1 1
101453 5 15 3
101014 9 12 1.33333
200428 7 7 1
201524 4 4 1
301293 4 37 9.25
200768 9 12 1.33333
200522 11 21 1.90909
101129 10 19 1.9
301097 5 5 1
200367 2 3 1.5
101017 6 6 1
101442 6 11 1.83333
200384 1 1 1
101288 8 23 2.875
201606 3 4 1.33333
200485 12 63 5.25
200966 9 36 4
301107 2 2 1
200265 8 8 1
301044 9 52 5.77778
200343 9 16 1.77778
300518 2 2 1
301345 12 14 1.16667
300180 8 11 1.375
300924 10 10 1
984 12 31 2.58333
200439 4 6 1.5
1312 13 43 3.30769
1420 12 39 3.25
776 5 85 17
301083 6 9 1.5
1158 6 10 1.66667
673 8 15 1.875
1016 11 38 3.45455
301167 12 25 2.08333
300859 9 37 4.11111
301249 5 5 1
301074 8 50 6.25
730 2 3 1.5
301477 6 6 1
300428 8 8 1
864 1 1 1
171 5 7 1.4
1097 3 3 1
300239 9 29 3.22222
300780 2 2 1
300197 8 30 3.75
1459 12 19 1.58333
301103 8 23 2.875
200150 10 10 1
428 3 10 3.33333
844 4 7 1.75
261 1 1 1
1241 1 1 1
772 2 67 33.5
293 7 17 2.42857
301488 4 4 1
300014 90 128 1.42222
453 4 6 1.5
301408 8 19 2.375
100063 1 1 1
300314 3 3 1
100569 7 19 2.71429
504 2 2 1
1380 1 1 1
1369 11 11 1
300150 3 3 1
300260 1 1 1
1222 2 3 1.5
100515 1 1 1
1510 8 8 1
488 8 24 3
100622 3 16 5.33333
249 6 17 2.83333
300816 1 1 1
1342 10 26 2.6
100587 3 3 1
416 11 27 2.45455
300815 13 23 1.76923
300088 1 1 1
548 1 1 1
100494 7 23 3.28571
376 11 35 3.18182
201000 6 6 1
82 17 22 1.29412
1205 13 25 1.92308
100039 13 30 2.30769
100103 10 16 1.6
101183 10 18 1.8
100610 11 12 1.09091
200203 8 8 1
706 2 2 1
101175 1 1 1
101228 7 8 1.14286
200283 2 2 1
307 10 25 2.5
48 7 37 5.28571
101282 13 49 3.76923
379 7 7 1
142 7 24 3.42857
101222 9 39 4.33333
100536 7 9 1.28571
100673 2 2 1
200297 11 24 2.18182
201316 3 3 1
100624 12 28 2.33333
200652 10 26 2.6
201073 7 18 2.57143
200721 1 1 1
201445 10 30 3
101140 11 19 1.72727
101096 10 23 2.3
101236 2 43 21.5
101203 4 40 10
200731 8 22 2.75
100984 6 8 1.33333
200620 10 11 1.1
201308 6 6 1
100612 10 17 1.7
201246 1 1 1
200295 10 16 1.6
200350 6 25 4.16667
201011 4 85 21.25
201463 8 8 1
201325 1 1 1
101415 2 3 1.5
201394 12 12 1
200751 8 17 2.125
201083 1 1 1
101256 1 1 1
200416 2 2 1
301211 7 42 6
200250 11 12 1.09091
101028 13 55 4.23077
200309 3 11 3.66667
200540 1 1 1
200434 5 5 1
1417 8 17 2.125
300752 2 28 14
301172 9 16 1.77778
301254 3 3 1
1049 5 9 1.8
1399 7 11 1.57143
301227 3 37 12.3333
300439 10 30 3
300486 10 19 1.9
300425 1 1 1
300496 1 1 1
301327 9 14 1.55556
300862 1 1 1
300153 10 13 1.3
301079 1 1 1
1474 7 13 1.85714
200174 11 59 5.36364
301443 9 11 1.22222
300812 5 5 1
1306 12 27 2.25
300165 8 12 1.5
992 5 5 1
1045 4 4 1
301089 1 1 1
100601 2 14 7
301391 13 53 4.07692
200088 3 3 1
711 1 1 1
300717 5 18 3.6
100619 1 1 1
655 6 12 2
200144 11 19 1.72727
657 6 14 2.33333
300267 9 18 2
200138 1 1 1
392 1 1 1
259 6 30 5
1001 8 9 1.125
300443 8 10 1.25
918 1 1 1
300222 1 1 1
300193 7 22 3.14286
1431 11 22 2
130 10 30 3
110 8 8 1
200141 3 4 1.33333
100633 3 3 1
101514 10 13 1.3
101495 1 1 1
1196 7 7 1
101414 4 16 4
200188 13 13 1
101534 13 13 1
100060 4 5 1.25
101015 6 10 1.66667
100615 2 13 6.5
100655 6 6 1
100054 12 44 3.66667
200595 3 3 1
100560 2 2 1
101322 8 8 1
100992 5 5 1
200596 2 2 1
100345 4 4 1
100554 1 1 1
100023 1 1 1
101521 1 1 1
100584 11 12 1.09091
200903 3 6 2
100522 4 4 1
100581 15 60 4
100629 4 28 7
100669 8 25 3.125
201267 11 21 1.90909
101433 6 12 2
100741 5 6 1.2
201119 13 54 4.15385
100258 11 11 1
101108 1 1 1
201596 1 1 1
101326 9 27 3
200231 5 12 2.4
200925 3 5 1.66667
200663 9 25 2.77778
301100 1 1 1
301004 1 1 1
200245 12 39 3.25
101300 1 1 1
301459 3 4 1.33333
300972 2 2 1
301234 9 9 1
300350 5 5 1
201328 6 13 2.16667
200344 7 7 1
301460 7 7 1
300214 11 59 5.36364
301380 1 1 1
300794 10 23 2.3
300320 8 12 1.5
569 1 1 1
707 3 26 8.66667
300200 13 45 3.46154
300874 11 11 1
578 4 33 8.25
935 7 7 1
484 10 10 1
616 1 1 1
301483 3 3 1
333 16 21 1.3125
1338 8 8 1
544 5 8 1.6
670 10 10 1
300482 9 22 2.44444
1324 2 15 7.5
907 9 9 1
200163 1 1 1
300037 18 61 3.38889
100067 18 20 1.11111
200132 5 10 2
638 12 18 1.5
101192 1 1 1
200122 8 33 4.125
300255 1 1 1
124 4 14 3.5
897 1 1 1
100 16 20 1.25
100137 5 24 4.8
78 19 20 1.05263
709 4 4 1
1345 6 11 1.83333
100651 2 3 1.5
201101 6 28 4.66667
300524 10 30 3
201045 1 1 1
300122 13 15 1.15385
1274 5 28 5.6
201214 5 12 2.4
100317 15 22 1.46667
100822 3 5 1.66667
300070 15 27 1.8
101429 2 2 1
300808 14 59 4.21429
100133 3 3 1
101070 1 1 1
100739 3 3 1
200084 13 14 1.07692
201568 1 1 1
640 12 39 3.25
201157 2 2 1
200187 5 5 1
100188 6 6 1
100334 8 32 4
100592 1 1 1
201291 5 7 1.4
198 1 1 1
101330 2 4 2
200486 7 28 4
200804 1 1 1
200217 3 4 1.33333
201588 8 10 1.25
200782 8 8 1
100514 4 4 1
201227 1 1 1
100506 4 5 1.25
101348 1 1 1
100888 9 31 3.44444
100396 4 4 1
100976 1 1 1
200447 8 15 1.875
201243 1 1 1
201300 8 42 5.25
101078 1 1 1
200949 1 1 1
100609 5 16 3.2
200590 5 5 1
201221 13 18 1.38462
101019 9 10 1.11111
200527 10 13 1.3
301201 8 52 6.5
200552 10 14 1.4
101022 12 20 1.66667
101060 12 14 1.16667
201322 11 22 2
201234 3 3 1
300725 7 12 1.71429
101372 9 10 1.11111
300354 1 1 1
201443 12 17 1.41667
301153 1 1 1
201580 8 14 1.75
1036 3 14 4.66667
301491 2 2 1
300394 4 4 1
301385 2 11 5.5
200655 2 2 1
300137 7 8 1.14286
200691 5 25 5
200038 1 1 1
300800 4 37 9.25
1386 10 10 1
1480 5 7 1.4
1244 5 5 1
146 12 17 1.41667
189 11 46 4.18182
794 3 15 5
301357 10 27 2.7
181 10 17 1.7
300089 16 21 1.3125
1135 2 3 1.5
300388 9 24 2.66667
100070 19 26 1.36842
118 14 14 1
882 3 4 1.33333
49 18 19 1.05556
25 49 66 1.34694
300553 4 23 5.75
100840 6 40 6.66667
447 2 2 1
300694 3 10 3.33333
1315 10 21 2.1
862 3 3 1
161 5 8 1.6
279 10 11 1.1
100641 5 5 1
300172 2 5 2.5
471 1 1 1
101218 6 8 1.33333
300236 5 8 1.6
836 2 3 1.5
100040 2 4 2
100294 8 24 3
100147 10 17 1.7
331 16 43 2.6875
100034 5 33 6.6
1129 11 34 3.09091
300185 10 15 1.5
989 8 8 1
101456 11 24 2.18182
533 1 1 1
100884 6 9 1.5
201479 1 1 1
201336 6 8 1.33333
200574 3 3 1
101407 8 16 2
133 12 17 1.41667
200320 14 17 1.21429
200378 10 27 2.7
101507 4 4 1
100303 4 14 3.5
200156 7 8 1.14286
201488 1 1 1
201139 6 24 4
200036 18 41 2.27778
100872 10 20 2
200886 9 11 1.22222
200301 2 5 2.5
201546 5 14 2.8
100656 3 7 2.33333
101465 2 2 1
100865 9 27 3
201496 9 24 2.66667
201474 6 6 1
200541 2 3 1.5
200371 1 1 1
100853 9 10 1.11111
201121 9 11 1.22222
201418 3 10 3.33333
101436 8 18 2.25
201031 6 12 2
200458 9 10 1.11111
200538 1 1 1
300361 12 25 2.08333
301510 4 5 1.25
100870 1 1 1
300408 6 9 1.5
200045 12 13 1.08333
100938 8 13 1.625
200529 6 6 1
301301 8 45 5.625
101176 5 32 6.4
100941 15 26 1.73333
200465 1 1 1
1132 4 7 1.75
300352 7 12 1.71429
1367 5 5 1
200317 8 12 1.5
301187 2 2 1
301115 12 43 3.58333
300246 1 1 1
301095 1 1 1
200494 5 6 1.2
300799 7 43 6.14286
300211 9 32 3.55556
301388 11 31 2.81818
1188 12 38 3.16667
195 3 3 1
658 6 6 1
652 10 10 1
300167 2 3 1.5
300536 12 36 3
300080 10 15 1.5
300906 7 9 1.28571
301365 6 18 3
540 11 44 4
300676 2 2 1
300017 40 40 1
1110 1 1 1
948 6 18 3
300576 4 29 7.25
100469 6 8 1.33333
300183 16 57 3.5625
300143 8 8 1
300947 2 2 1
887 11 13 1.18182
905 1 1 1
563 10 24 2.4
300738 7 26 3.71429
200117 11 15 1.36364
101384 5 8 1.6
1061 11 24 2.18182
100417 5 15 3
1098 13 41 3.15385
100116 11 11 1
1058 1 1 1
923 11 29 2.63636
100712 6 6 1
200817 7 9 1.28571
300420 8 12 1.5
516 4 4 1
85 23 37 1.6087
200922 1 1 1
100550 1 1 1
100356 10 11 1.1
200074 14 22 1.57143
100523 3 30 10
712 7 22 3.14286
200822 1 1 1
101143 11 36 3.27273
100752 10 10 1
100924 3 4 1.33333
200233 6 10 1.66667
100005 58 70 1.2069
100814 6 6 1
100263 14 42 3
200190 1 1 1
200180 9 9 1
100167 10 20 2
200983 11 11 1
101327 1 1 1
100111 13 22 1.69231
101185 7 61 8.71429
100807 12 24 2
100418 5 13 2.6
200953 10 18 1.8
100143 2 2 1
100559 5 8 1.6
100285 1 1 1
100648 3 5 1.66667
201313 7 9 1.28571
100382 3 4 1.33333
200053 1 1 1
100197 13 22 1.69231
100241 6 37 6.16667
200420 10 25 2.5
200009 14 17 1.21429
201185 12 67 5.58333
100695 1 1 1
200501 3 3 1
201305 6 33 5.5
201544 1 1 1
100788 9 9 1
100154 8 8 1
200347 1 1 1
201001 4 4 1
200404 5 11 2.2
100157 8 15 1.875
200644 8 17 2.125
100338 7 16 2.28571
201276 10 15 1.5
101435 2 2 1
100227 2 2 1
201595 5 5 1
200904 4 14 3.5
200646 11 14 1.27273
201039 11 11 1
100945 2 2 1
301331 3 4 1.33333
200873 12 17 1.41667
300835 10 45 4.5
300776 13 13 1
301209 1 1 1
1067 1 1 1
200432 10 31 3.1
200584 10 11 1.1
300923 11 11 1
200440 7 7 1
406 7 16 2.28571
505 6 8 1.33333
301439 7 13 1.85714
300705 2 2 1
300488 13 26 2
200110 2 11 5.5
300218 6 7 1.16667
564 11 26 2.36364
301008 3 10 3.33333
301421 9 11 1.22222
300888 3 6 2
300346 3 8 2.66667
300542 8 11 1.375
300554 6 18 3
595 3 3 1
51 27 96 3.55556
1516 9 10 1.11111
300562 2 5 2.5
100537 2 2 1
1412 10 11 1.1
300118 6 8 1.33333
300052 4 4 1
867 6 6 1
100556 5 40 8
300061 2 3 1.5
300813 10 21 2.1
300209 10 24 2.4
100409 3 3 1
100498 6 6 1
200213 7 7 1
101168 3 6 2
100740 1 1 1
100700 12 18 1.5
200973 7 18 2.57143
100880 3 3 1
201560 5 5 1
201203 9 9 1
201030 6 20 3.33333
200502 11 14 1.27273
100479 11 12 1.09091
101173 8 33 4.125
200123 14 58 4.14286
100253 10 10 1
201036 8 8 1
200935 8 7 0.875
200398 3 6 2
100016 16 25 1.5625
200879 5 53 10.6
100146 7 7 1
200251 13 13 1
200521 1 1 1
101264 11 19 1.72727
200241 3 13 4.33333
101323 8 12 1.5
200205 5 5 1
100703 12 16 1.33333
101361 6 6 1
200466 1 1 1
201464 2 2 1
200356 13 13 1
100961 8 9 1.125
201392 5 27 5.4
201285 5 9 1.8
101344 5 23 4.6
301206 11 12 1.09091
200017 6 6 1
100903 10 17 1.7
301321 10 15 1.5
301134 7 8 1.14286
301395 3 3 1
200337 7 20 2.85714
200248 4 4 1
201557 4 11 2.75
301480 5 7 1.4
301041 11 15 1.36364
301324 9 27 3
200497 10 10 1
1392 6 11 1.83333
301315 13 18 1.38462
301188 1 1 1
300645 7 9 1.28571
300140 9 50 5.55556
301225 11 37 3.36364
300605 8 29 3.625
300561 2 2 1
300256 4 21 5.25
100052 10 25 2.5
300748 3 3 1
300264 1 1 1
321 12 15 1.25
722 6 6 1
200113 2 2 1
300842 7 40 5.71429
301183 5 17 3.4
30 34 67 1.97059
643 8 35 4.375
1363 9 9 1
86 4 4 1
100369 13 23 1.76923
300642 1 1 1
1284 1 1 1
300730 9 17 1.88889
100193 11 11 1
300423 7 12 1.71429
300826 4 4 1
496 1 1 1
868 4 7 1.75
100662 6 29 4.83333
200136 4 14 3.5
300190 4 4 1
128 10 23 2.3
201053 2 15 7.5
200130 6 15 2.5
201127 2 2 1
200825 7 16 2.28571
100265 14 14 1
101144 11 16 1.45455
101529 3 3 1
58 13 48 3.69231
101412 4 14 3.5
201049 4 9 2.25
200096 16 30 1.875
23 15 27 1.8
101111 4 39 9.75
100509 1 1 1
200937 6 10 1.66667
200881 11 11 1
95 12 20 1.66667
201374 2 26 13
101191 1 1 1
201212 3 4 1.33333
100764 1 1 1
100877 11 15 1.36364
100967 5 5 1
201438 3 6 2
100832 8 10 1.25
100320 6 6 1
201257 5 5 1
200220 4 4 1
201529 8 16 2
100720 2 2 1
200273 6 22 3.66667
201032 1 1 1
101180 10 45 4.5
100930 1 1 1
201004 3 5 1.66667
301233 5 5 1
101212 5 21 4.2
201170 2 2 1
100988 7 9 1.28571
200380 2 4 2
301287 8 39 4.875
301305 3 6 2
101137 14 17 1.21429
101163 13 16 1.23077
100298 1 1 1
301231 1 1 1
100875 7 8 1.14286
300838 6 41 6.83333
101100 1 1 1
301445 1 1 1
200478 5 5 1
300591 7 22 3.14286
1310 6 22 3.66667
300068 1 1 1
1070 12 16 1.33333
300473 10 19 1.9
300963 6 14 2.33333
301375 12 39 3.25
704 6 9 1.5
1314 6 6 1
300271 6 6 1
300318 9 13 1.44444
1287 1 1 1
300087 13 23 1.76923
300670 11 11 1
300822 1 1 1
441 3 13 4.33333
301431 10 18 1.8
300199 13 59 4.53846
1171 11 11 1
200166 11 77 7
665 1 1 1
300274 11 15 1.36364
1020 8 9 1.125
300936 13 52 4
748 8 9 1.125
1415 5 7 1.4
301057 2 2 1
1455 12 37 3.08333
200087 9 45 5
301017 5 5 1
301317 3 2 0.666667
994 2 2 1
628 8 8 1
300634 9 9 1
229 5 16 3.2
300914 7 41 5.85714
300250 7 7 1
838 14 16 1.14286
300233 2 6 3
300228 5 33 6.6
200120 12 21 1.75
677 2 2 1
766 10 33 3.3
100080 4 20 5
100596 7 9 1.28571
694 1 1 1
1125 5 5 1
100649 1 1 1
490 1 1 1
100542 12 23 1.91667
201068 11 34 3.09091
418 10 15 1.5
201362 1 1 1
100636 11 29 2.63636
101525 11 11 1
100979 4 23 5.75
93 10 47 4.7
101038 11 11 1
375 11 11 1
100668 15 38 2.53333
200135 4 12 3
101064 12 44 3.66667
101360 10 20 2
101481 9 9 1
100605 6 52 8.66667
167 12 14 1.16667
200857 12 18 1.5
201108 7 8 1.14286
201600 11 16 1.45455
100057 5 10 2
101112 12 47 3.91667
201211 8 37 4.625
201222 6 6 1
201415 15 95 6.33333
101048 11 32 2.90909
200509 4 5 1.25
201022 8 8 1
201044 6 6 1
201359 7 17 2.42857
100969 9 20 2.22222
200837 3 8 2.66667
100271 1 1 1
300395 1 1 1
100218 9 9 1
201331 1 1 1
100189 1 1 1
200002 259 281 1.08494
101391 4 12 3
100935 5 38 7.6
201202 4 4 1
200919 1 1 1
200450 9 9 1
101286 7 7 1
201327 9 22 2.44444
100905 11 43 3.90909
201229 1 1 1
201434 8 9 1.125
101123 3 15 5
101314 13 22 1.69231
201273 1 1 1
913 1 1 1
819 4 4 1
744 9 38 4.22222
301195 2 2 1
1512 11 11 1
300055 18 18 1
301444 9 20 2.22222
100076 20 43 2.15
300032 26 63 2.42308
72 8 9 1.125
300253 1 1 1
437 11 21 1.90909
300109 13 13 1
203 1 1 1
1077 7 86 12.2857
300463 10 10 1
1224 5 57 11.4
100553 4 5 1.25
100108 13 29 2.23077
100833 9 17 1.88889
100373 11 12 1.09091
100107 13 13 1
141 13 13 1
100286 9 16 1.77778
1294 9 17 1.88889
100201 3 13 4.33333
101062 5 18 3.6
201411 1 1 1
200844 3 3 1
100659 3 3 1
201356 5 47 9.4
300016 32 48 1.5
757 7 30 4.28571
100121 14 25 1.78571
201303 4 39 9.75
100101 8 34 4.25
101461 6 6 1
100141 1 1 1
201247 5 23 4.6
411 9 10 1.11111
101042 2 3 1.5
201592 10 12 1.2
200801 8 10 1.25
100882 1 1 1
100199 4 12 3
201562 4 13 3.25
200424 9 25 2.77778
100898 1 1 1
101130 11 29 2.63636
200483 10 21 2.1
100517 1 1 1
101053 3 3 1
200387 2 2 1
201391 10 11 1.1
200331 10 28 2.8
201578 1 1 1
301220 5 5 1
101376 8 8 1
101024 3 4 1.33333
101083 6 13 2.16667
201413 7 10 1.42857
201381 8 10 1.25
100341 5 15 3
101071 2 29 14.5
100912 10 14 1.4
100895 3 3 1
100169 3 19 6.33333
100755 1 1 1
201236 13 16 1.23077
201572 13 46 3.53846
201416 9 17 1.88889
100916 7 20 2.85714
101487 1 1 1
201598 6 6 1
101482 1 1 1
101166 1 1 1
101075 1 1 1
200704 10 10 1
101252 4 14 3.5
200296 4 5 1.25
301123 3 4 1.33333
1515 11 11 1
300653 3 4 1.33333
1319 5 5 1
301046 7 7 1
300065 20 36 1.8
300932 3 5 1.66667
1113 12 26 2.16667
300523 8 14 1.75
1451 7 20 2.85714
300710 11 15 1.36364
300327 11 38 3.45455
462 4 6 1.5
300045 12 36 3
301283 10 11 1.1
301198 9 10 1.11111
1378 8 27 3.375
300459 7 29 4.14286
300774 4 12 3
571 1 1 1
300617 4 25 6.25
419 7 14 2
613 8 11 1.375
1090 6 6 1
962 1 1 1
100038 15 24 1.6
300871 8 23 2.875
100527 10 19 1.9
301463 11 21 1.90909
301049 11 63 5.72727
200102 14 17 1.21429
880 9 15 1.66667
100105 9 26 2.88889
100434 11 32 2.90909
644 7 33 4.71429
200134 3 3 1
100097 6 36 6
1387 4 5 1.25
100611 13 30 2.30769
300195 15 78 5.2
503 5 10 2
100249 12 58 4.83333
300021 24 55 2.29167
100454 10 35 3.5
300083 6 11 1.83333
852 8 18 2.25
201184 3 42 14
100762 12 55 4.58333
201047 9 26 2.88889
201502 10 11 1.1
245 13 20 1.53846
100779 10 50 5
201409 14 64 4.57143
100521 2 2 1
200828 1 1 1
200407 13 16 1.23077
101237 5 5 1
200281 13 13 1
200913 6 6 1
100489 8 32 4
100793 7 16 2.28571
201028 7 7 1
100862 2 2 1
100613 5 9 1.8
101196 6 6 1
200940 1 1 1
101040 14 46 3.28571
201427 5 5 1
100377 11 36 3.27273
101452 7 7 1
100805 2 2 1
100354 11 13 1.18182
100380 5 11 2.2
100384 3 9 3
200683 1 1 1
101157 12 23 1.91667
301276 4 30 7.5
200056 5 5 1
201193 5 35 7
201571 11 26 2.36364
101492 11 17 1.54545
101513 4 4 1
101489 1 1 1
201050 5 28 5.6
200435 2 10 5
300398 6 6 1
301191 2 3 1.5
200396 6 23 3.83333
301499 9 9 1
200258 3 12 4
200042 1 1 1
200893 13 14 1.07692
301411 1 1 1
201552 7 8 1.14286
200554 1 1 1
100950 2 61 30.5
200426 1 1 1
1329 11 11 1
1468 11 11 1
300599 4 9 2.25
300843 6 6 1
1461 7 10 1.42857
300133 11 16 1.45455
300107 14 20 1.42857
300337 4 8 2
200616 8 46 5.75
991 10 48 4.8
301500 1 1 1
300469 9 9 1
775 6 8 1.33333
69 14 14 1
737 4 19 4.75
651 1 1 1
301496 12 18 1.5
300409 7 25 3.57143
200172 7 41 5.85714
300056 12 12 1
100044 11 11 1
1130 13 18 1.38462
875 11 15 1.36364
301486 2 2 1
789 8 11 1.375
878 12 12 1
101238 8 19 2.375
300071 9 23 2.55556
1506 11 16 1.45455
598 5 5 1
313 8 16 2
100413 7 12 1.71429
1253 2 9 4.5
1448 6 6 1
1012 8 7 0.875
100087 8 12 1.5
653 3 46 15.3333
100765 14 14 1
300323 12 32 2.66667
100028 10 23 2.3
1465 1 1 1
100590 1 1 1
1271 9 21 2.33333
101247 11 14 1.27273
100273 15 24 1.6
101346 3 20 6.66667
916 7 26 3.71429
100072 21 46 2.19048
100894 4 4 1
101092 3 45 15
872 3 5 1.66667
108 10 15 1.5
201508 8 20 2.5
100069 10 20 2
426 2 15 7.5
200968 1 1 1
100724 8 13 1.625
100094 1 1 1
101006 2 18 9
200236 3 22 7.33333
100667 4 10 2.5
100477 13 54 4.15385
200462 7 9 1.28571
200593 4 4 1
200352 13 41 3.15385
100223 5 38 7.6
100104 13 17 1.30769
100710 5 5 1
200417 7 7 1
100798 9 25 2.77778
100021 33 68 2.06061
200361 8 9 1.125
200901 2 2 1
100213 11 32 2.90909
201064 4 4 1
201091 11 11 1
201540 9 14 1.55556
200340 1 1 1
201060 8 30 3.75
101034 11 16 1.45455
200787 3 8 2.66667
201057 12 17 1.41667
200403 10 12 1.2
301255 9 9 1
201344 13 16 1.23077
101369 9 20 2.22222
201176 2 2 1
301295 2 2 1
201319 1 1 1
301406 6 6 1
200022 23 26 1.13043
200680 8 47 5.875
200476 11 11 1
200342 9 9 1
300713 10 13 1.3
200615 1 1 1
300754 10 10 1
1078 6 33 5.5
300362 7 7 1
373 11 11 1
828 10 22 2.2
300374 6 9 1.5
746 5 6 1.2
301390 7 24 3.42857
300245 2 14 7
300558 2 2 1
301515 9 11 1.22222
200091 12 30 2.5
1296 11 25 2.27273
200068 3 6 2
101 1 1 1
300295 8 10 1.25
300851 1 1 1
491 7 21 3
300095 1 1 1
1042 8 59 7.375
300092 1 1 1
295 12 20 1.66667
100583 8 9 1.125
300920 8 17 2.125
300304 7 7 1
300019 38 79 2.07895
121 5 15 3
200073 15 21 1.4
398 1 1 1
300042 10 26 2.6
300895 6 8 1.33333
233 8 13 1.625
100744 15 61 4.06667
740 12 12 1
300171 10 33 3.3
100443 8 11 1.375
100330 4 7 1.75
300514 8 51 6.375
200095 16 16 1
743 10 10 1
100773 1 1 1
300273 9 14 1.55556
300292 16 51 3.1875
100748 11 12 1.09091
1279 11 30 2.72727
200184 11 20 1.81818
200885 5 47 9.4
300456 2 2 1
199 10 10 1
100709 6 17 2.83333
300161 5 14 2.8
391 5 12 2.4
200819 2 2 1
100126 8 9 1.125
100635 6 9 1.5
101304 4 12 3
201264 1 1 1
201494 4 4 1
205 8 10 1.25
201536 12 38 3.16667
200351 1 1 1
101388 8 21 2.625
201369 3 7 2.33333
90 1 1 1
201567 8 19 2.375
101484 7 11 1.57143
101250 2 3 1.5
200921 1 1 1
101478 9 16 1.77778
100737 7 52 7.42857
101430 3 17 5.66667
100119 13 13 1
100159 9 13 1.44444
100626 8 18 2.25
200479 5 7 1.4
200442 1 1 1
201075 1 1 1
200370 11 11 1
101098 2 2 1
200579 9 29 3.22222
101355 11 16 1.45455
101179 1 1 1
101026 12 17 1.41667
301299 12 19 1.58333
100632 9 12 1.33333
201421 9 19 2.11111
200469 9 11 1.22222
100987 8 30 3.75
200379 4 4 1
101394 9 11 1.22222
201402 4 4 1
200669 9 15 1.66667
200324 1 1 1
101283 14 68 4.85714
200761 12 26 2.16667
301156 1 1 1
300626 1 1 1
201397 1 1 1
200778 1 1 1
200473 2 20 10
1347 10 11 1.1
301035 7 17 2.42857
301323 7 23 3.28571
300063 19 23 1.21053
300340 6 16 2.66667
301277 4 4 1
851 4 6 1.5
300998 1 1 1
300916 11 19 1.72727
976 1 1 1
300760 1 1 1
301021 1 1 1
300177 15 39 2.6
409 3 11 3.66667
200106 4 4 1
234 1 1 1
856 6 11 1.83333
301028 7 7 1
832 3 3 1
301025 8 9 1.125
973 9 9 1
300820 4 45 11.25
300520 6 7 1.16667
522 2 2 1
1328 6 14 2.33333
301429 7 15 2.14286
300788 9 9 1
586 1 1 1
771 11 28 2.54545
164 11 42 3.81818
301010 1 1 1
300104 1 1 1
100855 2 2 1
831 10 12 1.2
325 8 30 3.75
206 9 9 1
100163 11 53 4.81818
1291 3 5 1.66667
300531 12 33 2.75
201111 11 18 1.63636
100055 13 13 1
614 5 16 3.2
101073 6 21 3.5
809 6 9 1.5
758 1 1 1
101178 7 17 2.42857
485 9 28 3.11111
761 4 36 9
201093 9 25 2.77778
482 6 6 1
201199 6 6 1
100780 11 11 1
100742 2 4 2
200260 10 19 1.9
200195 7 7 1
200043 20 27 1.35
201169 5 27 5.4
301265 1 1 1
201472 4 16 4
100631 7 7 1
200209 12 13 1.08333
100336 4 4 1
101448 2 13 6.5
101012 6 26 4.33333
201253 11 27 2.45455
301085 11 65 5.90909
201224 6 10 1.66667
201250 8 25 3.125
200455 2 2 1
200389 7 14 2
301512 11 11 1
200333 5 12 2.4
201365 1 1 1
300299 1 1 1
300413 6 20 3.33333
301393 2 6 3
300302 1 1 1
300897 9 9 1
951 11 12 1.09091
535 1 1 1
301009 1 1 1
1327 2 2 1
301190 5 5 1
467 2 4 2
719 7 40 5.71429
300837 4 19 4.75
169 7 14 2
412 4 10 2.5
300322 8 8 1
100083 18 58 3.22222
301113 10 14 1.4
468 1 1 1
113 2 23 11.5
300335 2 2 1
253 9 12 1.33333
1295 13 17 1.30769
302 1 1 1
301319 1 1 1
300662 15 43 2.86667
300266 4 4 1
10 90 105 1.16667
301359 8 28 3.5
358 6 28 4.66667
733 9 20 2.22222
301523 1 1 1
301468 10 14 1.4
300221 3 3 1
300968 10 38 3.8
100823 1 1 1
100534 8 8 1
100681 11 42 3.81818
100551 1 1 1
300138 8 14 1.75
301349 5 5 1
100688 5 24 4.8
300935 9 37 4.11111
1396 11 12 1.09091
300945 9 57 6.33333
405 7 7 1
300880 8 32 4
445 1 1 1
100800 13 39 3
477 6 9 1.5
300073 21 21 1
100540 3 3 1
100006 27 45 1.66667
899 5 16 3.2
182 1 1 1
1332 11 19 1.72727
1151 5 8 1.6
100088 3 17 5.66667
300001 27 30 1.11111
100593 1 1 1
17 1 1 1
100674 10 11 1.1
100027 22 54 2.45455
200986 3 38 12.6667
1122 11 42 3.81818
1176 12 14 1.16667
921 6 13 2.16667
835 1 1 1
200805 4 4 1
101466 2 2 1
100818 11 12 1.09091
100948 1 1 1
100390 5 6 1.2
998 12 36 3
100279 7 8 1.14286
100717 11 38 3.45455
201055 7 16 2.28571
201118 9 12 1.33333
200101 6 7 1.16667
100934 4 4 1
200672 1 1 1
100165 11 31 2.81818
100511 10 34 3.4
100109 5 6 1.2
100026 9 10 1.11111
101341 8 10 1.25
101510 7 7 1
100250 14 14 1
301281 7 13 1.85714
200326 15 74 4.93333
201590 13 31 2.38462
201078 7 56 8
201100 9 12 1.33333
201470 1 1 1
200633 8 13 1.625
100937 4 7 1.75
201398 4 14 3.5
200681 2 3 1.5
201504 9 20 2.22222
200611 2 15 7.5
301273 11 11 1
201461 3 9 3
200938 13 47 3.61538
100990 3 10 3.33333
101086 1 1 1
200256 16 31 1.9375
301329 4 7 1.75
100947 1 1 1
301031 3 3 1
200656 12 18 1.5
300850 5 5 1
301256 14 30 2.14286
788 2 2 1
200051 4 6 1.5
200661 7 10 1.42857
1168 4 5 1.25
300367 1 1 1
399 12 43 3.58333
301237 7 7 1
1389 4 7 1.75
301147 3 3 1
883 4 4 1
301379 7 22 3.14286
301274 1 1 1
827 13 42 3.23077
1449 4 7 1.75
300708 7 17 2.42857
401 14 59 4.21429
560 12 19 1.58333
605 3 3 1
784 5 5 1
100051 9 9 1
300457 2 2 1
1504 1 1 1
443 11 11 1
1209 6 67 11.1667
300661 13 25 1.92308
300967 13 18 1.38462
300448 10 25 2.5
300358 2 2 1
300102 7 10 1.42857
301213 10 10 1
300091 7 7 1
1089 1 1 1
1450 4 8 2
300587 5 13 2.6
300259 12 23 1.91667
100437 4 5 1.25
1246 5 14 2.8
300280 16 24 1.5
715 3 3 1
1281 3 3 1
100664 11 14 1.27273
100842 12 46 3.83333
718 8 18 2.25
100187 8 32 4
200888 1 1 1
175 11 27 2.45455
545 9 13 1.44444
568 6 14 2.33333
300238 11 11 1
865 1 1 1
200932 9 18 2
101155 3 3 1
200168 1 1 1
100205 10 16 1.6
100177 8 20 2.5
200900 2 2 1
100998 4 5 1.25
201275 6 6 1
200865 9 10 1.11111
201271 1 1 1
201499 8 14 1.75
200907 8 48 6
101207 4 4 1
101299 12 51 4.25
200368 12 14 1.16667
100579 8 8 1
200827 5 5 1
100414 6 16 2.66667
100836 11 21 1.90909
200910 11 32 2.90909
201452 7 10 1.42857
100470 4 6 1.5
100565 12 19 1.58333
201490 1 1 1
201148 1 1 1
200046 16 17 1.0625
100854 4 6 1.5
201393 1 1 1
100525 12 12 1
100621 9 10 1.11111
100144 12 57 4.75
100922 10 12 1.2
201553 8 8 1
100867 4 4 1
100776 10 10 1
101375 8 11 1.375
101000 12 16 1.33333
200580 4 4 1
201569 8 8 1
301505 2 6 3
201526 3 15 5
301403 2 28 14
200411 11 12 1.09091
200631 6 13 2.16667
300637 5 19 3.8
300746 11 17 1.54545
200020 10 10 1
200057 8 42 5.25
301464 8 12 1.5
536 9 28 3.11111
810 3 11 3.66667
1015 12 50 4.16667
300079 7 22 3.14286
890 8 18 2.25
301150 2 2 1
648 12 28 2.33333
200179 3 17 5.66667
1085 3 3 1
301202 6 9 1.5
583 3 14 4.66667
218 12 12 1
301518 6 7 1.16667
871 12 16 1.33333
610 13 40 3.07692
66 2 2 1
824 4 5 1.25
1487 9 11 1.22222
591 3 3 1
301524 3 3 1
873 1 1 1
300303 3 6 2
301181 11 25 2.27273
300336 13 36 2.76923
2 13 19 1.46154
300578 2 2 1
539 6 7 1.16667
1114 1 1 1
100768 9 29 3.22222
301415 3 3 1
596 2 2 1
947 3 33 11
450 3 23 7.66667
100728 2 4 2
97 11 61 5.54545
604 1 1 1
100296 14 77 5.5
100760 5 5 1
892 2 2 1
300677 1 1 1
521 3 5 1.66667
200931 11 28 2.54545
1004 9 30 3.33333
101408 6 6 1
408 2 2 1
431 1 1 1
200714 5 9 1.8
929 3 8 2.66667
201441 9 30 3.33333
87 16 28 1.75
100426 1 1 1
201074 1 1 1
101119 1 1 1
100782 12 58 4.83333
101352 1 1 1
76 14 24 1.71429
619 2 4 2
101099 13 28 2.15385
201449 4 6 1.5
201066 6 33 5.5
101102 2 2 1
101511 1 1 1
101333 8 16 2
100332 13 33 2.53846
201519 6 7 1.16667
101380 3 26 8.66667
100136 1 1 1
100389 8 10 1.25
201131 6 8 1.33333
200795 1 1 1
201196 8 48 6
201383 1 1 1
200909 14 78 5.57143
100343 2 5 2.5
200798 1 1 1
101305 1 1 1
101406 9 29 3.22222
201400 7 27 3.85714
301454 9 16 1.77778
301369 9 10 1.11111
300381 13 15 1.15385
301401 9 9 1
300569 8 20 2.5
200015 25 28 1.12
200423 1 1 1
300682 10 20 2
301261 12 14 1.16667
1127 3 3 1
300159 8 20 2.5
300931 7 7 1
301417 6 6 1
300231 3 4 1.33333
300307 4 4 1
911 3 3 1
300934 2 2 1
1360 6 18 3
624 11 16 1.45455
63 5 11 2.2
300403 1 1 1
301284 3 9 3
300688 1 1 1
300030 35 145 4.14286
300372 4 6 1.5
300681 11 22 2
300397 5 17 3.4
300007 12 15 1.25
968 8 17 2.125
300175 7 24 3.42857
140 4 4 1
666 2 2 1
100431 2 2 1
301157 4 8 2
100493 8 13 1.625
300957 12 22 1.83333
301398 9 9 1
301352 1 1 1
301423 3 3 1
28 30 33 1.1
301495 11 16 1.45455
908 2 2 1
300495 9 10 1.11111
646 5 11 2.2
100099 14 58 4.14286
747 10 10 1
633 3 6 2
100539 7 7 1
300796 9 19 2.11111
100735 11 18 1.63636
1446 9 9 1
101440 7 7 1
100252 7 17 2.42857
100451 5 9 1.8
1181 5 5 1
582 1 1 1
926 13 40 3.07692
101383 6 15 2.5
698 3 3 1
201355 10 12 1.2
588 6 6 1
100124 5 8 1.6
201287 8 8 1
100307 12 13 1.08333
100819 13 56 4.30769
200 9 27 3
201343 1 1 1
200274 1 1 1
200204 4 4 1
200728 7 8 1.14286
100401 13 15 1.15385
101135 2 51 25.5
101434 5 15 3
200006 95 146 1.53684
201182 6 7 1.16667
100795 3 7 2.33333
100255 2 4 2
200740 1 1 1
101255 9 19 2.11111
100707 1 1 1
100699 7 7 1
201038 3 3 1
301217 3 3 1
101055 2 2 1
200872 8 8 1
100245 9 9 1
201357 10 18 1.8
201447 1 1 1
100127 6 9 1.5
201602 5 5 1
201092 12 55 4.58333
201163 12 42 3.5
200871 13 19 1.46154
200266 13 13 1
201052 11 11 1
101363 1 1 1
101090 7 49 7
201513 2 5 2.5
200587 2 14 7
101504 5 6 1.2
200197 6 6 1
300992 9 9 1
101371 9 12 1.33333
201218 14 46 3.28571
1321 8 24 3
301073 1 1 1
201554 8 13 1.625
1299 2 4 2
300865 5 26 5.2
301223 1 1 1
1269 11 23 2.09091
1331 1 1 1
301355 1 1 1
300476 4 5 1.25
300135 5 5 1
438 8 8 1
215 1 1 1
300005 191 234 1.22513
798 13 13 1
1141 3 3 1
80 11 11 1
946 9 11 1.22222
959 5 6 1.2
136 1 1 1
1383 5 5 1
802 12 12 1
300149 7 9 1.28571
301032 4 11 2.75
557 1 1 1
837 2 2 1
815 11 29 2.63636
497 12 19 1.58333
1407 4 4 1
494 6 16 2.66667
154 6 9 1.5
100860 2 3 1.5
350 6 18 3
300343 3 3 1
100357 6 21 3.5
791 12 12 1
300512 6 13 2.16667
100848 14 38 2.71429
209 5 10 2
200171 1 1 1
100639 9 15 1.66667
300458 6 6 1
300804 11 17 1.54545
1390 2 2 1
200097 10 33 3.3
1286 1 1 1
686 15 55 3.66667
979 11 31 2.81818
1502 5 7 1.4
300289 6 8 1.33333
100508 8 8 1
820 1 1 1
300227 9 12 1.33333
201178 12 35 2.91667
200957 3 47 15.6667
100652 4 4 1
100598 6 6 1
101221 8 37 4.625
932 8 25 3.125
201018 12 12 1
201021 9 23 2.55556
100351 1 1 1
100869 10 13 1.3
200770 7 13 1.85714
101339 5 5 1
101402 9 12 1.33333
201309 13 53 4.07692
201575 7 10 1.42857
200071 2 2 1
201506 6 21 3.5
100339 5 5 1
101277 12 39 3.25
100771 2 2 1
100645 5 37 7.4
101357 8 11 1.375
100955 6 27 4.5
100423 7 16 2.28571
101336 1 1 1
301252 1 1 1
101128 11 49 4.45455
100958 6 6 1
100501 12 12 1
101387 11 16 1.45455
101081 7 13 1.85714
100149 3 4 1.33333
100237 10 16 1.6
101358 1 1 1
100994 11 79 7.18182
201337 13 31 2.38462
200962 9 49 5.44444
200029 7 11 1.57143
301059 5 6 1.2
300364 6 6 1
100927 9 9 1
300919 11 15 1.36364
101308 8 11 1.375
101332 5 5 1
101132 8 8 1
200288 4 9 2.25
301080 1 1 1
101067 1 1 1
301224 10 24 2.4
200738 1 1 1
101211 11 24 2.18182
200328 3 10 3.33333
200354 13 43 3.30769
200453 4 4 1
300294 5 21 4.2
300997 9 17 1.88889
300751 2 2 1
701 1 1 1
301271 10 13 1.3
300757 12 18 1.5
300130 4 13 3.25
301469 1 1 1
300584 6 8 1.33333
300329 10 21 2.1
301245 2 4 2
301387 2 2 1
942 10 23 2.3
487 4 12 3
292 9 35 3.88889
860 14 16 1.14286
300789 12 39 3.25
300220 16 50 3.125
904 13 46 3.53846
301139 1 1 1
127 14 26 1.85714
301437 8 10 1.25
300247 1 1 1
385 5 5 1
457 3 12 4
1221 11 36 3.27273
695 10 12 1.2
300377 11 20 1.81818
300845 1 1 1
301066 2 38 19
301013 8 9 1.125
100589 4 18 4.5
300903 8 61 7.625
300989 1 1 1
551 7 8 1.14286
300240 7 7 1
425 1 1 1
236 12 15 1.25
231 1 1 1
300096 10 10 1
300235 5 5 1
101538 3 3 1
100257 5 10 2
200861 11 11 1
101224 1 1 1
679 10 10 1
300051 2 2 1
977 10 34 3.4
413 5 5 1
421 3 13 4.33333
894 9 21 2.33333
100481 3 3 1
493 5 13 2.6
266 2 2 1
100324 8 29 3.625
846 12 17 1.41667
201387 6 5 0.833333
440 10 10 1
322 13 52 4
200255 7 27 3.85714
100198 4 6 1.5
558 1 1 1
201282 10 15 1.5
100113 2 2 1
100277 2 4 2
201548 7 18 2.57143
200998 5 18 3.6
100824 7 18 2.57143
100385 4 20 5
201476 9 12 1.33333
100123 12 25 2.08333
200583 10 26 2.6
100308 7 23 3.28571
200835 1 1 1
200518 9 9 1
200710 1 1 1
201485 1 1 1
200294 6 11 1.83333
201425 1 1 1
200196 10 10 1
200916 5 17 3.4
201597 11 11 1
201301 2 3 1.5
100282 11 48 4.36364
301259 13 43 3.30769
200405 10 39 3.9
100173 4 6 1.5
200429 2 2 1
100715 13 16 1.23077
201104 1 1 1
101294 2 8 4
200992 4 11 2.75
200824 11 26 2.36364
101037 11 33 3
101147 2 9 4.5
101307 3 36 12
301175 1 1 1
300917 2 5 2.5
300574 5 21 4.2
300773 7 8 1.14286
201561 4 4 1
300873 8 10 1.25
200224 4 4 1
300985 2 12 6
300284 14 24 1.71429
1470 7 12 1.71429
764 13 18 1.38462
300841 3 29 9.66667
300258 2 2 1
300939 1 1 1
631 7 7 1
1023 11 14 1.27273
300339 6 17 2.83333
1202 1 1 1
300883 7 7 1
599 5 6 1.2
1198 11 14 1.27273
300582 1 1 1
300742 11 39 3.54545
1335 10 19 1.9
300995 11 30 2.72727
500 11 34 3.09091
896 4 12 3
300535 1 1 1
301446 6 6 1
927 3 3 1
781 12 14 1.16667
928 6 11 1.83333
100528 9 10 1.11111
210 2 2 1
960 13 31 2.38462
100462 7 8 1.14286
735 1 1 1
301389 11 15 1.36364
300697 12 15 1.25
816 11 12 1.09091
300585 1 1 1
201094 9 56 6.22222
855 6 6 1
572 5 13 2.6
509 12 58 4.83333
200831 3 8 2.66667
318 13 53 4.07692
201146 1 1 1
201090 2 37 18.5
448 4 4 1
100792 1 1 1
1154 11 20 1.81818
132 11 11 1
100185 11 11 1
201210 10 15 1.5
201589 12 22 1.83333
201140 12 55 4.58333
100545 10 36 3.6
201533 1 1 1
577 11 23 2.09091
101153 4 35 8.75
101503 7 6 0.857143
201128 3 4 1.33333
200759 4 22 5.5
100570 4 42 10.5
101458 6 14 2.33333
200653 5 27 5.4
201160 8 27 3.375
4 160 307 1.91875
200160 1 1 1
100580 7 7 1
100433 2 20 10
201269 5 20 4
200733 2 2 1
201192 6 58 9.66667
200685 10 10 1
200947 2 2 1
100577 6 6 1
201154 1 1 1
100843 1 1 1
101227 6 17 2.83333
100407 4 10 2.5
201027 12 14 1.16667
100221 14 14 1
200814 9 25 2.77778
100616 4 6 1.5
200667 13 43 3.30769
201384 3 3 1
100162 13 51 3.92308
100315 11 13 1.18182
201272 9 14 1.55556
100009 41 51 1.2439
101298 10 10 1
201455 1 1 1
301111 3 22 7.33333
101494 3 4 1.33333
200061 2 2 1
201550 2 3 1.5
201405 1 1 1
301253 4 33 8.25
201288 1 1 1
300407 7 8 1.14286
1371 2 5 2.5
300510 7 10 1.42857
1481 3 3 1
1379 13 38 2.92308
300823 11 11 1
1484 4 4 1
200605 9 10 1.11111
200658 7 9 1.28571
300867 10 19 1.9
1307 5 29 5.8
300013 146 188 1.28767
300529 4 5 1.25
300891 9 9 1
877 10 18 1.8
300276 1 1 1
632 12 27 2.25
300492 12 15 1.25
1419 3 3 1
200162 9 10 1.11111
1440 6 6 1
200103 13 13 1
1025 1 1 1
888 7 9 1.28571
1445 7 9 1.28571
301402 6 15 2.5
300022 35 58 1.65714
115 11 33 3
100594 11 14 1.27273
339 3 3 1
100033 36 91 2.52778
300790 1 1 1
300040 9 35 3.88889
100520 11 20 1.81818
101515 7 7 1
100093 7 43 6.14286
100445 10 10 1
1218 9 29 3.22222
1491 12 30 2.5
300465 8 40 5
1398 1 1 1
1421 6 10 1.66667
100441 3 3 1
891 11 14 1.27273
200127 9 27 3
201183 9 24 2.66667
1106 2 2 1
1277 5 5 1
101199 1 1 1
197 8 26 3.25
1184 10 15 1.5
200929 8 34 4.25
100321 12 12 1
200981 1 1 1
100459 1 1 1
200532 5 6 1.2
100973 11 11 1
200093 4 4 1
200109 2 5 2.5
100424 7 7 1
201604 8 8 1
101117 9 12 1.33333
100274 10 24 2.4
200775 10 29 2.9
200757 1 1 1
201541 2 3 1.5
201279 2 17 8.5
201296 11 11 1
201126 8 14 1.75
101045 11 55 5
101368 7 8 1.14286
200394 12 16 1.33333
101160 13 50 3.84615
100785 10 31 3.1
101303 5 24 4.8
100951 4 7 1.75
200990 3 3 1
101150 9 29 3.22222
101159 6 6 1
200308 13 42 3.23077
200793 12 35 2.91667
201315 3 3 1
300353 7 8 1.14286
101516 6 7 1.16667
101428 11 13 1.18182
301127 2 3 1.5
201483 10 23 2.3
301178 1 1 1
200676 3 16 5.33333
301503 2 2 1
300743 1 1 1
200703 5 11 2.2
301376 3 3 1
301418 1 1 1
200010 12 12 1
300795 1 1 1
200493 11 23 2.09091
301238 5 5 1
200475 8 28 3.5
301033 12 21 1.75
300429 1 1 1
996 2 2 1
845 7 9 1.28571
300489 5 5 1
300990 4 4 1
909 9 26 2.88889
120 1 1 1
300219 13 13 1
300237 14 17 1.21429
543 1 1 1
639 8 11 1.375
192 5 12 2.4
301383 8 13 1.625
305 15 29 1.93333
957 3 19 6.33333
301130 5 54 10.8
275 1 1 1
786 7 12 1.71429
300718 11 11 1
300263 15 38 2.53333
300665 8 13 1.625
200147 13 21 1.61538
300173 2 6 3
100448 11 34 3.09091
656 7 41 5.85714
300785 8 13 1.625
1457 7 7 1
589 6 11 1.83333
100075 15 15 1
300777 12 33 2.75
1499 2 2 1
1393 1 1 1
123 14 22 1.57143
92 4 34 8.5
483 7 19 2.71429
938 6 13 2.16667
201188 11 34 3.09091
200078 11 34 3.09091
300265 2 5 2.5
611 6 15 2.5
100767 9 10 1.11111
271 15 27 1.8
311 9 22 2.44444
100679 12 34 2.83333
100566 7 11 1.57143
100500 5 18 3.6
201138 11 54 4.90909
298 5 5 1
200848 10 10 1
415 12 35 2.91667
200066 3 25 8.33333
301 3 3 1
201072 11 11 1
56 1 1 1
200961 1 1 1
100628 8 23 2.875
201040 5 5 1
38 18 19 1.05556
100548 8 8 1
200383 10 11 1.1
200400 5 7 1.4
101420 5 6 1.2
200513 12 33 2.75
101476 1 1 1
101253 3 3 1
201015 11 26 2.36364
200457 3 8 2.66667
201527 1 1 1
201081 9 17 1.88889
201174 9 9 1
200198 2 16 8
100327 7 18 2.57143
101127 10 10 1
200504 1 1 1
200847 3 6 2
301441 2 7 3.5
200988 4 8 2
200582 2 16 8
200490 6 14 2.33333
200557 12 67 5.58333
300507 1 1 1
301382 10 17 1.7
300275 9 23 2.55556
301438 5 8 1.6
301334 10 19 1.9
301451 6 6 1
200433 4 5 1.25
300863 12 12 1
301141 7 7 1
300163 4 4 1
300781 3 3 1
972 6 11 1.83333
300201 1 1 1
300722 2 2 1
300283 6 7 1.16667
805 5 5 1
301353 7 22 3.14286
301430 11 32 2.90909
763 13 19 1.46154
1003 3 3 1
301014 2 4 2
585 3 3 1
300733 2 3 1.5
301309 11 17 1.54545
300621 1 1 1
300076 4 18 4.5
473 9 13 1.44444
100066 19 29 1.52632
300315 7 7 1
301412 6 6 1
944 2 2 1
301455 9 21 2.33333
100089 9 20 2.22222
300072 10 10 1
1410 7 10 1.42857
863 14 46 3.28571
1437 4 4 1
637 1 1 1
300427 6 6 1
708 12 33 2.75
300224 9 23 2.55556
300216 7 7 1
300596 11 11 1
300418 9 12 1.33333
300525 12 39 3.25
301005 1 1 1
300123 10 29 2.9
100859 6 6 1
300869 1 1 1
100391 5 11 2.2
100549 8 8 1
1162 1 1 1
987 2 2 1
243 5 6 1.2
1197 3 5 1.66667
990 4 35 8.75
627 1 1 1
1050 10 14 1.4
300311 12 12 1
101535 2 2 1
100061 6 20 3.33333
100004 97 149 1.53608
100810 4 4 1
101041 1 1 1
812 3 2 0.666667
100784 1 1 1
100873 10 12 1.2
102 15 17 1.13333
9 12 19 1.58333
100196 9 11 1.22222
101337 13 13 1
100694 13 20 1.53846
201179 5 6 1.2
100362 5 17 3.4
101354 2 8 4
200391 10 11 1.1
101270 7 30 4.28571
101272 13 47 3.61538
101335 8 13 1.625
200789 7 17 2.42857
200292 12 12 1
101382 6 10 1.66667
201361 8 45 5.625
100031 16 37 2.3125
301289 6 12 2
200928 11 19 1.72727
201134 5 40 8
200816 5 5 1
101438 1 1 1
201539 5 6 1.2
300588 2 2 1
301490 7 9 1.28571
300704 4 70 17.5
300375 11 12 1.09091
300499 9 25 2.77778
301448 8 9 1.125
1249 9 9 1
924 9 17 1.88889
300114 3 3 1
300848 1 1 1
1178 11 28 2.54545
300454 1 1 1
300059 23 36 1.56522
1422 9 9 1
732 11 32 2.90909
617 11 19 1.72727
285 4 6 1.5
1069 2 7 3.5
300386 9 13 1.44444
300036 4 4 1
300430 9 9 1
300909 9 21 2.33333
31 32 34 1.0625
300762 6 7 1.16667
200083 3 12 4
300881 11 15 1.36364
160 1 1 1
1086 1 1 1
125 14 45 3.21429
1278 13 32 2.46154
100746 4 9 2.25
301362 8 22 2.75
100456 1 1 1
1303 5 23 4.6
301338 4 6 1.5
917 10 10 1
200099 15 20 1.33333
100713 5 5 1
300223 11 16 1.45455
200076 16 26 1.625
101244 7 7 1
300609 3 3 1
402 6 17 2.83333
300959 8 31 3.875
841 7 23 3.28571
201132 2 5 2.5
300766 1 1 1
37 12 13 1.08333
100671 8 32 4
100398 3 32 10.6667
300174 12 12 1
100311 1 1 1
200896 12 15 1.25
100743 12 17 1.41667
988 11 40 3.63636
200191 8 10 1.25
201009 2 6 3
464 3 3 1
100420 1 1 1
200298 13 49 3.76923
100956 6 73 12.1667
357 6 6 1
101364 5 11 2.2
200271 11 28 2.54545
201385 10 12 1.2
200365 1 1 1
201565 6 7 1.16667
200277 14 54 3.85714
100465 9 9 1
200173 12 12 1
200221 5 15 3
200304 1 1 1
200025 14 25 1.78571
200566 8 31 3.875
201120 10 22 2.2
100852 7 7 1
201096 6 6 1
200285 6 13 2.16667
100846 13 39 3
101532 6 7 1.16667
200399 10 29 2.9
200689 8 10 1.25
201326 3 4 1.33333
101225 5 17 3.4
100300 2 2 1
100288 11 13 1.18182
101343 12 37 3.08333
200905 5 10 2
101328 6 6 1
200299 6 8 1.33333
201534 2 7 3.5
200023 15 24 1.6
201558 2 5 2.5
101373 12 40 3.33333
201215 5 5 1
100318 6 6 1
301513 10 16 1.6
101142 2 2 1
200310 1 1 1
301351 1 1 1
200313 8 18 2.25
301507 8 8 1
301280 1 1 1
301197 3 15 5
200290 4 23 5.75
101313 11 12 1.09091
301508 11 17 1.54545
1404 1 1 1
696 12 11 0.916667
300701 5 18 3.6
1052 6 6 1
1124 10 36 3.6
513 8 12 1.5
300198 7 7 1
301212 6 41 6.83333
300478 1 1 1
1260 3 13 4.33333
300894 7 22 3.14286
1452 6 9 1.5
300132 4 11 2.75
300983 11 29 2.63636
1362 7 15 2.14286
642 11 17 1.54545
301467 1 1 1
300602 1 1 1
301006 10 14 1.4
300371 3 3 1
1368 11 11 1
300025 6 7 1.16667
1033 3 17 5.66667
300668 7 11 1.57143
265 10 19 1.9
300445 6 11 1.83333
301485 5 11 2.2
300847 1 1 1
1174 7 23 3.28571
32 28 46 1.64286
149 11 12 1.09091
290 14 32 2.28571
300301 2 2 1
256 8 16 2
100410 7 16 2.28571
1133 13 15 1.15385
395 3 3 1
300442 3 21 7
60 21 42 2
116 1 1 1
100485 5 5 1
100783 10 10 1
172 1 1 1
201088 3 3 1
200776 11 12 1.09091
200858 15 65 4.33333
101190 9 9 1
100704 4 4 1
46 23 42 1.82609
100966 5 45 9
100291 4 4 1
201208 7 47 6.71429
469 9 27 3
100048 19 29 1.52632
101216 9 49 5.44444
101105 13 16 1.23077
201107 3 5 1.66667
190 6 33 5.5
200386 5 5 1
100687 6 10 1.66667
200995 10 19 1.9
200964 6 20 3.33333
101242 7 44 6.28571
201231 12 28 2.33333
100719 2 2 1
100820 4 5 1.25
100180 2 2 1
100791 4 37 9.25
201347 8 28 3.5
100013 28 53 1.89286
100438 2 2 1
100473 7 8 1.14286
100562 7 27 3.85714
201419 11 36 3.27273
200730 9 9 1
200640 8 8 1
200262 12 38 3.16667
101170 8 9 1.125
200765 10 11 1.1
100405 13 89 6.84615
200491 13 62 4.76923
101454 10 13 1.3
200975 8 14 1.75
201324 5 5 1
200268 13 34 2.61538
100293 10 17 1.7
301292 15 44 2.93333
200884 3 4 1.33333
200806 10 10 1
100939 5 28 5.6
200842 8 11 1.375
200276 12 30 2.5
301215 10 19 1.9
201410 2 13 6.5
200048 3 4 1.33333
200649 5 37 7.4
201556 2 6 3
301493 11 14 1.27273
200530 5 5 1
201516 3 3 1
101310 2 17 8.5
101334 4 22 5.5
201329 7 11 1.57143
300141 4 9 2.25
300400 4 9 2.25
300941 2 2 1
301504 12 13 1.08333
300560 13 33 2.53846
301290 4 9 2.25
300639 4 38 9.5
300417 9 37 4.11111
301520 8 8 1
301240 5 42 8.4
1302 3 3 1
703 1 1 1
300783 1 1 1
300090 12 16 1.33333
974 3 4 1.33333
301471 2 2 1
301121 4 13 3.25
300961 5 6 1.2
1170 4 26 6.5
301296 6 6 1
300243 8 16 2
300698 1 1 1
807 7 20 2.85714
366 13 43 3.30769
1138 5 8 1.6
567 10 33 3.3
1365 4 14 3.5
1414 2 2 1
1254 10 13 1.3
1217 13 28 2.15385
300202 12 12 1
1156 9 16 1.77778
527 12 18 1.5
228 4 6 1.5
647 6 9 1.5
728 12 26 2.16667
676 3 28 9.33333
200065 4 15 3.75
301394 7 16 2.28571
300053 19 74 3.89474
826 1 1 1
100246 4 5 1.25
1427 4 4 1
801 2 2 1
100439 10 12 1.2
101462 8 9 1.125
532 8 14 1.75
100152 3 40 13.3333
100816 2 2 1
1416 5 5 1
100815 5 20 4
200951 1 1 1
27 22 48 2.18182
100733 6 6 1
168 8 16 2
101257 8 8 1
201491 1 1 1
101450 9 17 1.88889
200200 6 6 1
200226 7 12 1.71429
101258 2 53 26.5
101020 1 1 1
100047 10 10 1
201388 11 11 1
201098 4 3 0.75
100145 7 7 1
200561 1 1 1
201317 12 18 1.5
200505 1 1 1
200444 4 5 1.25
101275 4 34 8.5
100492 12 16 1.33333
101027 1 1 1
200372 5 9 1.8
201420 5 5 1
200569 7 20 2.85714
200692 1 1 1
201277 6 6 1
201180 5 19 3.8
101013 8 16 2
100214 5 10 2
100261 9 9 1
201254 4 16 4
100192 7 16 2.28571
101293 4 6 1.5
100678 3 9 3
200359 3 14 4.66667
101285 6 21 3.5
301262 5 19 3.8
200985 13 21 1.61538
201115 7 8 1.14286
101101 10 24 2.4
200923 3 8 2.66667
200336 11 11 1
101271 1 1 1
101311 12 16 1.33333
200609 3 7 2.33333
200264 5 6 1.2
200419 6 7 1.16667
201478 2 2 1
100925 13 30 2.30769
201448 10 12 1.2
300986 10 10 1
300734 13 27 2.07692
300962 2 2 1
300649 1 1 1
1409 8 17 2.125
300603 9 15 1.66667
300424 1 1 1
300749 2 2 1
300853 5 12 2.4
300120 2 2 1
300449 5 6 1.2
300103 9 9 1
148 5 5 1
749 13 13 1
300767 14 14 1
300110 8 27 3.375
301055 11 25 2.27273
300771 2 2 1
100568 8 10 1.25
1517 5 5 1
300460 8 23 2.875
196 2 23 11.5
300737 4 4 1
1293 7 17 2.42857
301128 5 31 6.2
300168 10 11 1.1
200158 12 14 1.16667
1351 5 27 5.4
55 26 95 3.65385
200121 1 1 1
1493 3 4 1.33333
1434 1 1 1
300716 9 9 1
100503 2 2 1
300453 3 3 1
100787 8 27 3.375
300673 11 29 2.63636
300927 8 11 1.375
100756 9 36 4
84 18 20 1.11111
100504 4 17 4.25
930 7 19 2.71429
300817 7 19 2.71429
1204 3 3 1
300191 9 16 1.77778
300501 8 10 1.25
101396 1 1 1
300131 9 14 1.55556
668 1 1 1
1425 7 19 2.71429
300629 10 10 1
300064 4 4 1
100770 2 2 1
753 3 3 1
750 7 30 4.28571
724 2 2 1
300181 5 5 1
531 4 4 1
200183 7 7 1
458 11 33 3
101009 7 20 2.85714
603 10 10 1
101410 3 11 3.66667
201024 7 31 4.42857
65 21 38 1.80952
100897 9 9 1
200914 4 4 1
100172 7 8 1.14286
101418 8 10 1.25
100531 1 1 1
101474 10 26 2.6
101049 2 2 1
200111 5 17 3.4
100316 15 19 1.26667
101424 12 44 3.66667
101200 7 18 2.57143
201194 8 65 8.125
200889 11 12 1.09091
201298 5 23 4.6
101411 8 8 1
100538 5 40 8
101483 2 3 1.5
200750 13 13 1
101074 1 1 1
200769 5 17 3.4
100965 7 7 1
200713 1 1 1
200305 6 15 2.5
200249 16 31 1.9375
100999 4 47 11.75
301241 5 6 1.2
300355 1 1 1
101321 10 11 1.1
1105 10 10 1
200436 6 8 1.33333
301173 4 34 8.5
301082 4 18 4.5
300572 2 4 2
300049 7 8 1.14286
301166 11 35 3.18182
301364 3 7 2.33333
300497 8 8 1
556 2 30 15
1234 1 1 1
692 5 7 1.4
1486 2 2 1
300618 11 13 1.18182
300035 14 14 1
73 3 3 1
300188 5 15 3
200143 10 36 3.6
397 12 11 0.916667
515 2 2 1
301145 7 7 1
300391 7 14 2
301482 8 9 1.125
300310 14 60 4.28571
341 16 65 4.0625
682 14 27 1.92857
300579 11 19 1.72727
300494 1 1 1
301090 7 10 1.42857
300543 10 23 2.3
300067 19 26 1.36842
685 12 14 1.16667
858 7 8 1.14286
300690 5 19 3.8
1018 6 9 1.5
300146 11 11 1
301453 2 5 2.5
1381 11 11 1
300422 1 1 1
301434 9 10 1.11111
300779 5 6 1.2
300207 3 3 1
301410 8 17 2.125
100247 6 6 1
100287 4 7 1.75
301037 8 50 6.25
300062 1 1 1
100830 10 12 1.2
100160 1 1 1
200177 5 6 1.2
100018 17 29 1.70588
1000 8 15 1.875
330 6 15 2.5
200140 1 1 1
985 7 9 1.28571
59 7 29 4.14286
1066 1 1 1
100229 3 3 1
100269 7 40 5.71429
200912 3 7 2.33333
166 12 15 1.25
100510 5 5 1
201426 1 1 1
100838 1 1 1
100383 12 14 1.16667
100053 7 9 1.28571
100077 5 16 3.2
100353 5 9 1.8
101030 9 22 2.44444
201579 3 5 1.66667
100975 3 11 3.66667
201033 13 20 1.53846
101349 2 17 8.5
101091 6 7 1.16667
101230 1 1 1
200001 45 37 0.822222
200545 5 10 2
200449 8 16 2
100280 11 12 1.09091
201209 9 34 3.77778
301122 7 25 3.57143
101016 1 1 1
101104 10 10 1
301360 5 9 1.8
201166 12 32 2.66667
200055 5 20 4
200560 8 67 8.375
200723 9 10 1.11111
200840 2 2 1
301325 6 6 1
200503 9 23 2.55556
201307 4 5 1.25
301045 13 55 4.23077
300764 10 15 1.5
301062 1 1 1
300721 15 44 2.93333
1489 9 11 1.22222
200629 12 12 1
300632 7 7 1
774 4 4 1
736 3 27 9
300113 12 12 1
300054 13 48 3.69231
301326 6 6 1
300081 7 7 1
301303 13 29 2.23077
301433 8 8 1
300956 3 18 6
1195 10 10 1
1021 1 1 1
1355 2 13 6.5
1240 12 23 1.91667
300810 6 7 1.16667
301056 4 27 6.75
1200 3 8 2.66667
725 4 13 3.25
282 1 1 1
227 7 13 1.85714
157 1 1 1
1505 1 1 1
301409 6 6 1
1076 2 2 1
300802 14 19 1.35714
355 11 11 1
300600 13 28 2.15385
300643 2 4 2
100827 7 22 3.14286
144 13 31 2.38462
1123 10 10 1
100676 5 18 3.6
100684 12 26 2.16667
337 14 14 1
1270 4 5 1.25
100272 4 14 3.5
300160 8 15 1.875
100543 8 8 1
100460 4 9 2.25
100683 3 12 4
7 102 146 1.43137
101243 6 40 6.66667
176 11 20 1.81818
100576 5 7 1.4
300099 16 19 1.1875
131 1 1 1
212 9 27 3
300435 3 3 1
300806 3 3 1
200829 1 1 1
101134 6 21 3.5
201407 12 32 2.66667
101214 9 30 3.33333
100178 5 11 2.2
822 6 10 1.66667
200869 8 22 2.75
200979 9 12 1.33333
101455 9 15 1.66667
100863 6 13 2.16667
200917 12 33 2.75
200393 7 25 3.57143
101477 4 4 1
101290 7 19 2.71429
201109 10 15 1.5
100251 13 27 2.07692
200216 4 6 1.5
100685 9 24 2.66667
101379 1 1 1
201380 2 9 4.5
200443 10 40 4
200959 6 19 3.16667
200247 11 13 1.18182
100929 4 6 1.5
201475 9 10 1.11111
100209 4 9 2.25
200572 14 80 5.71429
200679 8 35 4.375
100647 4 4 1
100233 16 67 4.1875
100444 6 15 2.5
201245 2 4 2
200892 8 35 4.375
200402 8 11 1.375
200349 2 5 2.5
100919 5 6 1.2
200397 4 32 8
200812 13 35 2.69231
201372 8 8 1
201318 6 6 1
200657 1 1 1
301268 8 22 2.75
201190 13 14 1.07692
200601 3 20 6.66667
101523 7 7 1
201069 12 23 1.91667
201259 10 17 1.7
101296 8 8 1
301109 3 3 1
301244 6 6 1
200338 9 16 1.77778
101039 10 57 5.7
200673 9 9 1
200202 9 9 1
200282 1 1 1
300433 10 11 1.1
200626 2 27 13.5
1521 4 2 0.5
300858 2 3 1.5
300671 1 1 1
1403 9 18 2
200551 10 32 3.2
1026 5 53 10.6
1513 8 12 1.5
1411 6 16 2.66667
1377 3 8 2.66667
301102 4 4 1
352 1 1 1
301001 9 9 1
579 3 4 1.33333
870 7 11 1.57143
301065 1 1 1
100045 5 6 1.2
1131 2 3 1.5
262 11 45 4.09091
300889 4 9 2.25
300187 11 17 1.54545
300977 9 10 1.11111
301185 13 33 2.53846
510 7 13 1.85714
300892 1 1 1
1161 9 9 1
454 5 16 3.2
301462 7 11 1.57143
314 1 1 1
300251 12 23 1.91667
300981 5 26 5.2
300139 1 1 1
135 8 48 6
575 10 10 1
884 9 25 2.77778
300978 11 11 1
347 8 8 1
301465 10 10 1
1044 2 48 24
1225 10 12 1.2
207 8 9 1.125
1007 7 20 2.85714
1080 10 14 1.4
1511 1 1 1
710 3 3 1
792 5 23 4.6
100591 5 5 1
300455 4 16 4
300598 13 30 2.30769
1172 11 11 1
201046 4 46 11.5
100845 9 17 1.88889
621 5 35 7
101470 4 4 1
374 5 6 1.2
200107 4 4 1
185 12 12 1
100001 681 724 1.06314
100225 4 4 1
100371 11 11 1
201593 4 3 0.75
383 9 18 2
200863 9 9 1
463 1 1 1
201151 2 28 14
101249 12 12 1
200463 4 8 2
100302 1 1 1
101480 4 6 1.5
200977 9 30 3.33333
101331 14 13 0.928571
200993 11 11 1
100826 1 1 1
201341 4 6 1.5
200820 4 8 2
101240 1 1 1
201582 3 10 3.33333
100849 1 1 1
100809 10 41 4.1
200836 7 10 1.42857
101234 8 18 2.25
200876 1 1 1
101274 10 24 2.4
201124 2 2 1
100812 1 1 1
201294 5 7 1.4
200970 7 21 3
100697 13 23 1.76923
201087 9 16 1.77778
200408 7 17 2.42857
101367 5 6 1.2
101446 5 23 4.6
200302 3 5 1.66667
301210 2 3 1.5
201607 1 1 1
201235 6 49 8.16667
200192 3 4 1.33333
301333 10 35 3.5
201576 3 8 2.66667
200307 1 1 1
201408 1 1 1
301346 8 21 2.625
200316 6 6 1
301019 8 70 8.75
301461 1 1 1
201216 9 14 1.55556
301501 12 17 1.41667
300111 11 30 2.72727
902 4 74 18.5
200039 21 29 1.38095
300244 2 5 2.5
971 8 38 4.75
301478 8 17 2.125
1475 5 7 1.4
300057 1 1 1
263 12 19 1.58333
301356 12 12 1
300521 11 17 1.54545
303 13 13 1
301525 9 9 1
301155 5 9 1.8
1300 1 1 1
301264 6 27 4.5
1006 6 7 1.16667
669 4 21 5.25
75 8 48 6
300018 44 61 1.38636
300483 4 4 1
1094 7 7 1
1394 7 11 1.57143
300038 9 9 1
1252 3 3 1
460 6 27 4.5
162 10 28 2.8
300513 4 23 5.75
893 6 6 1
200145 1 1 1
101219 6 6 1
101188 6 17 2.83333
300745 13 18 1.38462
1233 9 18 2
100458 4 20 5
369 9 29 3.22222
1273 11 43 3.90909
1497 13 18 1.38462
481 6 8 1.33333
843 6 61 10.1667
100036 30 89 2.96667
200944 13 16 1.23077
340 7 7 1
201195 3 4 1.33333
100129 3 17 5.66667
200210 9 10 1.11111
134 4 13 3.25
309 13 68 5.23077
101197 1 1 1
381 15 16 1.06667
200194 1 1 1
201489 11 11 1
200414 8 8 1
100042 9 13 1.44444
100993 10 11 1.1
200887 1 1 1
201226 13 51 3.92308
100901 5 5 1
201412 1 1 1
200607 9 9 1
200279 13 15 1.15385
100467 12 61 5.08333
200335 7 21 3
100657 13 21 1.61538
200467 9 26 2.88889
100496 10 11 1.1
200687 11 16 1.45455
100153 1 1 1
201122 4 4 1
200610 10 12 1.2
200287 9 10 1.11111
200623 7 25 3.57143
101306 13 16 1.23077
100734 5 51 10.2
200860 14 23 1.64286
200894 2 2 1
201525 14 38 2.71429
201110 3 4 1.33333
300404 12 74 6.16667
201249 13 16 1.23077
101021 1 1 1
200898 3 3 1
300925 3 45 15
300840 10 10 1
201233 14 51 3.64286
1352 13 34 2.61538
300753 8 8 1
200617 8 9 1.125
200034 9 11 1.22222
300893 11 34 3.09091
300798 11 34 3.09091
300505 2 3 1.5
1441 8 19 2.375
301138 9 14 1.55556
1189 7 39 5.57143
300559 8 18 2.25
1406 10 10 1
300861 12 12 1
1483 7 8 1.14286
300953 1 1 1
659 1 1 1
524 2 24 12
112 1 1 1
301158 2 2 1
1438 5 13 2.6
300166 7 14 2
300660 7 13 1.85714
1134 7 7 1
184 3 6 2
300101 4 4 1
300657 11 19 1.72727
879 7 36 5.14286
915 1 1 1
240 9 9 1
300389 6 6 1
966 4 16 4
300610 3 3 1
200155 12 30 2.5
370 4 11 2.75
727 4 10 2.5
317 6 6 1
301169 10 21 2.1
592 8 10 1.25
742 3 3 1
300729 12 32 2.66667
100766 12 27 2.25
100802 4 4 1
300082 17 33 1.94118
1349 1 1 1
300667 13 46 3.53846
100081 13 13 1
300707 11 33 3
200137 9 43 4.77778
1469 11 24 2.18182
414 8 25 3.125
720 5 25 5
45 20 39 1.95
300027 37 55 1.48649
100117 3 12 4
542 8 17 2.125
267 13 13 1
975 6 6 1
200818 1 1 1
300194 6 9 1.5
1128 2 4 2
100206 11 26 2.36364
517 7 7 1
101518 2 2 1
201071 12 19 1.58333
101427 7 16 2.28571
641 4 16 4
555 12 40 3.33333
101007 9 19 2.11111
779 2 2 1
101032 7 7 1
100478 5 5 1
529 13 60 4.61538
100963 1 1 1
200853 3 47 15.6667
200119 9 10 1.11111
143 6 11 1.83333
200984 12 12 1
101107 4 28 7
200878 3 3 1
201256 5 10 2
101464 2 6 3
200421 3 4 1.33333
201065 1 1 1
101399 10 10 1
101025 11 16 1.45455
201348 10 30 3
200613 1 1 1
100475 8 9 1.125
201095 4 4 1
101449 5 5 1
101035 11 11 1
100135 9 43 4.77778
301230 2 13 6.5
200780 3 3 1
201225 12 24 2
301426 9 11 1.22222
200604 1 1 1
1357 7 22 3.14286
300519 4 4 1
200651 5 5 1
201376 2 2 1
200536 5 16 3.2
200654 1 1 1
200519 5 5 1
200377 5 12 2.4
301022 5 29 5.8
301374 12 13 1.08333
300761 8 8 1
200425 1 1 1
1289 4 10 2.5
300204 3 6 2
138 13 23 1.76923
1348 2 8 4
35 38 104 2.73684
11 66 65 0.984848
300419 3 3 1
1038 11 68 6.18182
179 5 5 1
301214 13 40 3.07692
300969 9 16 1.77778
300544 1 1 1
300446 2 2 1
300308 11 42 3.81818
552 6 6 1
200081 8 20 2.5
300577 13 33 2.53846
300269 8 15 1.875
300541 2 21 10.5
449 1 1 1
301511 9 10 1.11111
200153 11 40 3.63636
1148 1 1 1
499 1 1 1
1413 10 19 1.9
1214 12 38 3.16667
100106 10 40 4
363 2 8 4
1177 4 17 4.25
216 4 22 5.5
100828 6 23 3.83333
300156 11 11 1
101417 9 17 1.88889
300421 8 11 1.375
100348 4 6 1.5
1040 2 3 1.5
151 9 16 1.77778
5 48 51 1.0625
201123 11 61 5.54545
100408 3 3 1
300039 11 16 1.45455
100361 1 1 1
200864 8 27 3.375
100727 8 12 1.5
91 24 51 2.125
201334 11 27 2.45455
101005 9 39 4.33333
201059 1 1 1
101095 4 5 1.25
101392 7 7 1
100328 12 12 1
200517 1 1 1
201373 5 5 1
200698 9 45 5
100142 4 5 1.25
100284 16 27 1.6875
200637 1 1 1
100759 8 12 1.5
200019 28 57 2.03571
201432 7 13 1.85714
100831 6 28 4.66667
101121 7 18 2.57143
200549 11 14 1.27273
200711 12 36 3
200563 1 1 1
201577 9 14 1.55556
200208 5 5 1
100977 11 16 1.45455
200446 6 6 1
101265 7 23 3.28571
301266 9 31 3.44444
200786 4 4 1
100702 12 32 2.66667
101232 1 1 1
200589 3 3 1
101077 6 26 4.33333
101089 1 1 1
100128 12 54 4.5
200670 9 34 3.77778
100331 8 8 1
100991 6 35 5.83333
100642 1 1 1
200515 13 26 2
200598 2 3 1.5
301086 4 23 5.75
101287 6 22 3.66667
101262 7 27 3.85714
200533 8 8 1
301320 11 20 1.81818
200477 8 14 1.75
300687 10 10 1
200315 7 16 2.28571
200321 11 24 2.18182
301117 3 13 4.33333
300615 11 25 2.27273
301250 13 51 3.92308
526 8 8 1
461 1 1 1
606 12 44 3.66667
200037 8 39 4.875
300624 3 3 1
301143 12 24 2
301447 4 7 1.75
300905 8 42 5.25
1081 1 1 1
1009 10 20 2
1120 12 43 3.58333
1210 3 3 1
300024 9 12 1.33333
301337 1 1 1
300196 10 16 1.6
756 7 9 1.28571
33 10 14 1.4
587 8 8 1
1498 2 2 1
200104 7 22 3.14286
300043 1 1 1
100064 14 32 2.28571
1 182 210 1.15385
1111 4 14 3.5
225 2 2 1
301318 8 17 2.125
446 7 12 1.71429
300142 7 14 2
502 12 22 1.83333
433 4 17 4.25
300884 2 2 1
300563 3 22 7.33333
300607 11 11 1
1519 8 7 0.875
301328 10 11 1.1
100482 5 19 3.8
1121 9 13 1.44444
1062 5 5 1
100248 9 14 1.55556
1495 2 2 1
1429 6 13 2.16667
268 4 15 3.75
300333 4 7 1.75
300527 3 29 9.66667
100796 6 7 1.16667
324 7 21 3
300675 14 29 2.07143
100073 1 1 1
663 3 12 4
109 6 17 2.83333
300230 4 4 1
1206 12 19 1.58333
762 12 17 1.41667
1203 3 4 1.33333
100778 13 18 1.38462
201158 10 16 1.6
200131 2 2 1
201006 10 20 2
201037 13 14 1.07692
100415 1 1 1
200785 12 15 1.25
163 4 20 5
201574 3 9 3
139 9 38 4.22222
201062 1 1 1
235 2 2 1
100195 13 28 2.15385
204 1 1 1
100604 1 1 1
89 14 24 1.71429
100422 6 13 2.16667
201149 4 4 1
200325 13 14 1.07692
200749 9 12 1.33333
201314 2 2 1
200300 5 5 1
100174 1 1 1
200602 7 7 1
200228 4 6 1.5
201528 3 13 4.33333
200306 6 23 3.83333
101498 10 11 1.1
100789 13 14 1.07692
100267 12 12 1
101531 2 2 1
200645 7 7 1
200571 10 25 2.5
100982 4 8 2
101003 8 10 1.25
200891 6 10 1.66667
101390 9 17 1.88889
200791 5 5 1
200431 7 12 1.71429
201521 9 13 1.44444
201113 11 11 1
101023 3 58 19.3333
201076 2 7 3.5
201440 15 93 6.2
301039 10 17 1.7
301257 9 9 1
200363 7 25 3.57143
201605 10 12 1.2
301243 4 34 8.5
300100 8 8 1
301092 4 24 6
300975 8 12 1.5
300922 5 5 1
300136 7 9 1.28571
300215 1 1 1
300009 51 70 1.37255
300723 11 44 4
1107 5 9 1.8
1374 9 29 3.22222
200438 2 2 1
1146 14 31 2.21429
1237 11 33 3
300613 2 2 1
649 6 8 1.33333
672 4 4 1
787 9 9 1
1229 1 1 1
1191 11 35 3.18182
219 3 12 4
301216 13 24 1.84615
301363 3 14 4.66667
68 13 22 1.69231
1029 6 6 1
100079 7 14 2
1317 8 17 2.125
1175 1 1 1
247 7 11 1.57143
565 12 24 2
300105 1 1 1
300715 4 8 2
200167 5 25 5
301348 5 17 3.4
1247 10 17 1.7
300128 9 15 1.66667
343 14 15 1.07143
301193 6 6 1
300325 11 15 1.36364
202 2 18 9
300249 5 10 2
273 12 48 4
300272 8 28 3.5
100059 18 27 1.5
645 13 33 2.53846
345 1 1 1
301196 10 17 1.7
301370 13 37 2.84615
300825 5 11 2.2
1376 1 1 1
100597 1 1 1
300126 1 1 1
1201 9 31 3.44444
40 1 1 1
100428 13 55 4.23077
201171 9 12 1.33333
101246 7 24 3.42857
200139 8 22 2.75
1002 11 11 1
200718 9 13 1.44444
77 23 37 1.6087
200997 12 13 1.08333
100821 1 1 1
100532 2 54 27
100120 1 1 1
201048 9 9 1
100813 7 11 1.57143
100985 7 11 1.57143
201429 9 9 1
410 3 3 1
201608 6 6 1
100698 9 44 4.88889
100164 1 1 1
466 8 9 1.125
100952 10 23 2.3
200936 11 14 1.27273
201515 3 4 1.33333
101342 9 25 2.77778
201320 1 1 1
180 11 40 3.63636
201175 10 10 1
201437 10 35 3.5
200880 9 35 3.88889
100050 14 57 4.07143
100866 10 14 1.4
201446 1 1 1
101082 3 13 4.33333
100312 1 1 1
200720 12 51 4.25
201035 11 11 1
201601 3 3 1
200870 1 1 1
100156 15 78 5.2
101010 6 16 2.66667
200867 4 46 11.5
101202 1 1 1
201350 4 14 3.5
101362 1 1 1
201538 7 7 1
200238 10 10 1
200939 7 15 2.14286
200318 1 1 1
201013 2 2 1
201252 2 3 1.5
200460 9 12 1.33333
101162 12 50 4.16667
100874 2 2 1
201085 1 1 1
201462 5 24 4.8
100962 12 12 1
201286 1 1 1
200987 5 5 1
101467 3 9 3
200252 16 17 1.0625
300595 4 16 4
200332 15 78 5.2
300896 6 18 3
100997 8 46 5.75
201270 1 1 1
300437 1 1 1
200643 2 3 1.5
300106 15 81 5.4
1159 12 13 1.08333
1192 7 9 1.28571
1112 7 25 3.57143
1072 3 6 2
945 9 20 2.22222
300213 12 12 1
1047 9 12 1.33333
1256 13 27 2.07692
300368 4 6 1.5
301248 8 44 5.5
534 12 19 1.58333
301519 11 11 1
570 10 25 2.5
200114 10 26 2.6
664 7 8 1.14286
300252 15 30 2
300684 4 7 1.75
301182 12 12 1
480 9 11 1.22222
105 16 16 1
301341 13 40 3.07692
277 10 44 4.4
159 7 43 6.14286
1163 9 38 4.22222
1447 6 12 2
1259 7 7 1
1220 1 1 1
300506 2 4 2
634 11 11 1
1370 8 21 2.625
300119 6 20 3.33333
1185 11 11 1
382 6 17 2.83333
300050 15 32 2.13333
1182 6 8 1.33333
300849 12 32 2.66667
101217 7 7 1
200169 6 29 4.83333
1238 4 49 12.25
1330 10 15 1.5
100686 12 20 1.66667
250 15 52 3.46667
1343 5 24 4.8
200965 12 14 1.16667
300129 5 6 1.2
100181 2 4 2
377 8 26 3.25
101413 8 8 1
200766 3 10 3.33333
286 12 12 1
201453 2 10 5
224 10 10 1
200729 8 28 3.5
201241 10 10 1
100644 3 3 1
327 2 2 1
201456 10 26 2.6
200234 6 15 2.5
200154 5 8 1.6
200706 7 7 1
200323 7 7 1
200199 5 9 1.8
201261 13 54 4.15385
100203 5 40 8
200412 5 5 1
200525 8 17 2.125
200520 1 1 1
100858 3 3 1
200448 8 9 1.125
101268 11 29 2.63636
101001 5 15 3
101520 11 11 1
101519 8 7 0.875
100691 9 9 1
101239 1 1 1
100931 6 6 1
101004 11 12 1.09091
100665 10 42 4.2
200694 3 3 1
100392 6 11 1.83333
200725 13 35 2.69231
200803 2 2 1
100194 1 1 1
201543 10 16 1.6
100329 16 18 1.125
200852 11 12 1.09091
200700 11 47 4.27273
201020 9 19 2.11111
200415 5 5 1
200270 5 5 1
200422 12 18 1.5
200227 2 25 12.5
101154 2 3 1.5
301516 8 8 1
301222 8 18 2.25
101063 1 1 1
301063 2 29 14.5
200484 8 9 1.125
300724 13 27 2.07692
301101 3 5 1.66667
200535 11 11 1
301470 1 1 1
300652 10 10 1
301312 7 24 3.42857
301275 15 27 1.8
300351 12 28 2.33333
300950 7 29 4.14286
300480 6 12 2
1157 1 1 1
300075 17 17 1
301164 12 12 1
300485 4 4 1
498 2 8 4
650 8 8 1
301452 8 10 1.25
19 4 6 1.5
300994 1 1 1
547 12 24 2
300534 3 3 1
1433 12 25 2.08333
301342 12 27 2.25
300491 8 9 1.125
200149 15 40 2.66667
300127 5 7 1.4
1508 1 1 1
300616 1 1 1
691 1 1 1
301067 12 34 2.83333
931 11 15 1.36364
300300 8 8 1
300818 13 14 1.07692
752 8 38 4.75
300693 10 49 4.9
300899 3 5 1.66667
1115 5 31 6.2
300549 4 5 1.25
300516 9 9 1
301118 13 41 3.15385
100575 11 34 3.09091
1490 3 3 1
1118 10 14 1.4
300047 5 16 3.2
200124 13 22 1.69231
100084 9 18 2
300901 12 12 1
100450 8 22 2.75
1053 9 23 2.55556
100379 1 1 1
952 3 3 1
300913 1 1 1
300954 1 1 1
100455 13 65 5
970 4 9 2.25
200067 12 18 1.5
100200 12 29 2.41667
1008 12 19 1.58333
300498 11 51 4.63636
96 14 46 3.28571
393 9 10 1.11111
100557 1 1 1
101500 5 5 1
328 13 17 1.30769
100893 5 26 5.2
101526 6 9 1.5
623 6 40 6.66667
100472 7 7 1
100234 9 9 1
200189 2 18 9
201153 11 25 2.27273
200345 5 12 2.4
100603 3 3 1
200732 6 26 4.33333
201244 3 38 12.6667
100706 11 11 1
201248 2 2 1
100910 3 12 4
101052 5 5 1
100513 6 6 1
100555 12 33 2.75
101423 10 28 2.8
200963 15 42 2.8
200800 2 2 1
100240 10 27 2.7
201444 14 23 1.64286
201422 1 1 1
201135 11 47 4.27273
100851 3 73 24.3333
200838 6 11 1.83333
200948 5 6 1.2
101033 4 29 7.25
201428 10 12 1.2
200206 5 5 1
200942 6 9 1.5
100909 2 19 9.5
201220 1 1 1
301509 8 10 1.25
301228 1 1 1
201465 2 2 1
200739 9 31 3.44444
200715 14 36 2.57143
201262 11 42 3.81818
200772 11 21 1.90909
300747 6 6 1
1472 10 15 1.5
1514 12 23 1.91667
201363 13 31 2.38462
300387 11 24 2.18182
300379 5 8 1.6
200577 9 18 2
301300 1 1 1
300503 9 9 1
300477 6 14 2.33333
301297 11 24 2.18182
1477 3 13 4.33333
301246 6 9 1.5
300066 23 64 2.78261
301047 11 14 1.27273
300282 7 13 1.85714
301098 8 53 6.625
1248 12 37 3.08333
300711 10 10 1
432 9 9 1
300147 7 14 2
300679 4 41 10.25
1292 6 6 1
300115 10 40 4
731 1 1 1
300154 8 8 1
300297 3 30 10
580 3 3 1
1266 11 16 1.45455
300567 8 9 1.125
252 1 1 1
667 5 24 4.8
300594 4 18 4.5
300628 7 20 2.85714
300929 9 27 3
300415 9 47 5.22222
790 10 10 1
1463 1 1 1
208 1 1 1
300441 5 36 7.2
301494 10 13 1.3
1164 11 61 5.54545
100526 2 34 17
1187 3 14 4.66667
300471 8 43 5.375
232 9 16 1.77778
71 21 52 2.47619
300830 13 52 4
301498 6 6 1
823 1 1 1
519 8 16 2
101220 12 19 1.58333
201105 4 74 18.5
300638 12 19 1.58333
100623 2 2 1
100663 1 1 1
100175 12 30 2.5
201143 6 13 2.16667
100519 6 11 1.83333
201501 7 19 2.71429
100208 4 17 4.25
769 13 25 1.92308
101093 10 10 1
200839 2 4 2
100125 13 38 2.92308
101499 3 3 1
201 9 9 1
100546 7 12 1.71429
201581 1 1 1
100432 12 13 1.08333
188 1 1 1
201423 4 6 1.5
200911 7 53 7.57143
100981 1 1 1
201352 12 15 1.25
101485 2 5 2.5
200753 3 7 2.33333
101046 1 1 1
101076 6 7 1.16667
200543 7 17 2.42857
100488 5 6 1.2
101229 3 3 1
201368 7 20 2.85714
100883 7 29 4.14286
201086 4 23 5.75
200920 7 11 1.57143
100283 5 10 2
201370 4 4 1
200696 12 35 2.91667
200508 9 34 3.77778
100654 4 20 5
201152 13 57 4.38462
200360 1 1 1
201414 6 18 3
100436 11 15 1.36364
200746 11 24 2.18182
200267 11 19 1.72727
100270 13 13 1
100155 4 4 1
100217 16 37 2.3125
101512 1 1 1
100932 7 15 2.14286
200489 12 12 1
100917 10 41 4.1
100879 12 18 1.5
201401 14 21 1.5
201345 6 38 6.33333
301081 10 9 0.9
200862 12 24 2
301171 2 4 2
101085 5 5 1
200353 4 11 2.75
300406 7 36 5.14286
200638 10 28 2.8
200662 13 32 2.46154
200472 5 6 1.2
200625 2 2 1
201281 4 31 7.75
300571 10 17 1.7
101347 11 16 1.45455
300656 11 11 1
301042 4 21 5.25
100974 8 8 1
200244 9 30 3.33333
300547 10 10 1
1139 8 40 5
200568 3 5 1.66667
1037 6 13 2.16667
300338 9 9 1
1079 12 16 1.33333
300522 6 19 3.16667
301077 7 33 4.71429
200063 6 16 2.66667
300044 10 10 1
300581 1 1 1
1024 1 1 1
301366 10 18 1.8
335 2 2 1
300768 1 1 1
301473 13 28 2.15385
1245 9 12 1.33333
200069 9 13 1.44444
300537 5 5 1
934 3 69 23
200175 10 20 2
114 11 47 4.27273
1101 4 43 10.75
364 7 8 1.14286
1063 2 2 1
301091 4 20 5
338 5 6 1.2
100032 14 40 2.85714
300786 13 32 2.46154
100412 1 1 1
100602 12 26 2.16667
687 1 1 1
100468 5 11 2.2
573 11 11 1
1375 5 5 1
100774 3 4 1.33333
100480 3 17 5.66667
183 11 30 2.72727
100186 10 10 1
79 15 17 1.13333
100675 2 2 1
1060 8 8 1
200116 6 24 4
100041 4 9 2.25
1057 10 46 4.6
100276 4 6 1.5
39 28 82 2.92857
100571 6 7 1.16667
100661 3 3 1
101468 6 13 2.16667
200142 3 4 1.33333
200105 13 14 1.07692
100132 6 7 1.16667
200070 21 56 2.66667
201198 4 44 11
200756 7 19 2.71429
200734 10 10 1
201378 8 8 1
201537 2 3 1.5
101235 1 1 1
200495 1 1 1
200790 11 22 2
200161 2 3 1.5
99 5 5 1
200575 10 46 4.6
100730 7 7 1
100100 10 36 3.6
100262 5 16 3.2
200461 10 11 1.1
100614 4 7 1.75
201399 1 1 1
200982 1 1 1
100222 6 6 1
101479 10 10 1
200744 15 32 2.13333
100738 9 10 1.11111
100806 1 1 1
100244 12 12 1
101431 6 22 3.66667
200330 2 7 3.5
200223 14 69 4.92857
100346 2 2 1
200218 1 1 1
100355 15 63 4.2
200783 9 16 1.77778
301221 9 11 1.22222
201591 3 3 1
201609 2 2 1
200052 4 5 1.25
100627 3 11 3.66667
301269 1 1 1
200049 7 30 4.28571
201258 10 43 4.3
201338 5 21 4.2
200500 12 12 1
100168 7 26 3.71429
101205 10 30 3
201497 8 18 2.25
101496 1 1 1
100359 5 5 1
201266 13 13 1
200054 14 23 1.64286
100535 1 1 1
101493 1 1 1
200003 286 327 1.14336
101490 2 2 1
200762 3 3 1
101486 7 8 1.14286
101437 5 7 1.4
301311 1 1 1
200027 1 1 1
101208 6 6 1
200451 7 13 1.85714
101508 14 29 2.07143
200259 7 25 3.57143
200558 6 6 1
200329 4 9 2.25
200699 6 26 4.33333
201019 4 4 1
101318 7 20 2.85714
301479 8 9 1.125
300877 5 4 0.8
300965 4 31 7.75
201230 3 3 1
201310 2 27 13.5
101177 2 2 1
300069 13 14 1.07692
201238 14 14 1
301458 5 5 1
301186 1 1 1
300548 9 9 1
857 3 4 1.33333
300644 2 2 1
1372 7 22 3.14286
346 7 15 2.14286
300831 13 41 3.15385
889 4 51 12.75
301476 5 7 1.4
301132 1 1 1
200090 7 19 2.71429
953 7 9 1.28571
301112 10 10 1
429 13 65 5
1242 7 18 2.57143
165 5 8 1.6
300648 11 14 1.27273
301457 8 8 1
1325 5 6 1.2
301377 9 23 2.55556
300179 10 12 1.2
101193 11 40 3.63636
1013 4 4 1
1147 5 5 1
53 21 29 1.38095
326 12 44 3.66667
278 8 8 1
1153 1 1 1
301030 5 56 11.2
201025 2 3 1.5
834 3 3 1
1150 2 3 1.5
866 5 7 1.4
559 10 12 1.2
1099 1 1 1
576 10 10 1
200851 3 6 2
759 6 32 5.33333
100425 9 20 2.22222
100495 1 1 1
713 11 13 1.18182
848 9 26 2.88889
101201 14 27 1.92857
201054 8 8 1
201205 8 10 1.25
83 2 5 2.5
100366 13 13 1
201029 3 3 1
101536 1 1 1
101506 8 8 1
100374 14 49 3.5
200395 4 5 1.25
201586 3 3 1
101340 6 12 2
100711 12 14 1.16667
200675 11 15 1.36364
201016 6 6 1
101223 10 25 2.5
100507 3 3 1
100323 7 29 4.14286
100864 3 7 2.33333
100936 4 5 1.25
200534 12 40 3.33333
101297 6 20 3.33333
200843 1 1 1
100889 10 29 2.9
100397 2 2 1
200754 9 18 2
101057 4 16 4
201002 7 15 2.14286
201457 3 11 3.66667
200908 2 6 3
201061 11 41 3.72727
100220 5 5 1
301174 5 16 3.2
200708 12 43 3.58333
301105 10 10 1
200230 9 9 1
200760 7 18 2.57143
301200 6 6 1
200742 2 2 1
200553 12 23 1.91667
200390 12 20 1.66667
301330 3 4 1.33333
301405 3 3 1
300712 5 30 6
201509 7 12 1.71429
300528 7 7 1
1263 12 25 2.08333
301425 3 4 1.33333
300557 8 8 1
301514 7 10 1.42857
1323 7 22 3.14286
300086 1 1 1
301517 7 9 1.28571
301003 2 2 1
300821 1 1 1
442 1 1 1
795 3 10 3.33333
200112 8 13 1.625
300868 3 7 2.33333
300608 9 37 4.11111
301137 13 13 1
100608 4 23 5.75
741 5 5 1
886 9 42 4.66667
300538 2 4 2
435 10 16 1.6
300627 2 2 1
255 12 12 1
200182 5 5 1
200883 1 1 1
608 10 11 1.1
200980 4 41 10.25
100416 4 4 1
100204 1 1 1
248 1 1 1
100151 14 32 2.28571
100464 11 12 1.09091
396 1 1 1
201450 14 46 3.28571
111 5 11 2.2
100239 10 12 1.2
100850 5 9 1.8
100942 7 7 1
281 14 44 3.14286
187 10 10 1
100035 10 10 1
200164 8 8 1
156 12 12 1
101251 9 11 1.22222
101110 11 11 1
100959 1 1 1
101184 11 13 1.18182
201360 13 27 2.07692
100908 1 1 1
200507 12 11 0.916667
101447 3 9 3
200634 7 8 1.14286
101158 7 7 1
200374 3 4 1.33333
101374 8 28 3.5
100096 6 10 1.66667
101517 1 1 1
200470 4 10 2.5
100689 9 12 1.33333
100158 5 7 1.4
301272 10 13 1.3
201242 4 4 1
300401 2 28 14
101136 10 51 5.1
200376 7 15 2.14286
200410 10 14 1.4
100944 7 34 4.85714
201523 1 1 1
301205 10 21 2.1
100949 5 16 3.2
201354 12 33 2.75
300631 4 5 1.25
300898 5 33 6.6
1231 9 9 1
1095 2 6 3
1361 8 8 1
300910 12 15 1.25
1119 5 20 4
300647 7 10 1.42857
833 8 42 5.25
300663 5 35 7
296 3 9 3
1358 11 37 3.36364
814 4 4 1
301339 3 16 5.33333
671 13 45 3.46154
200072 15 17 1.13333
1065 8 21 2.625
300807 1 1 1
1075 10 14 1.4
300028 33 85 2.57576
300641 8 21 2.625
1116 7 12 1.71429
1402 1 1 1
404 2 3 1.5
300002 331 332 1.00302
981 1 1 1
101385 7 16 2.28571
100618 7 45 6.42857
813 2 2 1
300155 1 1 1
101475 7 9 1.28571
920 7 7 1
690 1 1 1
100902 7 7 1
371 1 1 1
101118 10 57 5.7
100490 2 2 1
360 12 45 3.75
755 3 3 1
200075 17 18 1.05882
100725 2 2 1
101524 1 1 1
200826 8 43 5.375
427 7 8 1.14286
101145 3 3 1
238 2 4 2
100907 8 8 1
201431 1 1 1
101356 1 1 1
100025 32 51 1.59375
200855 7 13 1.85714
101161 7 8 1.14286
201213 7 47 6.71429
101051 4 10 2.5
200954 13 40 3.07692
200934 10 12 1.2
101164 4 14 3.5
200991 15 21 1.4
101189 14 13 0.928571
101471 5 15 3
101400 8 21 2.625
201530 7 15 2.14286
200632 3 3 1
101439 9 13 1.44444
100268 7 7 1
301232 5 34 6.8
201333 10 19 1.9
201005 2 63 31.5
101213 13 42 3.23077
200035 11 11 1
100989 10 21 2.1
301286 1 1 1
201487 12 47 3.91667
201599 2 2 1
101325 3 3 1
101167 7 22 3.14286
201468 13 89 6.84615
301140 12 17 1.41667
301219 1 1 1
200481 12 47 3.91667
200366 10 36 3.6
301096 3 44 14.6667
201549 8 15 1.875
301135 5 30 6
1432 5 10 2
301481 1 1 1
200464 5 9 1.8
301040 11 12 1.09091
300385 5 10 2
912 6 26 4.33333
300589 3 14 4.66667
967 5 5 1
300309 1 1 1
301052 5 5 1
301149 10 24 2.4
300078 1 1 1
301029 11 12 1.09091
194 2 3 1.5
378 1 1 1
107 3 48 16
301026 1 1 1
301236 2 24 12
662 8 23 2.875
300152 9 55 6.11111
251 7 26 3.71429
301204 2 2 1
301124 7 31 4.42857
1272 4 18 4.5
300659 12 24 2
436 4 9 2.25
100607 8 10 1.25
995 8 15 1.875
213 12 29 2.41667
301126 9 9 1
939 12 22 1.83333
1397 1 1 1
100368 14 70 5
300650 3 3 1
100219 11 27 2.45455
100394 9 9 1
100226 6 9 1.5
100007 68 74 1.08824
100402 1 1 1
301016 10 46 4.6
300828 2 4 2
100114 7 7 1
300827 9 9 1
821 8 19 2.375
174 8 37 4.625
100170 2 12 6
299 4 18 4.5
101187 12 19 1.58333
223 13 16 1.23077
152 1 1 1
201435 3 37 12.3333
101443 1 1 1
200774 13 22 1.69231
201274 8 42 5.25
100900 1 1 1
100011 61 113 1.85246
100387 13 13 1
100637 8 15 1.875
201498 5 5 1
201043 6 9 1.5
200906 1 1 1
100790 12 17 1.41667
201511 8 14 1.75
101065 5 40 8
200736 1 1 1
200788 13 15 1.15385
100794 4 33 8.25
100150 2 2 1
100301 11 31 2.81818
200664 1 1 1
101113 12 17 1.41667
200592 8 32 4
201439 8 10 1.25
101126 3 4 1.33333
100020 25 53 2.12
200272 6 15 2.5
201505 4 29 7.25
100340 3 7 2.33333
100337 9 33 3.66667
200459 8 22 2.75
200539 3 3 1
301306 11 32 2.90909
201459 9 35 3.88889
200033 24 27 1.125
300971 6 40 6.66667
300993 8 18 2.25
201082 8 13 1.625
200811 3 4 1.33333
300566 10 13 1.3
300568 2 2 1
300949 6 26 4.33333
200385 1 1 1
300158 7 14 2
300814 14 26 1.85714
1301 13 25 1.92308
1341 10 35 3.5
300726 4 69 17.25
200686 4 4 1
200445 13 47 3.61538
300991 3 3 1
1318 14 23 1.64286
1169 12 15 1.25
300279 15 46 3.06667
300474 2 2 1
566 9 23 2.55556
1048 10 15 1.5
1144 13 46 3.53846
1313 14 19 1.35714
300719 4 7 1.75
1084 1 1 1
785 4 8 2
301436 10 13 1.3
300666 8 31 3.875
1213 12 13 1.08333
100085 11 12 1.09091
1492 9 18 2
1034 3 4 1.33333
200151 3 18 6
660 1 1 1
301422 1 1 1
881 8 32 4
100461 1 1 1
100037 1 1 1
100411 3 4 1.33333
300988 2 3 1.5
1282 1 1 1
554 2 6 3
993 9 10 1.11111
300555 5 10 2
100600 8 18 2.25
594 10 23 2.3
100130 5 6 1.2
1454 3 6 2
1501 9 13 1.44444
201145 13 23 1.76923
300533 8 10 1.25
100224 10 46 4.6
300290 8 8 1
101441 1 1 1
332 8 22 2.75
1055 7 7 1
200956 3 3 1
100772 1 1 1
600 4 7 1.75
300124 13 24 1.84615
654 10 15 1.5
100347 14 31 2.21429
100029 10 18 1.8
101122 13 45 3.46154
191 7 35 5
100350 7 22 3.14286
201532 7 12 1.71429
100586 6 13 2.16667
101338 12 22 1.83333
549 5 13 2.6
101029 10 26 2.6
100363 6 12 2
200866 8 43 5.375
100890 6 6 1
100304 12 35 2.91667
100978 1 1 1
241 9 9 1
100014 59 59 1
100095 10 45 4.5
101172 8 12 1.5
200456 2 2 1
100090 2 9 4.5
101533 7 7 1
200007 75 72 0.96
100260 1 1 1
200741 1 1 1
201584 2 7 3.5
301258 8 10 1.25
100344 11 11 1
100558 3 20 6.66667
100452 7 31 4.42857
100625 6 6 1
100211 12 23 1.91667
200362 11 28 2.54545
201545 5 10 2
100242 12 40 3.33333
200797 6 7 1.16667
200833 5 5 1
100926 7 31 4.42857
200437 8 8 1
201330 7 8 1.14286
101079 13 52 4
100904 10 10 1
200950 11 19 1.72727
201056 12 42 3.5
300399 9 13 1.44444
101047 11 20 1.81818
301373 2 3 1.5
101370 10 10 1
200225 2 6 3
200016 1 1 1
300412 6 12 2
201260 9 21 2.33333
301291 12 13 1.08333
200550 7 16 2.28571
301152 4 4 1
300866 12 24 2
1346 9 21 2.33333
300758 4 4 1
300287 12 23 1.91667
301071 12 13 1.08333
1460 9 9 1
1071 5 5 1
1108 7 46 6.57143
300184 3 10 3.33333
300440 6 12 2
300349 12 24 2
300393 3 4 1.33333
300373 9 9 1
300326 5 20 4
1087 9 9 1
126 9 19 2.11111
301075 1 1 1
1083 2 2 1
1011 1 1 1
1096 3 7 2.33333
359 10 11 1.1
300664 11 11 1
300359 9 9 1
200077 12 15 1.25
1305 8 9 1.125
301011 11 12 1.09091
300384 13 15 1.15385
300695 5 5 1
3 96 96 1
1308 1 1 1
301012 4 30 7.5
200170 6 6 1
1143 10 11 1.1
300797 9 12 1.33333
906 7 7 1
451 10 11 1.1
300313 7 28 4
280 14 82 5.85714
200098 14 16 1.14286
300740 10 11 1.1
200126 10 10 1
300316 13 14 1.07692
201116 3 7 2.33333
767 9 9 1
300151 1 1 1
300085 16 26 1.625
1320 11 19 1.72727
104 13 21 1.61538
925 7 7 1
201172 5 5 1
100290 1 1 1
697 1 1 1
100871 2 48 24
101061 1 1 1
200726 13 30 2.30769
201503 2 7 3.5
101120 2 49 24.5
100068 4 6 1.5
400 2 2 1
201346 5 6 1.2
100122 1 1 1
94 2 4 2
100065 15 21 1.4
100184 12 38 3.16667
200286 14 39 2.78571
101301 1 1 1
201481 9 9 1
100309 3 5 1.66667
201181 5 24 4.8
100606 6 7 1.16667
100404 10 23 2.3
201200 4 4 1
100254 1 1 1
200941 1 1 1
100516 12 27 2.25
101116 1 1 1
100561 1 1 1
101054 1 1 1
301218 5 5 1
100502 2 2 1
100585 11 27 2.45455
201023 3 45 15
100856 11 11 1
100921 6 42 7
200510 5 7 1.4
100430 7 11 1.57143
100319 9 13 1.44444
100236 1 1 1
200945 8 21 2.625
200215 1 1 1
101036 10 13 1.3
200314 13 40 3.07692
301142 1 1 1
101008 7 7 1
301400 3 3 1
200201 12 13 1.08333
200254 6 6 1
200427 7 7 1
200334 2 2 1
200021 23 23 1
300658 8 8 1
301002 6 31 5.16667
301302 7 20 2.85714
200614 8 8 1
301386 3 11 3.66667
300699 4 62 15.5
806 5 11 2.2
1022 2 2 1
300770 2 2 1
301114 9 56 6.22222
1239 5 20 4
300370 5 6 1.2
300793 9 12 1.33333
300468 4 6 1.5
674 11 22 2
300116 11 18 1.63636
300885 8 13 1.625
300736 1 1 1
14 105 102 0.971429
386 6 7 1.16667
300902 11 11 1
300833 5 63 12.6
300376 9 9 1
612 6 6 1
300331 11 21 1.90909
349 7 14 2
294 5 49 9.8
100582 3 3 1
1265 4 5 1.25
424 12 23 1.91667
1228 5 5 1
300098 1 1 1
300635 9 16 1.77778
300475 1 1 1
24 45 55 1.22222
1104 1 1 1
508 7 14 2
173 9 13 1.44444
300234 1 1 1
201177 10 27 2.7
898 10 10 1
422 1 1 1
1223 8 16 2
100837 9 9 1
300462 1 1 1
100708 6 18 3
323 2 2 1
417 6 15 2.5
100352 2 2 1
244 7 33 4.71429
288 8 24 3
200999 4 7 1.75
100046 13 14 1.07692
200969 6 34 5.66667
200186 12 48 4
200890 3 11 3.66667
201518 3 3 1
100954 11 11 1
100781 14 14 1
201484 2 14 7
100878 11 30 2.72727
201563 6 10 1.66667
200544 10 26 2.6
101131 2 2 1
100326 13 25 1.92308
200487 4 4 1
101059 2 50 25
200480 9 28 3.11111
100786 6 24 4
301288 1 1 1
100799 8 37 4.625
100115 4 10 2.5
201451 12 12 1
101156 1 1 1
200722 14 27 1.92857
201603 11 11 1
101181 11 45 4.09091
200418 7 22 3.14286
201454 8 17 2.125
201570 1 1 1
201477 6 10 1.66667
201517 10 27 2.7
200060 16 16 1
200499 4 4 1
200468 10 12 1.2
200381 2 9 4.5
201417 9 14 1.55556
201404 10 20 2
200918 1 1 1
300944 12 14 1.16667
200777 8 9 1.125
101210 11 11 1
300573 1 1 1
300872 3 18 6
201555 11 14 1.27273
200041 13 14 1.07692
301407 1 1 1
200303 3 3 1
301336 1 1 1
876 8 8 1
430 10 21 2.1
301235 4 32 8
300550 4 5 1.25
1258 3 3 1
300980 12 12 1
300912 5 34 6.8
300728 6 15 2.5
301282 1 1 1
407 8 8 1
729 1 1 1
300836 13 28 2.15385
272 2 3 1.5
301129 12 17 1.41667
1251 12 14 1.16667
200085 8 14 1.75
300321 2 4 2
780 9 11 1.22222
300592 2 2 1
100588 1 1 1
101245 10 32 3.2
423 2 12 6
300686 10 29 2.9
734 1 1 1
1337 2 2 1
100754 4 11 2.75
300696 1 1 1
300217 10 10 1
300987 12 52 4.33333
100484 1 1 1
119 15 15 1
300623 7 7 1
300765 3 3 1
100259 12 42 3.5
849 11 25 2.27273
300552 4 4 1
300097 12 18 1.5
101195 7 17 2.42857
300345 10 10 1
100440 3 8 2.66667
300254 6 15 2.5
100086 3 17 5.66667
773 2 2 1
300261 10 36 3.6
1155 1 1 1
308 9 25 2.77778
300020 14 46 3.28571
200185 4 19 4.75
783 14 25 1.78571
200955 2 10 5
100650 9 10 1.11111
101072 12 14 1.16667
100530 13 37 2.84615
300170 15 56 3.73333
201141 1 1 1
700 6 9 1.5
760 2 3 1.5
101345 4 22 5.5
101473 6 9 1.5
100295 8 9 1.125
688 1 1 1
101444 6 11 1.83333
100972 6 6 1
200108 1 1 1
101269 5 10 2
100183 2 2 1
200278 15 58 3.86667
100232 5 8 1.6
100928 5 5 1
200243 10 29 2.9
201155 7 29 4.14286
100885 12 24 2
201278 1 1 1
200678 1 1 1
100918 7 7 1
200032 7 9 1.28571
101174 9 9 1
201290 6 14 2.33333
101281 7 24 3.42857
301263 6 6 1
200808 5 5 1
201535 8 19 2.375
200952 7 7 1
201168 9 27 3
100672 12 14 1.16667
100529 11 64 5.81818
101522 10 12 1.2
100358 11 11 1
201162 8 9 1.125
301242 6 16 2.66667
201304 1 1 1
101146 6 6 1
301279 7 31 4.42857
101463 4 13 3.25
201482 6 6 1
101018 10 27 2.7
200702 9 12 1.33333
300530 5 6 1.2
201467 9 14 1.55556
201436 6 6 1
101259 2 2 1
300112 4 4 1
301239 1 1 1
300509 10 33 3.3
300984 5 7 1.4
200474 12 61 5.08333
300411 11 11 1
922 6 9 1.5
300619 6 8 1.33333
1333 12 13 1.08333
1212 1 1 1
300714 12 17 1.41667
300930 11 28 2.54545
301154 10 29 2.9
300756 9 9 1
301106 9 46 5.11111
514 11 13 1.18182
300189 10 13 1.3
797 13 33 2.53846
283 9 14 1.55556
1309 12 42 3.5
316 5 5 1
999 4 4 1
300176 2 12 6
200146 7 9 1.28571
301199 7 7 1
300402 1 1 1
300601 3 7 2.33333
301168 7 44 6.28571
1326 14 45 3.21429
300426 2 4 2
200176 4 5 1.25
301332 12 12 1
200128 7 13 1.85714
300784 12 13 1.08333
100721 7 8 1.14286
300720 2 6 3
300805 2 2 1
100228 4 12 3
200133 9 9 1
1219 5 12 2.4
301027 1 1 1
100400 12 56 4.66667
101198 12 23 1.91667
270 7 16 2.28571
1466 4 9 2.25
100202 9 9 1
100322 1 1 1
297 7 7 1
100857 9 12 1.33333
101502 3 3 1
300 7 15 2.14286
201102 4 15 3.75
100266 14 51 3.64286
100275 6 12 2
100386 13 13 1
258 14 17 1.21429
200375 13 19 1.46154
200275 4 15 3.75
200528 6 6 1
200219 1 1 1
100216 4 4 1
101389 9 12 1.33333
200573 10 36 3.6
201207 8 52 6.5
201375 12 31 2.58333
100487 1 1 1
100933 12 19 1.58333
201297 2 26 13
101329 4 31 7.75
200619 1 1 1
200927 7 8 1.14286
100736 15 49 3.26667
200293 2 3 1.5
100419 1 1 1
201080 12 12 1
100714 2 2 1
100505 7 9 1.28571
101416 1 1 1
200650 11 26 2.36364
201186 9 42 4.66667
100008 59 72 1.22034
100892 8 11 1.375
100630 10 10 1
201358 7 14 2
101527 6 6 1
301177 2 5 2.5
200830 1 1 1
301414 2 9 4.5
200537 8 24 3
200628 5 5 1
200556 2 2 1
200647 12 43 3.58333
300288 3 3 1
1250 4 23 5.75
300564 2 31 15.5
301207 11 19 1.72727
201283 9 11 1.22222
301160 6 6 1
200523 13 55 4.23077
301165 7 15 2.14286
200044 10 36 3.6
301392 2 30 15
300951 4 7 1.75
300328 11 11 1
997 13 14 1.07692
300864 3 8 2.66667
941 3 5 1.66667
200684 5 21 4.2
301184 9 9 1
850 12 15 1.25
300006 151 179 1.18543
584 9 17 1.88889
300590 4 9 2.25
683 9 43 4.77778
511 3 7 2.33333
301015 11 15 1.36364
885 3 42 14
1418 8 8 1
472 8 11 1.375
829 1 1 1
301413 10 31 3.1
193 4 5 1.25
354 2 13 6.5
306 7 7 1
300943 3 7 2.33333
300317 1 1 1
301435 6 6 1
147 13 13 1
301163 6 9 1.5
43 12 24 2
12 40 53 1.325
254 1 1 1
1232 8 12 1.5
211 12 12 1
300500 1 1 1
842 8 8 1
301068 1 1 1
301043 5 17 3.4
300334 7 13 1.85714
301108 1 1 1
1088 11 39 3.54545
100074 1 1 1
770 12 34 2.83333
301420 6 6 1
122 8 9 1.125
100071 4 4 1
986 9 9 1
403 4 10 2.5
1340 13 13 1
29 31 71 2.29032
100367 7 7 1
1280 3 21 7
914 10 10 1
100726 4 29 7.25
100745 5 5 1
100491 7 23 3.28571
1276 13 22 1.69231
200779 13 30 2.30769
15 52 82 1.57692
201587 1 1 1
200849 10 13 1.3
100763 12 23 1.91667
200092 5 67 13.4
201531 6 11 1.83333
201164 11 30 2.72727
100466 4 15 3.75
200246 13 13 1
101241 1 1 1
101069 10 13 1.3
200562 12 18 1.5
201583 2 2 1
101182 12 13 1.08333
101206 6 23 3.83333
101457 10 14 1.4
200877 5 36 7.2
100578 11 22 2
101528 7 12 1.71429
101231 11 12 1.09091
100395 6 6 1
200972 1 1 1
100574 6 6 1
100372 3 4 1.33333
200005 74 106 1.43243
100110 14 24 1.71429
200514 12 19 1.58333
201012 1 1 1
200597 4 4 1
100030 15 20 1.33333
100381 11 37 3.36364
200792 10 35 3.5
200752 10 34 3.4
200564 3 4 1.33333
200346 14 52 3.71429
200648 9 9 1
200059 9 9 1
201007 7 8 1.14286
101215 7 48 6.85714
201403 11 25 2.27273
101087 8 8 1
201522 1 1 1
301450 4 7 1.75
101280 10 16 1.6
1290 12 14 1.16667
1298 13 46 3.53846
1509 4 12 3
1344 11 20 1.81818
301270 1 1 1
300890 2 4 2
300356 12 27 2.25
950 10 38 3.8
1430 5 5 1
300732 4 4 1
1167 5 6 1.2
301308 4 9 2.25
158 13 13 1
372 6 14 2.33333
300363 9 9 1
301060 1 1 1
300583 9 14 1.55556
300801 1 1 1
1385 11 21 1.90909
1283 4 19 4.75
200181 11 13 1.18182
956 8 18 2.25
1436 5 17 3.4
100056 2 2 1
200178 7 20 2.85714
738 4 11 2.75
300604 7 26 3.71429
300706 8 26 3.25
523 8 8 1
723 4 10 2.5
300093 2 2 1
300855 2 2 1
301484 8 8 1
300966 1 1 1
300846 14 49 3.5
100777 7 7 1
100148 3 4 1.33333
150 6 16 2.66667
597 2 13 6.5
1136 2 2 1
301050 6 9 1.5
300854 14 50 3.57143
840 9 10 1.11111
257 2 2 1
100342 9 31 3.44444
949 11 25 2.27273
680 4 4 1
100370 1 1 1
100212 13 17 1.30769
300144 11 11 1
528 2 9 4.5
100325 2 6 3
16 70 76 1.08571
100024 11 32 2.90909
765 5 5 1
200118 9 21 2.33333
100043 19 55 2.89474
101291 10 10 1
200115 11 15 1.36364
618 4 4 1
100278 4 9 2.25
200724 3 25 8.33333
101106 10 10 1
200874 13 25 1.92308
200823 13 13 1
101398 6 7 1.16667
129 3 3 1
201493 1 1 1
100264 14 61 4.35714
201351 4 32 8
200100 14 23 1.64286
101058 8 8 1
200488 9 17 1.88889
100364 8 13 1.625
200382 6 6 1
201295 8 8 1
200641 1 1 1
101088 8 43 5.375
100134 2 4 2
201117 10 12 1.2
200813 4 4 1
200856 10 15 1.5
101084 10 46 4.6
200666 1 1 1
101509 1 1 1
100801 6 31 5.16667
100876 7 11 1.57143
101115 12 17 1.41667
200237 4 23 5.75
101445 5 9 1.8
200047 9 16 1.77778
201130 5 7 1.4
100314 3 19 6.33333
101319 5 33 6.6
201189 5 5 1
201167 2 2 1
200578 6 6 1
100022 7 9 1.28571
100968 1 1 1
101097 1 1 1
201379 12 14 1.16667
300365 10 29 2.9
300633 7 12 1.71429
200677 5 5 1
201323 12 33 2.75
300636 6 36 6
201396 3 17 5.66667
100946 4 11 2.75
200524 1 1 1
300226 2 8 4
300832 8 8 1
201228 12 14 1.16667
1322 5 10 2
300570 12 28 2.33333
200364 1 1 1
300058 20 53 2.65
301208 13 17 1.30769
1100 7 7 1
300976 3 11 3.66667
300782 6 47 7.83333
300341 11 16 1.45455
1093 10 10 1
300134 11 11 1
300787 4 11 2.75
301189 7 8 1.14286
300447 9 35 3.88889
537 5 5 1
300908 3 15 5
200080 16 69 4.3125
811 10 27 2.7
300270 5 7 1.4
300438 3 3 1
980 3 17 5.66667
300031 16 16 1
636 1 1 1
955 3 3 1
300023 11 22 2
300597 9 9 1
961 1 1 1
1458 7 7 1
264 6 8 1.33333
300791 13 47 3.61538
300958 4 11 2.75
301020 10 16 1.6
300342 13 43 3.30769
1353 7 14 2
100238 13 13 1
475 3 3 1
186 3 3 1
452 7 12 1.71429
478 9 12 1.33333
1400 3 3 1
300348 2 13 6.5
300232 1 1 1
201058 10 12 1.2
100552 10 28 2.8
465 6 21 3.5
42 1 1 1
420 14 16 1.14286
334 11 35 3.18182
101365 5 5 1
200747 12 12 1
200716 13 24 1.84615
8 90 104 1.15556
101289 2 2 1
100427 5 20 4
100541 7 14 2
101315 12 23 1.91667
101353 9 13 1.44444
100499 3 15 5
100171 1 1 1
101169 1 1 1
201067 5 8 1.6
100191 4 6 1.5
100881 12 30 2.5
200401 8 8 1
100231 13 13 1
100176 14 52 3.71429
100333 13 13 1
200709 7 26 3.71429
200409 9 13 1.44444
101254 8 12 1.5
100289 6 18 3
201255 11 21 1.90909
200719 6 6 1
101149 4 23 5.75
201500 12 31 2.58333
200639 3 5 1.66667
100182 6 37 6.16667
201232 8 36 4.5
201547 1 1 1
200311 11 11 1
200030 8 16 2
200542 7 14 2
300360 2 2 1
300918 11 17 1.54545
201292 8 22 2.75
300915 7 13 1.85714
200357 5 14 2.8
301148 11 11 1
301260 7 25 3.57143
200630 11 29 2.63636
300839 6 16 2.66667
1464 2 2 1
200018 15 15 1
300293 1 1 1
300414 1 1 1
200659 10 12 1.2
869 3 3 1
1268 5 5 1
300012 98 156 1.59184
853 5 16 3.2
300298 1 1 1
1068 4 27 6.75
301427 11 16 1.45455
300472 1 1 1
300620 8 43 5.375
300809 11 32 2.90909
22 26 49 1.88462
26 20 21 1.05
217 9 22 2.44444
329 12 22 1.83333
353 7 7 1
476 4 11 2.75
607 1 1 1
1227 6 26 4.33333
1262 7 24 3.42857
100002 535 553 1.03364
200012 20 42 2.1
300003 348 436 1.25287
300010 57 85 1.49123
300108 12 23 1.91667
