0.000240
0.000244
0.000244
0.000244
0.000244
0.000244
0.000244
0.000244
0.000244
0.000244
0.000244
0.000244
0.000244
0.000244
0.000244
0.000259
0.000275
0.000290
0.000305
0.000305
0.000305
0.000305
0.000366
0.000366
0.000366
0.000366
0.000366
0.000366
0.000366
0.000366
0.000366
0.000370
0.000397
0.000412
0.000427
0.000427
0.000427
0.000427
0.000427
0.000427
0.000427
0.000427
0.000427
0.000427
0.000427
0.000427
0.000427
0.000427
0.000458
0.000488
0.000488
0.000488
0.000488
0.000488
0.000488
0.000488
0.000488
0.000488
0.000488
0.000488
0.000488
0.000488
0.000488
0.000488
0.000488
0.000488
0.000488
0.000488
0.000488
0.000488
0.000488
0.000488
0.000488
0.000488
0.000488
0.000488
0.000488
0.000488
0.000488
0.000488
0.000488
0.000488
0.000488
0.000488
0.000488
0.000488
0.000488
0.000488
0.000488
0.000488
0.000488
0.000488
0.000488
0.000488
0.000488
0.000488
0.000488
0.000488
0.000488
0.000488
0.000488
0.000488
0.000488
0.000488
0.000488
0.000488
0.000488
0.000488
0.000488
0.000488
0.000488
0.000488
0.000488
0.000488
0.000488
0.000488
0.000488
0.000488
0.000488
0.000488
0.000488
0.000488
0.000488
0.000488
0.000488
0.000488
0.000488
0.000488
0.000488
0.000488
0.000488
0.000488
0.000488
0.000488
0.000488
0.000488
0.000488
0.000488
0.000488
0.000488
0.000488
0.000488
0.000488
0.000488
0.000488
0.000488
0.000488
0.000488
0.000488
0.000488
0.000488
0.000488
0.000488
0.000488
0.000488
0.000488
0.000488
0.000488
0.000488
0.000488
0.000488
0.000488
0.000488
0.000488
0.000488
0.000488
0.000488
0.000488
0.000488
0.000488
0.000488
0.000488
0.000488
0.000488
0.000488
0.000509
0.000511
0.000519
0.000519
0.000519
0.000519
0.000524
0.000534
0.000542
0.000546
0.000549
0.000549
0.000549
0.000549
0.000549
0.000549
0.000549
0.000549
0.000549
0.000549
0.000549
0.000549
0.000549
0.000549
0.000549
0.000565
0.000572
0.000572
0.000580
0.000580
0.000580
0.000580
0.000595
0.000595
0.000595
0.000610
0.000610
0.000610
0.000610
0.000610
0.000610
0.000610
0.000610
0.000610
0.000610
0.000610
0.000610
0.000610
0.000610
0.000610
0.000610
0.000610
0.000610
0.000610
0.000610
0.000610
0.000610
0.000610
0.000610
0.000610
0.000610
0.000610
0.000610
0.000610
0.000610
0.000610
0.000610
0.000610
0.000610
0.000610
0.000610
0.000610
0.000610
0.000610
0.000610
0.000610
0.000610
0.000610
0.000610
0.000610
0.000610
0.000610
0.000610
0.000610
0.000610
0.000610
0.000610
0.000610
0.000610
0.000610
0.000610
0.000610
0.000610
0.000610
0.000610
0.000610
0.000610
0.000610
0.000610
0.000610
0.000610
0.000610
0.000610
0.000610
0.000610
0.000610
0.000610
0.000610
0.000610
0.000610
0.000610
0.000610
0.000610
0.000610
0.000610
0.000610
0.000610
0.000610
0.000610
0.000610
0.000610
0.000610
0.000610
0.000610
0.000610
0.000610
0.000610
0.000610
0.000610
0.000610
0.000610
0.000610
0.000610
0.000610
0.000610
0.000626
0.000641
0.000641
0.000641
0.000641
0.000641
0.000671
0.000671
0.000671
0.000671
0.000671
0.000671
0.000671
0.000671
0.000671
0.000671
0.000671
0.000671
0.000671
0.000671
0.000671
0.000672
0.000683
0.000687
0.000687
0.000687
0.000694
0.000694
0.000695
0.000702
0.000706
0.000717
0.000717
0.000717
0.000717
0.000717
0.000717
0.000717
0.000717
0.000717
0.000729
0.000732
0.000732
0.000732
0.000732
0.000732
0.000732
0.000732
0.000732
0.000732
0.000732
0.000732
0.000732
0.000732
0.000732
0.000732
0.000732
0.000732
0.000732
0.000732
0.000732
0.000732
0.000732
0.000732
0.000732
0.000732
0.000732
0.000732
0.000732
0.000732
0.000732
0.000732
0.000732
0.000732
0.000732
0.000732
0.000732
0.000732
0.000732
0.000732
0.000732
0.000732
0.000732
0.000732
0.000732
0.000732
0.000732
0.000732
0.000732
0.000732
0.000732
0.000732
0.000732
0.000732
0.000732
0.000732
0.000732
0.000732
0.000732
0.000732
0.000732
0.000732
0.000732
0.000732
0.000732
0.000732
0.000732
0.000732
0.000732
0.000732
0.000732
0.000732
0.000732
0.000732
0.000732
0.000732
0.000732
0.000732
0.000732
0.000732
0.000732
0.000732
0.000732
0.000732
0.000732
0.000732
0.000732
0.000732
0.000732
0.000732
0.000732
0.000732
0.000732
0.000732
0.000732
0.000732
0.000732
0.000732
0.000732
0.000732
0.000732
0.000732
0.000732
0.000732
0.000732
0.000732
0.000732
0.000732
0.000732
0.000732
0.000732
0.000732
0.000732
0.000732
0.000732
0.000732
0.000732
0.000732
0.000732
0.000732
0.000732
0.000732
0.000732
0.000732
0.000732
0.000732
0.000732
0.000732
0.000732
0.000732
0.000732
0.000732
0.000732
0.000732
0.000732
0.000732
0.000732
0.000732
0.000732
0.000732
0.000732
0.000732
0.000732
0.000732
0.000732
0.000732
0.000732
0.000732
0.000732
0.000732
0.000732
0.000732
0.000732
0.000732
0.000732
0.000732
0.000732
0.000732
0.000732
0.000732
0.000732
0.000732
0.000732
0.000732
0.000732
0.000732
0.000732
0.000732
0.000732
0.000732
0.000732
0.000732
0.000732
0.000732
0.000732
0.000732
0.000732
0.000732
0.000732
0.000732
0.000732
0.000732
0.000732
0.000732
0.000732
0.000732
0.000732
0.000732
0.000732
0.000732
0.000732
0.000732
0.000732
0.000732
0.000732
0.000732
0.000732
0.000732
0.000732
0.000732
0.000732
0.000732
0.000732
0.000732
0.000732
0.000732
0.000732
0.000732
0.000732
0.000732
0.000732
0.000732
0.000732
0.000732
0.000732
0.000732
0.000732
0.000732
0.000732
0.000732
0.000732
0.000732
0.000732
0.000732
0.000732
0.000732
0.000732
0.000732
0.000732
0.000732
0.000732
0.000732
0.000732
0.000732
0.000732
0.000732
0.000732
0.000732
0.000732
0.000732
0.000732
0.000732
0.000732
0.000732
0.000732
0.000732
0.000732
0.000732
0.000732
0.000732
0.000732
0.000732
0.000732
0.000732
0.000732
0.000732
0.000732
0.000732
0.000732
0.000732
0.000732
0.000732
0.000732
0.000732
0.000732
0.000732
0.000732
0.000732
0.000732
0.000732
0.000732
0.000732
0.000732
0.000732
0.000732
0.000732
0.000732
0.000732
0.000732
0.000732
0.000732
0.000732
0.000732
0.000732
0.000732
0.000732
0.000732
0.000732
0.000732
0.000732
0.000732
0.000732
0.000732
0.000732
0.000732
0.000732
0.000732
0.000732
0.000732
0.000732
0.000732
0.000732
0.000732
0.000732
0.000732
0.000732
0.000732
0.000732
0.000732
0.000732
0.000732
0.000732
0.000732
0.000732
0.000732
0.000732
0.000732
0.000732
0.000732
0.000732
0.000732
0.000732
0.000732
0.000732
0.000732
0.000732
0.000732
0.000732
0.000732
0.000732
0.000732
0.000732
0.000732
0.000732
0.000732
0.000732
0.000732
0.000732
0.000732
0.000732
0.000732
0.000732
0.000732
0.000732
0.000732
0.000732
0.000732
0.000732
0.000732
0.000732
0.000732
0.000732
0.000732
0.000732
0.000732
0.000732
0.000732
0.000732
0.000732
0.000732
0.000732
0.000732
0.000732
0.000732
0.000732
0.000732
0.000732
0.000732
0.000732
0.000732
0.000732
0.000732
0.000732
0.000732
0.000732
0.000732
0.000732
0.000732
0.000732
0.000732
0.000732
0.000732
0.000732
0.000732
0.000732
0.000732
0.000732
0.000732
0.000732
0.000732
0.000732
0.000732
0.000732
0.000732
0.000732
0.000732
0.000732
0.000732
0.000732
0.000732
0.000732
0.000732
0.000732
0.000732
0.000732
0.000732
0.000732
0.000732
0.000732
0.000732
0.000732
0.000732
0.000732
0.000732
0.000732
0.000732
0.000732
0.000732
0.000732
0.000732
0.000732
0.000732
0.000732
0.000732
0.000732
0.000732
0.000732
0.000732
0.000732
0.000732
0.000732
0.000732
0.000732
0.000732
0.000732
0.000732
0.000732
0.000732
0.000732
0.000732
0.000732
0.000732
0.000732
0.000732
0.000732
0.000732
0.000740
0.000748
0.000748
0.000763
0.000763
0.000763
0.000763
0.000763
0.000763
0.000763
0.000763
0.000763
0.000763
0.000763
0.000763
0.000778
0.000793
0.000793
0.000793
0.000793
0.000793
0.000793
0.000793
0.000793
0.000793
0.000793
0.000793
0.000793
0.000793
0.000793
0.000793
0.000793
0.000793
0.000793
0.000793
0.000793
0.000793
0.000793
0.000793
0.000793
0.000793
0.000793
0.000793
0.000793
0.000793
0.000793
0.000793
0.000809
0.000820
0.000824
0.000824
0.000824
0.000824
0.000824
0.000825
0.000831
0.000832
0.000835
0.000839
0.000839
0.000843
0.000843
0.000847
0.000847
0.000854
0.000854
0.000854
0.000854
0.000854
0.000854
0.000854
0.000854
0.000854
0.000854
0.000854
0.000854
0.000854
0.000854
0.000854
0.000854
0.000854
0.000854
0.000854
0.000854
0.000854
0.000854
0.000854
0.000854
0.000854
0.000854
0.000854
0.000854
0.000854
0.000854
0.000854
0.000854
0.000854
0.000854
0.000854
0.000854
0.000854
0.000854
0.000854
0.000854
0.000854
0.000854
0.000854
0.000854
0.000854
0.000854
0.000854
0.000854
0.000854
0.000854
0.000854
0.000854
0.000854
0.000854
0.000854
0.000854
0.000854
0.000854
0.000854
0.000854
0.000854
0.000854
0.000854
0.000854
0.000854
0.000854
0.000854
0.000854
0.000854
0.000854
0.000854
0.000854
0.000854
0.000854
0.000854
0.000854
0.000854
0.000854
0.000854
0.000854
0.000854
0.000854
0.000854
0.000854
0.000854
0.000854
0.000854
0.000854
0.000854
0.000854
0.000854
0.000854
0.000854
0.000854
0.000854
0.000854
0.000854
0.000854
0.000854
0.000854
0.000854
0.000854
0.000854
0.000854
0.000854
0.000854
0.000854
0.000854
0.000854
0.000854
0.000854
0.000854
0.000854
0.000854
0.000854
0.000854
0.000854
0.000854
0.000854
0.000854
0.000854
0.000854
0.000854
0.000854
0.000854
0.000854
0.000854
0.000854
0.000854
0.000854
0.000854
0.000854
0.000854
0.000854
0.000854
0.000854
0.000854
0.000854
0.000854
0.000862
0.000862
0.000862
0.000870
0.000870
0.000870
0.000870
0.000874
0.000885
0.000885
0.000885
0.000885
0.000885
0.000885
0.000885
0.000885
0.000885
0.000885
0.000885
0.000885
0.000885
0.000893
0.000893
0.000900
0.000900
0.000916
0.000916
0.000916
0.000916
0.000916
0.000916
0.000916
0.000916
0.000916
0.000916
0.000916
0.000916
0.000916
0.000916
0.000916
0.000916
0.000916
0.000916
0.000916
0.000916
0.000916
0.000916
0.000916
0.000916
0.000916
0.000916
0.000916
0.000916
0.000916
0.000916
0.000916
0.000916
0.000916
0.000916
0.000916
0.000916
0.000916
0.000916
0.000916
0.000916
0.000916
0.000916
0.000916
0.000916
0.000916
0.000916
0.000916
0.000916
0.000916
0.000916
0.000916
0.000916
0.000916
0.000916
0.000916
0.000916
0.000916
0.000916
0.000916
0.000916
0.000916
0.000916
0.000916
0.000916
0.000916
0.000916
0.000916
0.000916
0.000916
0.000916
0.000916
0.000916
0.000916
0.000916
0.000916
0.000916
0.000916
0.000916
0.000916
0.000916
0.000916
0.000916
0.000916
0.000931
0.000931
0.000931
0.000931
0.000938
0.000946
0.000946
0.000946
0.000946
0.000946
0.000946
0.000946
0.000946
0.000946
0.000946
0.000946
0.000946
0.000975
0.000976
0.000977
0.000977
0.000977
0.000977
0.000977
0.000977
0.000977
0.000977
0.000977
0.000977
0.000977
0.000977
0.000977
0.000977
0.000977
0.000977
0.000977
0.000977
0.000977
0.000977
0.000977
0.000977
0.000977
0.000977
0.000977
0.000977
0.000977
0.000977
0.000977
0.000977
0.000977
0.000977
0.000977
0.000977
0.000977
0.000977
0.000977
0.000977
0.000977
0.000977
0.000977
0.000977
0.000977
0.000977
0.000977
0.000977
0.000977
0.000977
0.000977
0.000977
0.000977
0.000977
0.000977
0.000977
0.000977
0.000977
0.000977
0.000977
0.000977
0.000977
0.000977
0.000977
0.000977
0.000977
0.000977
0.000977
0.000977
0.000977
0.000977
0.000977
0.000977
0.000977
0.000977
0.000977
0.000977
0.000977
0.000977
0.000977
0.000977
0.000977
0.000977
0.000977
0.000977
0.000977
0.000977
0.000977
0.000977
0.000977
0.000977
0.000977
0.000977
0.000977
0.000977
0.000977
0.000977
0.000977
0.000977
0.000977
0.000977
0.000977
0.000977
0.000977
0.000977
0.000977
0.000977
0.000977
0.000977
0.000977
0.000977
0.000977
0.000977
0.000977
0.000977
0.000977
0.000977
0.000977
0.000977
0.000977
0.000977
0.000977
0.000977
0.000977
0.000977
0.000977
0.000977
0.000977
0.000977
0.000977
0.000977
0.000977
0.000977
0.000977
0.000977
0.000977
0.000977
0.000977
0.000977
0.000977
0.000977
0.000977
0.000977
0.000977
0.000977
0.000977
0.000977
0.000977
0.000977
0.000977
0.000977
0.000977
0.000977
0.000977
0.000977
0.000977
0.000977
0.000977
0.000977
0.000977
0.000977
0.000977
0.000977
0.000977
0.000977
0.000977
0.000977
0.000977
0.000977
0.000977
0.000977
0.000977
0.000977
0.000977
0.000977
0.000977
0.000977
0.000977
0.000977
0.000977
0.000977
0.000977
0.000977
0.000977
0.000977
0.000977
0.000977
0.000977
0.000977
0.000977
0.000977
0.000977
0.000977
0.000977
0.000977
0.000977
0.000977
0.000977
0.000977
0.000977
0.000977
0.000977
0.000977
0.000977
0.000977
0.000977
0.000977
0.000977
0.000977
0.000977
0.000977
0.000977
0.000977
0.000977
0.000977
0.000977
0.000977
0.000977
0.000977
0.000977
0.000977
0.000977
0.000977
0.000977
0.000977
0.000977
0.000977
0.000977
0.000977
0.000977
0.000977
0.000977
0.000977
0.000977
0.000977
0.000977
0.000977
0.000977
0.000977
0.000977
0.000977
0.000977
0.000977
0.000977
0.000977
0.000977
0.000977
0.000977
0.000977
0.000977
0.000977
0.000977
0.000977
0.000977
0.000977
0.000977
0.000977
0.000977
0.000977
0.000977
0.000977
0.000977
0.000977
0.000977
0.000977
0.000977
0.000977
0.000977
0.000977
0.000977
0.000977
0.000977
0.000977
0.000977
0.000977
0.000977
0.000977
0.000977
0.000977
0.000977
0.000977
0.000977
0.000977
0.000977
0.000977
0.000977
0.000977
0.000977
0.000977
0.000977
0.000977
0.000977
0.000977
0.000977
0.000977
0.000977
0.000977
0.000977
0.000977
0.000977
0.000977
0.000977
0.000977
0.000977
0.000977
0.000977
0.000977
0.000977
0.000977
0.000977
0.000977
0.000977
0.000977
0.000977
0.000977
0.000977
0.000977
0.000977
0.000977
0.000977
0.000977
0.000977
0.000977
0.000977
0.000977
0.000977
0.000977
0.000977
0.000977
0.000977
0.000977
0.000977
0.000977
0.000977
0.000977
0.000977
0.000977
0.000977
0.000977
0.000977
0.000977
0.000977
0.000977
0.000977
0.000977
0.000977
0.000977
0.000977
0.000977
0.000977
0.000977
0.000977
0.000977
0.000977
0.000977
0.000977
0.000977
0.000977
0.000977
0.000977
0.000977
0.000977
0.000977
0.000977
0.000977
0.000977
0.000977
0.000977
0.000977
0.000977
0.000977
0.000977
0.000977
0.000977
0.000977
0.000977
0.000977
0.000977
0.000977
0.000977
0.000977
0.000977
0.000977
0.000977
0.000977
0.000977
0.000977
0.000977
0.000977
0.000977
0.000977
0.000977
0.000977
0.000977
0.000977
0.000977
0.000977
0.000977
0.000977
0.000977
0.000977
0.000977
0.000977
0.000977
0.000977
0.000977
0.000977
0.000977
0.000977
0.000977
0.000977
0.000977
0.000977
0.000977
0.000977
0.000977
0.000977
0.000977
0.000977
0.000977
0.000977
0.000977
0.000977
0.000977
0.000977
0.000977
0.000977
0.000977
0.000977
0.000977
0.000977
0.000977
0.000977
0.000977
0.000977
0.000977
0.000977
0.000977
0.000977
0.000977
0.000977
0.000977
0.000977
0.000977
0.000977
0.000977
0.000977
0.000977
0.000977
0.000977
0.000977
0.000977
0.000977
0.000977
0.000977
0.000977
0.000977
0.000977
0.000977
0.000977
0.000977
0.000977
0.000977
0.000977
0.000977
0.000977
0.000977
0.000977
0.000977
0.000977
0.000977
0.000977
0.000977
0.000977
0.000977
0.000977
0.000977
0.000977
0.000977
0.000977
0.000977
0.000977
0.000977
0.000977
0.000977
0.000977
0.000977
0.000977
0.000977
0.000977
0.000977
0.000977
0.000977
0.000977
0.000977
0.000977
0.000977
0.000977
0.000977
0.000977
0.000977
0.000977
0.000977
0.000977
0.000977
0.000977
0.000977
0.000977
0.000977
0.000977
0.000977
0.000977
0.000977
0.000977
0.000977
0.000977
0.000977
0.000977
0.000977
0.000977
0.000977
0.000977
0.000977
0.000977
0.000977
0.000977
0.000977
0.000977
0.000977
0.000977
0.000977
0.000977
0.000977
0.000977
0.000977
0.000977
0.000977
0.000977
0.000977
0.000977
0.000977
0.000977
0.000977
0.000977
0.000977
0.000977
0.000977
0.000977
0.000977
0.000977
0.000977
0.000977
0.000977
0.000977
0.000977
0.000977
0.000977
0.000977
0.000977
0.000977
0.000977
0.000977
0.000977
0.000977
0.000977
0.000977
0.000977
0.000977
0.000977
0.000977
0.000977
0.000977
0.000977
0.000977
0.000977
0.000977
0.000977
0.000977
0.000977
0.000977
0.000977
0.000977
0.000977
0.000977
0.000977
0.000977
0.000977
0.000977
0.000977
0.000977
0.000977
0.000977
0.000977
0.000977
0.000977
0.000977
0.000977
0.000977
0.000977
0.000977
0.000977
0.000977
0.000977
0.000977
0.000977
0.000977
0.000977
0.000977
0.000977
0.000977
0.000977
0.000977
0.000977
0.000977
0.000977
0.000977
0.000977
0.000977
0.000977
0.000977
0.000977
0.000977
0.000977
0.000977
0.000977
0.000977
0.000977
0.000977
0.000977
0.000977
0.000977
0.000977
0.000977
0.000977
0.000977
0.000977
0.000977
0.000977
0.000977
0.000977
0.000977
0.000977
0.000977
0.000977
0.000977
0.000977
0.000977
0.000977
0.000977
0.000977
0.000977
0.000977
0.000980
0.000990
0.000996
0.000999
0.000999
0.000999
0.001007
0.001007
0.001007
0.001007
0.001007
0.001007
0.001007
0.001007
0.001007
0.001011
0.001015
0.001019
0.001019
0.001022
0.001022
0.001022
0.001022
0.001022
0.001022
0.001022
0.001022
0.001026
0.001038
0.001038
0.001038
0.001038
0.001038
0.001038
0.001038
0.001038
0.001038
0.001038
0.001038
0.001038
0.001038
0.001038
0.001038
0.001038
0.001038
0.001038
0.001038
0.001038
0.001038
0.001038
0.001038
0.001038
0.001038
0.001038
0.001038
0.001038
0.001038
0.001038
0.001038
0.001038
0.001038
0.001038
0.001038
0.001038
0.001038
0.001038
0.001038
0.001038
0.001038
0.001038
0.001038
0.001038
0.001038
0.001038
0.001038
0.001038
0.001038
0.001038
0.001038
0.001045
0.001053
0.001053
0.001053
0.001053
0.001053
0.001060
0.001068
0.001068
0.001068
0.001068
0.001068
0.001068
0.001068
0.001068
0.001068
0.001068
0.001068
0.001068
0.001068
0.001068
0.001068
0.001068
0.001068
0.001068
0.001068
0.001068
0.001068
0.001076
0.001076
0.001083
0.001083
0.001083
0.001083
0.001083
0.001083
0.001083
0.001083
0.001083
0.001099
0.001099
0.001099
0.001099
0.001099
0.001099
0.001099
0.001099
0.001099
0.001099
0.001099
0.001099
0.001099
0.001099
0.001099
0.001099
0.001099
0.001099
0.001099
0.001099
0.001099
0.001099
0.001099
0.001099
0.001099
0.001099
0.001099
0.001099
0.001099
0.001099
0.001099
0.001099
0.001099
0.001099
0.001099
0.001099
0.001099
0.001099
0.001099
0.001099
0.001099
0.001099
0.001099
0.001099
0.001099
0.001099
0.001099
0.001099
0.001099
0.001099
0.001099
0.001099
0.001099
0.001099
0.001099
0.001099
0.001099
0.001099
0.001099
0.001099
0.001099
0.001099
0.001099
0.001099
0.001099
0.001099
0.001099
0.001099
0.001099
0.001099
0.001099
0.001099
0.001099
0.001099
0.001099
0.001099
0.001099
0.001099
0.001099
0.001099
0.001099
0.001099
0.001099
0.001099
0.001099
0.001099
0.001099
0.001099
0.001099
0.001099
0.001099
0.001099
0.001099
0.001099
0.001099
0.001099
0.001099
0.001099
0.001099
0.001099
0.001099
0.001099
0.001099
0.001099
0.001099
0.001099
0.001099
0.001099
0.001099
0.001099
0.001099
0.001099
0.001099
0.001099
0.001099
0.001099
0.001099
0.001099
0.001099
0.001099
0.001099
0.001099
0.001099
0.001099
0.001099
0.001099
0.001099
0.001099
0.001099
0.001099
0.001099
0.001099
0.001099
0.001099
0.001099
0.001099
0.001099
0.001099
0.001099
0.001099
0.001099
0.001099
0.001099
0.001099
0.001099
0.001099
0.001099
0.001099
0.001099
0.001099
0.001099
0.001099
0.001099
0.001099
0.001099
0.001099
0.001099
0.001099
0.001099
0.001099
0.001099
0.001099
0.001099
0.001099
0.001099
0.001099
0.001099
0.001099
0.001099
0.001099
0.001099
0.001099
0.001099
0.001099
0.001099
0.001099
0.001099
0.001099
0.001099
0.001099
0.001099
0.001099
0.001099
0.001099
0.001099
0.001099
0.001099
0.001099
0.001099
0.001099
0.001099
0.001099
0.001099
0.001099
0.001099
0.001099
0.001099
0.001099
0.001099
0.001099
0.001099
0.001099
0.001099
0.001099
0.001099
0.001099
0.001099
0.001099
0.001099
0.001099
0.001099
0.001099
0.001099
0.001099
0.001099
0.001099
0.001099
0.001099
0.001099
0.001099
0.001099
0.001099
0.001099
0.001099
0.001099
0.001099
0.001099
0.001129
0.001129
0.001129
0.001129
0.001129
0.001129
0.001129
0.001129
0.001129
0.001129
0.001129
0.001129
0.001129
0.001137
0.001144
0.001147
0.001152
0.001152
0.001157
0.001157
0.001160
0.001160
0.001160
0.001160
0.001160
0.001160
0.001160
0.001160
0.001160
0.001160
0.001160
0.001160
0.001160
0.001160
0.001160
0.001160
0.001160
0.001160
0.001160
0.001160
0.001160
0.001160
0.001160
0.001160
0.001160
0.001160
0.001160
0.001160
0.001160
0.001160
0.001160
0.001160
0.001160
0.001160
0.001160
0.001162
0.001175
0.001175
0.001175
0.001175
0.001189
0.001190
0.001190
0.001190
0.001190
0.001190
0.001190
0.001190
0.001190
0.001190
0.001190
0.001190
0.001190
0.001190
0.001190
0.001190
0.001190
0.001190
0.001190
0.001190
0.001190
0.001194
0.001205
0.001205
0.001205
0.001205
0.001205
0.001213
0.001221
0.001221
0.001221
0.001221
0.001221
0.001221
0.001221
0.001221
0.001221
0.001221
0.001221
0.001221
0.001221
0.001221
0.001221
0.001221
0.001221
0.001221
0.001221
0.001221
0.001221
0.001221
0.001221
0.001221
0.001221
0.001221
0.001221
0.001221
0.001221
0.001221
0.001221
0.001221
0.001221
0.001221
0.001221
0.001221
0.001221
0.001221
0.001221
0.001221
0.001221
0.001221
0.001221
0.001221
0.001221
0.001221
0.001221
0.001221
0.001221
0.001221
0.001221
0.001221
0.001221
0.001221
0.001221
0.001221
0.001221
0.001221
0.001221
0.001221
0.001221
0.001221
0.001221
0.001221
0.001221
0.001221
0.001221
0.001221
0.001221
0.001221
0.001221
0.001221
0.001221
0.001221
0.001221
0.001221
0.001221
0.001221
0.001221
0.001221
0.001221
0.001221
0.001221
0.001221
0.001221
0.001221
0.001221
0.001221
0.001221
0.001221
0.001221
0.001221
0.001221
0.001221
0.001221
0.001221
0.001221
0.001221
0.001221
0.001221
0.001221
0.001221
0.001221
0.001221
0.001221
0.001221
0.001221
0.001221
0.001221
0.001221
0.001221
0.001221
0.001221
0.001221
0.001221
0.001221
0.001221
0.001221
0.001221
0.001221
0.001221
0.001221
0.001221
0.001221
0.001221
0.001221
0.001221
0.001221
0.001221
0.001221
0.001221
0.001221
0.001221
0.001221
0.001221
0.001221
0.001221
0.001221
0.001221
0.001221
0.001221
0.001221
0.001221
0.001221
0.001221
0.001221
0.001221
0.001221
0.001221
0.001221
0.001221
0.001221
0.001221
0.001221
0.001221
0.001221
0.001221
0.001221
0.001221
0.001221
0.001221
0.001221
0.001221
0.001221
0.001221
0.001221
0.001221
0.001221
0.001221
0.001221
0.001221
0.001221
0.001221
0.001221
0.001221
0.001221
0.001221
0.001221
0.001221
0.001221
0.001221
0.001221
0.001221
0.001221
0.001221
0.001221
0.001221
0.001221
0.001221
0.001221
0.001221
0.001221
0.001221
0.001221
0.001221
0.001221
0.001221
0.001221
0.001221
0.001221
0.001221
0.001221
0.001221
0.001221
0.001221
0.001221
0.001221
0.001221
0.001221
0.001221
0.001221
0.001221
0.001221
0.001221
0.001221
0.001221
0.001221
0.001221
0.001221
0.001221
0.001221
0.001221
0.001221
0.001221
0.001221
0.001221
0.001221
0.001221
0.001221
0.001221
0.001221
0.001221
0.001221
0.001221
0.001221
0.001221
0.001221
0.001221
0.001221
0.001221
0.001221
0.001221
0.001221
0.001221
0.001221
0.001221
0.001221
0.001221
0.001221
0.001221
0.001221
0.001221
0.001221
0.001221
0.001221
0.001221
0.001221
0.001221
0.001221
0.001221
0.001221
0.001221
0.001221
0.001221
0.001221
0.001221
0.001221
0.001221
0.001221
0.001221
0.001221
0.001221
0.001221
0.001221
0.001221
0.001221
0.001221
0.001221
0.001221
0.001221
0.001221
0.001221
0.001221
0.001221
0.001221
0.001221
0.001221
0.001221
0.001221
0.001221
0.001221
0.001221
0.001221
0.001221
0.001221
0.001221
0.001221
0.001221
0.001221
0.001221
0.001221
0.001221
0.001221
0.001221
0.001221
0.001221
0.001221
0.001221
0.001221
0.001221
0.001221
0.001221
0.001221
0.001221
0.001221
0.001221
0.001221
0.001221
0.001221
0.001221
0.001221
0.001221
0.001221
0.001221
0.001221
0.001221
0.001221
0.001221
0.001221
0.001221
0.001221
0.001221
0.001221
0.001221
0.001221
0.001221
0.001221
0.001221
0.001221
0.001221
0.001221
0.001221
0.001221
0.001221
0.001221
0.001221
0.001221
0.001221
0.001221
0.001221
0.001221
0.001221
0.001221
0.001221
0.001221
0.001221
0.001221
0.001221
0.001221
0.001221
0.001221
0.001221
0.001221
0.001221
0.001221
0.001221
0.001221
0.001221
0.001221
0.001221
0.001221
0.001221
0.001221
0.001221
0.001221
0.001221
0.001221
0.001221
0.001221
0.001221
0.001221
0.001221
0.001221
0.001221
0.001221
0.001221
0.001221
0.001221
0.001221
0.001221
0.001221
0.001221
0.001221
0.001221
0.001221
0.001221
0.001221
0.001221
0.001221
0.001221
0.001221
0.001221
0.001221
0.001221
0.001221
0.001221
0.001221
0.001221
0.001221
0.001221
0.001221
0.001221
0.001221
0.001221
0.001221
0.001221
0.001221
0.001221
0.001221
0.001221
0.001221
0.001221
0.001221
0.001221
0.001221
0.001221
0.001221
0.001221
0.001221
0.001221
0.001221
0.001221
0.001221
0.001221
0.001221
0.001221
0.001221
0.001221
0.001221
0.001221
0.001221
0.001221
0.001221
0.001221
0.001221
0.001221
0.001221
0.001221
0.001221
0.001221
0.001221
0.001221
0.001221
0.001221
0.001221
0.001221
0.001221
0.001221
0.001221
0.001221
0.001221
0.001221
0.001221
0.001221
0.001221
0.001221
0.001221
0.001221
0.001221
0.001221
0.001221
0.001221
0.001221
0.001221
0.001221
0.001221
0.001221
0.001221
0.001221
0.001221
0.001221
0.001221
0.001221
0.001221
0.001221
0.001221
0.001221
0.001221
0.001221
0.001221
0.001221
0.001221
0.001221
0.001221
0.001221
0.001221
0.001221
0.001221
0.001221
0.001221
0.001221
0.001221
0.001221
0.001221
0.001221
0.001221
0.001221
0.001221
0.001221
0.001221
0.001221
0.001221
0.001221
0.001221
0.001221
0.001221
0.001221
0.001221
0.001221
0.001221
0.001221
0.001221
0.001221
0.001221
0.001221
0.001221
0.001221
0.001221
0.001221
0.001221
0.001221
0.001221
0.001221
0.001221
0.001221
0.001221
0.001221
0.001221
0.001221
0.001221
0.001221
0.001221
0.001221
0.001221
0.001221
0.001221
0.001221
0.001221
0.001221
0.001221
0.001221
0.001221
0.001221
0.001221
0.001221
0.001221
0.001221
0.001221
0.001221
0.001221
0.001221
0.001221
0.001221
0.001221
0.001221
0.001221
0.001221
0.001221
0.001221
0.001221
0.001221
0.001221
0.001221
0.001221
0.001221
0.001221
0.001221
0.001221
0.001221
0.001221
0.001221
0.001221
0.001221
0.001221
0.001221
0.001221
0.001221
0.001221
0.001221
0.001221
0.001221
0.001221
0.001221
0.001221
0.001221
0.001221
0.001221
0.001221
0.001221
0.001221
0.001221
0.001221
0.001221
0.001221
0.001221
0.001221
0.001221
0.001221
0.001221
0.001221
0.001221
0.001221
0.001221
0.001221
0.001221
0.001221
0.001221
0.001221
0.001221
0.001221
0.001221
0.001221
0.001221
0.001221
0.001221
0.001221
0.001221
0.001221
0.001221
0.001221
0.001221
0.001221
0.001221
0.001221
0.001221
0.001221
0.001221
0.001221
0.001221
0.001221
0.001221
0.001221
0.001221
0.001221
0.001221
0.001221
0.001221
0.001221
0.001221
0.001221
0.001221
0.001221
0.001221
0.001221
0.001221
0.001221
0.001221
0.001221
0.001221
0.001221
0.001221
0.001221
0.001221
0.001221
0.001221
0.001221
0.001221
0.001221
0.001221
0.001221
0.001221
0.001221
0.001221
0.001221
0.001221
0.001221
0.001221
0.001221
0.001221
0.001221
0.001221
0.001221
0.001221
0.001221
0.001221
0.001221
0.001221
0.001221
0.001221
0.001221
0.001221
0.001221
0.001221
0.001221
0.001221
0.001221
0.001221
0.001221
0.001221
0.001221
0.001221
0.001221
0.001221
0.001221
0.001221
0.001221
0.001221
0.001221
0.001221
0.001221
0.001221
0.001221
0.001221
0.001221
0.001221
0.001221
0.001221
0.001221
0.001221
0.001221
0.001221
0.001221
0.001221
0.001221
0.001221
0.001221
0.001221
0.001221
0.001221
0.001221
0.001221
0.001221
0.001221
0.001221
0.001221
0.001221
0.001221
0.001221
0.001221
0.001221
0.001221
0.001221
0.001221
0.001221
0.001221
0.001221
0.001221
0.001228
0.001236
0.001236
0.001236
0.001244
0.001251
0.001251
0.001251
0.001251
0.001251
0.001251
0.001251
0.001251
0.001251
0.001251
0.001251
0.001251
0.001251
0.001251
0.001251
0.001251
0.001251
0.001266
0.001266
0.001266
0.001266
0.001270
0.001282
0.001282
0.001282
0.001282
0.001282
0.001282
0.001282
0.001282
0.001282
0.001282
0.001282
0.001282
0.001282
0.001282
0.001282
0.001282
0.001282
0.001282
0.001282
0.001282
0.001282
0.001282
0.001282
0.001282
0.001282
0.001282
0.001282
0.001282
0.001282
0.001282
0.001282
0.001282
0.001282
0.001282
0.001282
0.001282
0.001282
0.001282
0.001282
0.001282
0.001287
0.001297
0.001305
0.001312
0.001312
0.001312
0.001312
0.001312
0.001312
0.001312
0.001314
0.001316
0.001320
0.001320
0.001324
0.001328
0.001328
0.001328
0.001328
0.001328
0.001328
0.001328
0.001328
0.001328
0.001335
0.001343
0.001343
0.001343
0.001343
0.001343
0.001343
0.001343
0.001343
0.001343
0.001343
0.001343
0.001343
0.001343
0.001343
0.001343
0.001343
0.001343
0.001343
0.001343
0.001343
0.001343
0.001343
0.001343
0.001343
0.001343
0.001343
0.001343
0.001343
0.001343
0.001343
0.001343
0.001343
0.001343
0.001343
0.001343
0.001343
0.001343
0.001343
0.001343
0.001343
0.001343
0.001343
0.001343
0.001343
0.001343
0.001343
0.001343
0.001343
0.001343
0.001343
0.001343
0.001343
0.001343
0.001343
0.001343
0.001343
0.001343
0.001343
0.001343
0.001343
0.001343
0.001343
0.001343
0.001343
0.001343
0.001343
0.001343
0.001343
0.001343
0.001343
0.001343
0.001343
0.001343
0.001343
0.001343
0.001343
0.001343
0.001343
0.001343
0.001343
0.001343
0.001343
0.001343
0.001343
0.001343
0.001343
0.001343
0.001343
0.001343
0.001343
0.001343
0.001343
0.001343
0.001343
0.001343
0.001343
0.001343
0.001343
0.001343
0.001343
0.001343
0.001343
0.001343
0.001343
0.001343
0.001343
0.001343
0.001343
0.001343
0.001343
0.001343
0.001343
0.001343
0.001343
0.001343
0.001343
0.001343
0.001343
0.001343
0.001343
0.001343
0.001343
0.001343
0.001343
0.001343
0.001343
0.001343
0.001343
0.001343
0.001343
0.001343
0.001343
0.001343
0.001343
0.001343
0.001343
0.001343
0.001343
0.001343
0.001343
0.001343
0.001343
0.001343
0.001343
0.001343
0.001343
0.001343
0.001343
0.001343
0.001343
0.001343
0.001343
0.001343
0.001343
0.001343
0.001343
0.001343
0.001343
0.001343
0.001343
0.001343
0.001343
0.001343
0.001368
0.001373
0.001373
0.001373
0.001373
0.001373
0.001373
0.001373
0.001373
0.001373
0.001373
0.001373
0.001373
0.001373
0.001385
0.001389
0.001389
0.001389
0.001404
0.001404
0.001404
0.001404
0.001404
0.001404
0.001404
0.001404
0.001404
0.001404
0.001404
0.001404
0.001404
0.001404
0.001404
0.001404
0.001404
0.001404
0.001404
0.001404
0.001404
0.001404
0.001404
0.001404
0.001404
0.001404
0.001404
0.001404
0.001404
0.001404
0.001404
0.001404
0.001404
0.001404
0.001404
0.001404
0.001404
0.001404
0.001404
0.001404
0.001434
0.001434
0.001434
0.001434
0.001434
0.001434
0.001434
0.001434
0.001461
0.001465
0.001465
0.001465
0.001465
0.001465
0.001465
0.001465
0.001465
0.001465
0.001465
0.001465
0.001465
0.001465
0.001465
0.001465
0.001465
0.001465
0.001465
0.001465
0.001465
0.001465
0.001465
0.001465
0.001465
0.001465
0.001465
0.001465
0.001465
0.001465
0.001465
0.001465
0.001465
0.001465
0.001465
0.001465
0.001465
0.001465
0.001465
0.001465
0.001465
0.001465
0.001465
0.001465
0.001465
0.001465
0.001465
0.001465
0.001465
0.001465
0.001465
0.001465
0.001465
0.001465
0.001465
0.001465
0.001465
0.001465
0.001465
0.001465
0.001465
0.001465
0.001465
0.001465
0.001465
0.001465
0.001465
0.001465
0.001465
0.001465
0.001465
0.001465
0.001465
0.001465
0.001465
0.001465
0.001465
0.001465
0.001465
0.001465
0.001465
0.001465
0.001465
0.001465
0.001465
0.001465
0.001465
0.001465
0.001465
0.001465
0.001465
0.001465
0.001465
0.001465
0.001465
0.001465
0.001465
0.001465
0.001465
0.001465
0.001465
0.001465
0.001465
0.001465
0.001465
0.001465
0.001465
0.001465
0.001465
0.001465
0.001465
0.001465
0.001465
0.001465
0.001465
0.001465
0.001465
0.001465
0.001465
0.001465
0.001465
0.001465
0.001465
0.001465
0.001465
0.001465
0.001465
0.001465
0.001465
0.001465
0.001465
0.001465
0.001465
0.001465
0.001465
0.001465
0.001465
0.001465
0.001465
0.001465
0.001465
0.001465
0.001465
0.001465
0.001465
0.001465
0.001465
0.001465
0.001465
0.001465
0.001465
0.001465
0.001465
0.001465
0.001465
0.001465
0.001465
0.001465
0.001465
0.001465
0.001465
0.001465
0.001465
0.001465
0.001465
0.001465
0.001465
0.001465
0.001465
0.001465
0.001465
0.001465
0.001465
0.001465
0.001465
0.001465
0.001465
0.001465
0.001465
0.001465
0.001465
0.001465
0.001465
0.001465
0.001465
0.001465
0.001465
0.001465
0.001465
0.001465
0.001465
0.001465
0.001465
0.001465
0.001465
0.001465
0.001465
0.001465
0.001465
0.001465
0.001465
0.001465
0.001465
0.001465
0.001465
0.001465
0.001465
0.001465
0.001465
0.001465
0.001465
0.001465
0.001465
0.001465
0.001465
0.001465
0.001465
0.001465
0.001465
0.001465
0.001465
0.001465
0.001465
0.001465
0.001465
0.001465
0.001465
0.001465
0.001465
0.001465
0.001465
0.001465
0.001465
0.001465
0.001465
0.001465
0.001465
0.001465
0.001465
0.001465
0.001465
0.001465
0.001465
0.001465
0.001465
0.001465
0.001465
0.001465
0.001465
0.001465
0.001465
0.001465
0.001465
0.001465
0.001465
0.001465
0.001465
0.001465
0.001465
0.001465
0.001465
0.001465
0.001465
0.001465
0.001465
0.001465
0.001465
0.001465
0.001465
0.001465
0.001465
0.001465
0.001465
0.001465
0.001465
0.001465
0.001465
0.001465
0.001465
0.001465
0.001465
0.001465
0.001465
0.001465
0.001465
0.001465
0.001465
0.001465
0.001465
0.001465
0.001465
0.001465
0.001465
0.001465
0.001465
0.001465
0.001465
0.001465
0.001465
0.001465
0.001465
0.001465
0.001465
0.001465
0.001465
0.001465
0.001465
0.001465
0.001465
0.001465
0.001465
0.001465
0.001465
0.001465
0.001465
0.001465
0.001465
0.001465
0.001465
0.001465
0.001465
0.001465
0.001465
0.001465
0.001465
0.001465
0.001465
0.001465
0.001465
0.001465
0.001465
0.001465
0.001465
0.001465
0.001465
0.001465
0.001465
0.001465
0.001465
0.001465
0.001465
0.001465
0.001465
0.001465
0.001465
0.001465
0.001465
0.001465
0.001465
0.001465
0.001465
0.001465
0.001465
0.001465
0.001465
0.001465
0.001465
0.001465
0.001465
0.001465
0.001465
0.001465
0.001465
0.001465
0.001465
0.001465
0.001465
0.001465
0.001465
0.001465
0.001465
0.001465
0.001465
0.001465
0.001465
0.001465
0.001465
0.001465
0.001465
0.001465
0.001465
0.001465
0.001465
0.001465
0.001465
0.001465
0.001465
0.001465
0.001465
0.001465
0.001465
0.001465
0.001465
0.001465
0.001465
0.001465
0.001465
0.001465
0.001465
0.001465
0.001465
0.001465
0.001465
0.001465
0.001465
0.001465
0.001465
0.001465
0.001465
0.001465
0.001465
0.001465
0.001465
0.001465
0.001465
0.001465
0.001465
0.001465
0.001465
0.001465
0.001465
0.001465
0.001465
0.001465
0.001465
0.001465
0.001465
0.001465
0.001465
0.001465
0.001465
0.001465
0.001465
0.001465
0.001465
0.001465
0.001465
0.001465
0.001465
0.001465
0.001465
0.001465
0.001474
0.001476
0.001480
0.001480
0.001480
0.001488
0.001495
0.001495
0.001495
0.001495
0.001495
0.001503
0.001511
0.001511
0.001511
0.001511
0.001511
0.001513
0.001526
0.001526
0.001526
0.001526
0.001526
0.001526
0.001526
0.001526
0.001526
0.001526
0.001526
0.001526
0.001526
0.001526
0.001526
0.001526
0.001526
0.001526
0.001526
0.001526
0.001526
0.001526
0.001526
0.001526
0.001526
0.001526
0.001526
0.001526
0.001526
0.001526
0.001526
0.001526
0.001526
0.001526
0.001526
0.001526
0.001526
0.001526
0.001541
0.001541
0.001541
0.001541
0.001549
0.001549
0.001556
0.001556
0.001556
0.001556
0.001572
0.001579
0.001587
0.001587
0.001587
0.001587
0.001587
0.001587
0.001587
0.001587
0.001587
0.001587
0.001587
0.001587
0.001587
0.001587
0.001587
0.001587
0.001587
0.001587
0.001587
0.001587
0.001587
0.001587
0.001587
0.001587
0.001587
0.001587
0.001587
0.001587
0.001587
0.001587
0.001587
0.001587
0.001587
0.001587
0.001587
0.001587
0.001587
0.001587
0.001587
0.001587
0.001587
0.001587
0.001587
0.001587
0.001587
0.001587
0.001587
0.001587
0.001587
0.001587
0.001587
0.001587
0.001587
0.001587
0.001587
0.001587
0.001587
0.001587
0.001587
0.001587
0.001587
0.001587
0.001587
0.001587
0.001587
0.001587
0.001587
0.001587
0.001587
0.001587
0.001587
0.001587
0.001587
0.001587
0.001587
0.001587
0.001587
0.001587
0.001587
0.001587
0.001587
0.001587
0.001587
0.001587
0.001587
0.001587
0.001587
0.001587
0.001587
0.001587
0.001587
0.001587
0.001587
0.001587
0.001587
0.001587
0.001587
0.001587
0.001587
0.001587
0.001587
0.001587
0.001587
0.001587
0.001587
0.001587
0.001587
0.001587
0.001587
0.001587
0.001587
0.001587
0.001587
0.001587
0.001587
0.001587
0.001587
0.001617
0.001617
0.001617
0.001617
0.001623
0.001633
0.001633
0.001633
0.001648
0.001648
0.001648
0.001648
0.001648
0.001648
0.001648
0.001648
0.001648
0.001648
0.001648
0.001648
0.001648
0.001648
0.001648
0.001648
0.001648
0.001648
0.001648
0.001663
0.001663
0.001663
0.001678
0.001678
0.001678
0.001678
0.001678
0.001678
0.001678
0.001678
0.001678
0.001678
0.001694
0.001709
0.001709
0.001709
0.001709
0.001709
0.001709
0.001709
0.001709
0.001709
0.001709
0.001709
0.001709
0.001709
0.001709
0.001709
0.001709
0.001709
0.001709
0.001709
0.001709
0.001709
0.001709
0.001709
0.001709
0.001709
0.001709
0.001709
0.001709
0.001709
0.001709
0.001709
0.001709
0.001709
0.001709
0.001709
0.001709
0.001709
0.001709
0.001709
0.001709
0.001709
0.001709
0.001709
0.001709
0.001709
0.001709
0.001709
0.001709
0.001709
0.001709
0.001709
0.001709
0.001709
0.001709
0.001709
0.001709
0.001709
0.001709
0.001709
0.001709
0.001709
0.001709
0.001709
0.001709
0.001709
0.001709
0.001709
0.001709
0.001709
0.001709
0.001709
0.001709
0.001709
0.001709
0.001709
0.001709
0.001709
0.001709
0.001709
0.001709
0.001709
0.001709
0.001709
0.001709
0.001709
0.001709
0.001709
0.001709
0.001709
0.001709
0.001709
0.001709
0.001709
0.001709
0.001709
0.001709
0.001709
0.001709
0.001709
0.001709
0.001709
0.001709
0.001709
0.001709
0.001709
0.001709
0.001709
0.001709
0.001709
0.001709
0.001709
0.001709
0.001709
0.001709
0.001709
0.001709
0.001709
0.001709
0.001709
0.001709
0.001709
0.001709
0.001709
0.001709
0.001709
0.001709
0.001709
0.001709
0.001709
0.001709
0.001709
0.001709
0.001709
0.001709
0.001709
0.001709
0.001709
0.001709
0.001709
0.001709
0.001709
0.001709
0.001709
0.001709
0.001709
0.001709
0.001709
0.001709
0.001709
0.001709
0.001709
0.001709
0.001709
0.001709
0.001709
0.001709
0.001709
0.001709
0.001709
0.001709
0.001709
0.001709
0.001709
0.001709
0.001709
0.001709
0.001709
0.001709
0.001709
0.001709
0.001709
0.001709
0.001709
0.001709
0.001709
0.001709
0.001709
0.001709
0.001709
0.001709
0.001709
0.001709
0.001709
0.001709
0.001709
0.001709
0.001709
0.001709
0.001709
0.001709
0.001709
0.001709
0.001709
0.001709
0.001709
0.001709
0.001709
0.001709
0.001709
0.001709
0.001709
0.001709
0.001709
0.001709
0.001709
0.001709
0.001709
0.001709
0.001709
0.001709
0.001709
0.001709
0.001709
0.001709
0.001709
0.001709
0.001709
0.001709
0.001709
0.001709
0.001709
0.001709
0.001709
0.001709
0.001709
0.001709
0.001709
0.001709
0.001709
0.001709
0.001709
0.001709
0.001709
0.001709
0.001724
0.001724
0.001740
0.001740
0.001740
0.001740
0.001740
0.001745
0.001751
0.001766
0.001770
0.001770
0.001770
0.001770
0.001770
0.001770
0.001770
0.001770
0.001770
0.001770
0.001770
0.001770
0.001770
0.001778
0.001789
0.001801
0.001808
0.001812
0.001820
0.001831
0.001831
0.001831
0.001831
0.001831
0.001831
0.001831
0.001831
0.001831
0.001831
0.001831
0.001831
0.001831
0.001831
0.001831
0.001831
0.001831
0.001831
0.001831
0.001831
0.001831
0.001831
0.001831
0.001831
0.001831
0.001831
0.001831
0.001831
0.001831
0.001831
0.001831
0.001831
0.001831
0.001831
0.001831
0.001831
0.001831
0.001831
0.001831
0.001831
0.001831
0.001831
0.001831
0.001831
0.001831
0.001831
0.001831
0.001831
0.001831
0.001831
0.001862
0.001862
0.001862
0.001862
0.001869
0.001892
0.001892
0.001892
0.001892
0.001892
0.001892
0.001907
0.001938
0.001938
0.001945
0.001953
0.001953
0.001953
0.001953
0.001953
0.001953
0.001953
0.001953
0.001953
0.001953
0.001953
0.001953
0.001953
0.001953
0.001953
0.001953
0.001953
0.001953
0.001953
0.001953
0.001953
0.001953
0.001953
0.001953
0.001953
0.001953
0.001953
0.001953
0.001953
0.001953
0.001953
0.001953
0.001953
0.001953
0.001953
0.001953
0.001953
0.001953
0.001953
0.001953
0.001953
0.001953
0.001953
0.001953
0.001953
0.001953
0.001953
0.001953
0.001953
0.001953
0.001953
0.001953
0.001953
0.001953
0.001953
0.001953
0.001953
0.001953
0.001953
0.001953
0.001953
0.001953
0.001953
0.001953
0.001953
0.001953
0.001953
0.001953
0.001953
0.001953
0.001953
0.001953
0.001953
0.001953
0.001953
0.001953
0.001953
0.001953
0.001953
0.001953
0.001953
0.001953
0.001953
0.001953
0.001953
0.001953
0.001953
0.001953
0.001953
0.001953
0.001953
0.001953
0.001953
0.001953
0.001953
0.001953
0.001953
0.001953
0.001953
0.001953
0.001953
0.001953
0.001953
0.001953
0.001953
0.001953
0.001953
0.001953
0.001953
0.001953
0.001953
0.001953
0.001953
0.001984
0.001984
0.001984
0.001999
0.002007
0.002014
0.002014
0.002014
0.002014
0.002014
0.002014
0.002014
0.002014
0.002014
0.002029
0.002060
0.002075
0.002075
0.002075
0.002075
0.002075
0.002075
0.002075
0.002075
0.002075
0.002075
0.002075
0.002075
0.002075
0.002075
0.002075
0.002075
0.002075
0.002075
0.002075
0.002075
0.002075
0.002075
0.002075
0.002075
0.002075
0.002075
0.002075
0.002075
0.002075
0.002090
0.002106
0.002106
0.002111
0.002136
0.002136
0.002136
0.002136
0.002136
0.002136
0.002136
0.002136
0.002144
0.002151
0.002197
0.002197
0.002197
0.002197
0.002197
0.002197
0.002197
0.002197
0.002197
0.002197
0.002197
0.002197
0.002197
0.002197
0.002197
0.002197
0.002197
0.002197
0.002197
0.002197
0.002197
0.002197
0.002197
0.002197
0.002197
0.002197
0.002197
0.002197
0.002197
0.002197
0.002197
0.002197
0.002197
0.002197
0.002197
0.002197
0.002197
0.002197
0.002197
0.002197
0.002197
0.002197
0.002197
0.002197
0.002197
0.002197
0.002197
0.002197
0.002197
0.002197
0.002197
0.002197
0.002197
0.002197
0.002197
0.002197
0.002197
0.002197
0.002197
0.002197
0.002197
0.002197
0.002197
0.002197
0.002197
0.002197
0.002197
0.002197
0.002197
0.002228
0.002234
0.002243
0.002258
0.002258
0.002258
0.002258
0.002258
0.002258
0.002258
0.002258
0.002258
0.002258
0.002289
0.002319
0.002319
0.002319
0.002319
0.002319
0.002319
0.002319
0.002319
0.002319
0.002319
0.002319
0.002365
0.002380
0.002380
0.002396
0.002411
0.002441
0.002441
0.002441
0.002441
0.002441
0.002441
0.002441
0.002441
0.002441
0.002441
0.002441
0.002441
0.002441
0.002441
0.002441
0.002441
0.002441
0.002441
0.002441
0.002441
0.002441
0.002441
0.002441
0.002441
0.002441
0.002441
0.002441
0.002441
0.002441
0.002441
0.002441
0.002441
0.002441
0.002441
0.002441
0.002441
0.002441
0.002441
0.002441
0.002441
0.002441
0.002441
0.002441
0.002441
0.002441
0.002441
0.002441
0.002441
0.002441
0.002441
0.002441
0.002449
0.002464
0.002472
0.002472
0.002502
0.002502
0.002502
0.002502
0.002502
0.002563
0.002563
0.002563
0.002563
0.002563
0.002563
0.002563
0.002563
0.002563
0.002563
0.002563
0.002563
0.002563
0.002563
0.002563
0.002563
0.002563
0.002584
0.002594
0.002594
0.002594
0.002594
0.002594
0.002594
0.002625
0.002625
0.002625
0.002686
0.002686
0.002686
0.002686
0.002686
0.002686
0.002686
0.002686
0.002686
0.002686
0.002686
0.002686
0.002686
0.002686
0.002686
0.002686
0.002686
0.002686
0.002686
0.002686
0.002686
0.002686
0.002686
0.002686
0.002686
0.002686
0.002686
0.002686
0.002686
0.002686
0.002686
0.002686
0.002686
0.002686
0.002686
0.002686
0.002686
0.002686
0.002686
0.002686
0.002686
0.002686
0.002686
0.002686
0.002686
0.002686
0.002686
0.002686
0.002686
0.002708
0.002716
0.002716
0.002716
0.002747
0.002747
0.002747
0.002747
0.002747
0.002808
0.002808
0.002808
0.002808
0.002808
0.002808
0.002808
0.002808
0.002808
0.002808
0.002808
0.002808
0.002808
0.002808
0.002808
0.002808
0.002808
0.002838
0.002869
0.002869
0.002884
0.002899
0.002930
0.002930
0.002930
0.002930
0.002930
0.002930
0.002930
0.002930
0.002930
0.002930
0.002930
0.002930
0.002930
0.002930
0.002930
0.002930
0.002930
0.002930
0.002930
0.002930
0.002930
0.002930
0.002930
0.002930
0.002930
0.002930
0.002930
0.002930
0.002930
0.002930
0.002930
0.002930
0.002930
0.002930
0.002930
0.002930
0.002930
0.002930
0.002930
0.002930
0.002930
0.002930
0.002930
0.002930
0.002930
0.002930
0.002930
0.002930
0.002960
0.002964
0.002991
0.002991
0.003029
0.003052
0.003052
0.003052
0.003052
0.003052
0.003052
0.003052
0.003052
0.003052
0.003052
0.003052
0.003052
0.003052
0.003105
0.003174
0.003174
0.003174
0.003174
0.003174
0.003174
0.003174
0.003174
0.003174
0.003174
0.003174
0.003174
0.003174
0.003174
0.003174
0.003174
0.003174
0.003174
0.003174
0.003174
0.003174
0.003174
0.003174
0.003174
0.003174
0.003174
0.003174
0.003174
0.003174
0.003174
0.003174
0.003174
0.003174
0.003174
0.003174
0.003174
0.003235
0.003235
0.003235
0.003296
0.003296
0.003296
0.003296
0.003296
0.003296
0.003296
0.003304
0.003326
0.003357
0.003357
0.003357
0.003357
0.003357
0.003405
0.003418
0.003418
0.003418
0.003418
0.003418
0.003418
0.003418
0.003418
0.003418
0.003418
0.003418
0.003418
0.003418
0.003418
0.003418
0.003418
0.003418
0.003418
0.003418
0.003418
0.003418
0.003418
0.003418
0.003418
0.003418
0.003418
0.003418
0.003418
0.003418
0.003418
0.003418
0.003418
0.003418
0.003418
0.003418
0.003418
0.003418
0.003418
0.003418
0.003418
0.003479
0.003479
0.003479
0.003479
0.003479
0.003510
0.003525
0.003540
0.003540
0.003540
0.003540
0.003540
0.003540
0.003540
0.003540
0.003540
0.003540
0.003540
0.003540
0.003540
0.003555
0.003601
0.003601
0.003601
0.003662
0.003662
0.003662
0.003662
0.003662
0.003662
0.003662
0.003662
0.003662
0.003662
0.003662
0.003662
0.003662
0.003662
0.003662
0.003662
0.003662
0.003662
0.003662
0.003662
0.003662
0.003662
0.003662
0.003662
0.003662
0.003662
0.003662
0.003662
0.003662
0.003662
0.003662
0.003662
0.003677
0.003693
0.003693
0.003777
0.003784
0.003784
0.003784
0.003784
0.003784
0.003784
0.003784
0.003784
0.003784
0.003784
0.003807
0.003815
0.003845
0.003845
0.003845
0.003845
0.003876
0.003883
0.003906
0.003906
0.003906
0.003906
0.003906
0.003906
0.003906
0.003906
0.003906
0.003906
0.003906
0.003906
0.003906
0.003906
0.003906
0.003906
0.003906
0.003906
0.003906
0.003906
0.003906
0.003906
0.003906
0.003959
0.003967
0.003967
0.003967
0.003998
0.003998
0.004028
0.004028
0.004028
0.004028
0.004028
0.004028
0.004097
0.004143
0.004150
0.004150
0.004150
0.004150
0.004150
0.004150
0.004150
0.004150
0.004150
0.004150
0.004150
0.004150
0.004150
0.004150
0.004150
0.004150
0.004150
0.004150
0.004150
0.004150
0.004150
0.004150
0.004150
0.004150
0.004150
0.004150
0.004150
0.004150
0.004150
0.004150
0.004166
0.004248
0.004272
0.004272
0.004272
0.004272
0.004272
0.004272
0.004272
0.004272
0.004276
0.004333
0.004333
0.004333
0.004395
0.004395
0.004395
0.004395
0.004395
0.004395
0.004395
0.004395
0.004395
0.004395
0.004395
0.004395
0.004395
0.004395
0.004395
0.004395
0.004395
0.004395
0.004395
0.004425
0.004440
0.004456
0.004456
0.004456
0.004456
0.004501
0.004517
0.004517
0.004517
0.004517
0.004517
0.004517
0.004517
0.004547
0.004578
0.004639
0.004639
0.004639
0.004639
0.004639
0.004639
0.004639
0.004639
0.004639
0.004639
0.004639
0.004639
0.004639
0.004639
0.004639
0.004639
0.004639
0.004639
0.004639
0.004639
0.004639
0.004654
0.004761
0.004761
0.004761
0.004761
0.004761
0.004761
0.004761
0.004761
0.004837
0.004845
0.004883
0.004883
0.004883
0.004883
0.004883
0.004883
0.004883
0.004883
0.004883
0.004883
0.004883
0.004883
0.004883
0.004883
0.004883
0.004883
0.004883
0.004883
0.004883
0.005005
0.005005
0.005005
0.005005
0.005020
0.005066
0.005066
0.005066
0.005066
0.005074
0.005096
0.005127
0.005127
0.005127
0.005127
0.005127
0.005127
0.005127
0.005127
0.005173
0.005188
0.005188
0.005219
0.005249
0.005249
0.005249
0.005249
0.005249
0.005249
0.005249
0.005249
0.005371
0.005371
0.005371
0.005371
0.005371
0.005371
0.005371
0.005371
0.005371
0.005371
0.005371
0.005371
0.005371
0.005371
0.005371
0.005371
0.005371
0.005371
0.005432
0.005478
0.005493
0.005493
0.005493
0.005493
0.005524
0.005615
0.005615
0.005615
0.005615
0.005615
0.005615
0.005615
0.005615
0.005615
0.005615
0.005615
0.005615
0.005615
0.005615
0.005615
0.005615
0.005615
0.005615
0.005615
0.005646
0.005676
0.005737
0.005737
0.005737
0.005737
0.005798
0.005798
0.005859
0.005859
0.005859
0.005859
0.005859
0.005859
0.005859
0.005859
0.005859
0.005859
0.005859
0.005859
0.005859
0.005981
0.005981
0.005997
0.006042
0.006042
0.006104
0.006104
0.006104
0.006104
0.006104
0.006104
0.006104
0.006104
0.006104
0.006104
0.006104
0.006104
0.006104
0.006104
0.006104
0.006195
0.006226
0.006226
0.006226
0.006226
0.006226
0.006248
0.006287
0.006287
0.006317
0.006348
0.006348
0.006348
0.006348
0.006348
0.006348
0.006348
0.006348
0.006348
0.006348
0.006348
0.006348
0.006348
0.006348
0.006348
0.006348
0.006348
0.006409
0.006409
0.006409
0.006470
0.006470
0.006470
0.006470
0.006470
0.006577
0.006592
0.006592
0.006592
0.006592
0.006592
0.006592
0.006592
0.006592
0.006592
0.006592
0.006592
0.006592
0.006622
0.006653
0.006653
0.006683
0.006714
0.006714
0.006714
0.006714
0.006714
0.006744
0.006775
0.006775
0.006836
0.006836
0.006836
0.006836
0.006836
0.006836
0.006836
0.006836
0.006836
0.006836
0.006836
0.006836
0.006836
0.006836
0.006897
0.006958
0.006958
0.006958
0.007019
0.007019
0.007080
0.007080
0.007080
0.007080
0.007080
0.007080
0.007080
0.007080
0.007080
0.007080
0.007080
0.007080
0.007080
0.007080
0.007080
0.007135
0.007202
0.007202
0.007202
0.007263
0.007263
0.007263
0.007278
0.007324
0.007324
0.007324
0.007324
0.007324
0.007324
0.007324
0.007324
0.007324
0.007324
0.007324
0.007324
0.007324
0.007324
0.007324
0.007324
0.007385
0.007385
0.007435
0.007446
0.007446
0.007446
0.007568
0.007568
0.007568
0.007568
0.007568
0.007568
0.007568
0.007568
0.007568
0.007568
0.007568
0.007568
0.007568
0.007568
0.007568
0.007568
0.007690
0.007690
0.007690
0.007690
0.007690
0.007690
0.007690
0.007690
0.007690
0.007748
0.007812
0.007812
0.007812
0.007812
0.007812
0.007812
0.007812
0.007812
0.007812
0.007812
0.007812
0.007812
0.007812
0.007812
0.007843
0.007996
0.007996
0.007996
0.008026
0.008057
0.008057
0.008057
0.008057
0.008057
0.008057
0.008057
0.008057
0.008060
0.008083
0.008118
0.008179
0.008179
0.008179
0.008179
0.008240
0.008266
0.008270
0.008301
0.008301
0.008301
0.008301
0.008301
0.008301
0.008301
0.008301
0.008301
0.008301
0.008301
0.008301
0.008316
0.008362
0.008453
0.008484
0.008545
0.008545
0.008545
0.008545
0.008545
0.008545
0.008545
0.008545
0.008545
0.008545
0.008545
0.008545
0.008545
0.008545
0.008545
0.008545
0.008545
0.008545
0.008545
0.008545
0.008575
0.008606
0.008606
0.008606
0.008636
0.008636
0.008667
0.008667
0.008667
0.008667
0.008667
0.008667
0.008667
0.008698
0.008728
0.008789
0.008789
0.008789
0.008789
0.008789
0.008789
0.008789
0.008789
0.008789
0.008789
0.008789
0.008789
0.008789
0.008789
0.008850
0.008911
0.008911
0.008911
0.008911
0.008911
0.008911
0.008911
0.008911
0.008972
0.008972
0.009033
0.009033
0.009033
0.009033
0.009033
0.009033
0.009033
0.009033
0.009033
0.009033
0.009033
0.009033
0.009033
0.009033
0.009033
0.009033
0.009033
0.009033
0.009033
0.009033
0.009033
0.009033
0.009033
0.009033
0.009064
0.009094
0.009125
0.009140
0.009155
0.009155
0.009155
0.009155
0.009155
0.009155
0.009155
0.009216
0.009216
0.009277
0.009277
0.009277
0.009277
0.009277
0.009277
0.009277
0.009277
0.009277
0.009277
0.009277
0.009277
0.009277
0.009277
0.009277
0.009277
0.009277
0.009277
0.009277
0.009277
0.009277
0.009277
0.009277
0.009277
0.009277
0.009277
0.009338
0.009399
0.009399
0.009399
0.009399
0.009399
0.009430
0.009460
0.009476
0.009521
0.009521
0.009521
0.009521
0.009521
0.009521
0.009521
0.009521
0.009521
0.009521
0.009521
0.009521
0.009521
0.009521
0.009521
0.009521
0.009521
0.009552
0.009552
0.009552
0.009567
0.009583
0.009613
0.009644
0.009644
0.009644
0.009644
0.009705
0.009705
0.009732
0.009766
0.009766
0.009766
0.009766
0.009766
0.009766
0.009766
0.009766
0.009766
0.009766
0.009766
0.009766
0.009766
0.009827
0.009827
0.009857
0.009888
0.009888
0.009888
0.009888
0.009888
0.009888
0.009888
0.009949
0.009949
0.009964
0.009995
0.009995
0.010010
0.010010
0.010010
0.010010
0.010010
0.010010
0.010010
0.010010
0.010010
0.010010
0.010010
0.010010
0.010010
0.010010
0.010010
0.010010
0.010010
0.010010
0.010010
0.010010
0.010010
0.010010
0.010010
0.010010
0.010010
0.010010
0.010010
0.010010
0.010010
0.010010
0.010040
0.010071
0.010132
0.010132
0.010132
0.010132
0.010132
0.010132
0.010193
0.010193
0.010254
0.010254
0.010254
0.010254
0.010254
0.010254
0.010254
0.010254
0.010254
0.010254
0.010254
0.010254
0.010254
0.010254
0.010254
0.010254
0.010254
0.010254
0.010254
0.010254
0.010254
0.010254
0.010254
0.010254
0.010254
0.010254
0.010315
0.010376
0.010376
0.010376
0.010376
0.010376
0.010376
0.010376
0.010376
0.010376
0.010376
0.010376
0.010376
0.010376
0.010376
0.010376
0.010406
0.010437
0.010452
0.010498
0.010498
0.010498
0.010498
0.010498
0.010498
0.010498
0.010498
0.010498
0.010498
0.010498
0.010498
0.010498
0.010498
0.010498
0.010498
0.010498
0.010498
0.010498
0.010498
0.010498
0.010498
0.010498
0.010498
0.010498
0.010559
0.010559
0.010620
0.010620
0.010620
0.010620
0.010620
0.010651
0.010674
0.010681
0.010681
0.010681
0.010742
0.010742
0.010742
0.010742
0.010742
0.010742
0.010742
0.010742
0.010742
0.010742
0.010742
0.010742
0.010742
0.010742
0.010742
0.010742
0.010742
0.010742
0.010742
0.010742
0.010742
0.010742
0.010742
0.010742
0.010742
0.010742
0.010742
0.010742
0.010742
0.010742
0.010742
0.010742
0.010803
0.010834
0.010864
0.010864
0.010864
0.010864
0.010864
0.010864
0.010925
0.010925
0.010941
0.010971
0.010986
0.010986
0.010986
0.010986
0.010986
0.010986
0.010986
0.010986
0.010986
0.010986
0.010986
0.010986
0.010986
0.010986
0.010986
0.010986
0.010986
0.010986
0.010986
0.010986
0.010986
0.010986
0.010986
0.010986
0.010986
0.010986
0.011002
0.011047
0.011047
0.011108
0.011108
0.011108
0.011108
0.011108
0.011108
0.011108
0.011108
0.011108
0.011108
0.011124
0.011139
0.011139
0.011169
0.011169
0.011169
0.011200
0.011230
0.011230
0.011230
0.011230
0.011230
0.011230
0.011230
0.011230
0.011230
0.011230
0.011230
0.011230
0.011230
0.011230
0.011230
0.011230
0.011230
0.011230
0.011230
0.011230
0.011230
0.011230
0.011230
0.011230
0.011230
0.011230
0.011230
0.011261
0.011292
0.011322
0.011337
0.011353
0.011353
0.011353
0.011353
0.011353
0.011353
0.011353
0.011353
0.011414
0.011422
0.011475
0.011475
0.011475
0.011475
0.011475
0.011475
0.011475
0.011475
0.011475
0.011475
0.011475
0.011475
0.011475
0.011475
0.011475
0.011475
0.011475
0.011475
0.011475
0.011475
0.011475
0.011475
0.011475
0.011475
0.011475
0.011475
0.011475
0.011475
0.011475
0.011475
0.011475
0.011475
0.011475
0.011475
0.011475
0.011475
0.011475
0.011475
0.011475
0.011475
0.011475
0.011536
0.011536
0.011566
0.011581
0.011597
0.011597
0.011597
0.011597
0.011597
0.011597
0.011597
0.011658
0.011658
0.011658
0.011703
0.011719
0.011719
0.011719
0.011719
0.011719
0.011719
0.011719
0.011719
0.011719
0.011719
0.011719
0.011719
0.011719
0.011719
0.011719
0.011719
0.011719
0.011719
0.011719
0.011719
0.011719
0.011719
0.011719
0.011719
0.011719
0.011719
0.011719
0.011744
0.011749
0.011780
0.011810
0.011826
0.011841
0.011841
0.011841
0.011841
0.011841
0.011887
0.011902
0.011902
0.011963
0.011963
0.011963
0.011963
0.011963
0.011963
0.011963
0.011963
0.011963
0.011963
0.011963
0.011963
0.011963
0.011963
0.011963
0.011963
0.011993
0.012085
0.012085
0.012085
0.012085
0.012085
0.012146
0.012146
0.012207
0.012207
0.012207
0.012207
0.012207
0.012207
0.012207
0.012207
0.012207
0.012207
0.012207
0.012207
0.012207
0.012207
0.012207
0.012207
0.012207
0.012329
0.012329
0.012329
0.012329
0.012329
0.012329
0.012344
0.012390
0.012390
0.012451
0.012451
0.012451
0.012451
0.012451
0.012451
0.012451
0.012451
0.012451
0.012451
0.012451
0.012451
0.012451
0.012451
0.012573
0.012573
0.012634
0.012634
0.012634
0.012695
0.012695
0.012695
0.012711
0.012756
0.012878
0.012939
0.012939
0.012939
0.012939
0.012939
0.012939
0.012939
0.012939
0.012939
0.013092
0.013184
0.013184
0.013184
0.013184
0.013184
0.013184
0.013306
0.013428
0.013428
0.013428
0.013428
0.013428
0.013489
0.013550
0.013672
0.013672
0.013672
0.013672
0.013672
0.013672
0.013672
0.013672
0.013763
0.013794
0.013794
0.013794
0.013824
0.013855
0.013916
0.013916
0.013916
0.013916
0.013916
0.014038
0.014160
0.014160
0.014160
0.014160
0.014160
0.014160
0.014160
0.014160
0.014282
0.014282
0.014343
0.014404
0.014404
0.014404
0.014404
0.014526
0.014526
0.014526
0.014526
0.014648
0.014648
0.014648
0.014648
0.014771
0.015076
0.015137
0.015137
0.015137
0.015137
0.015289
0.015381
0.015381
0.015381
0.015625
0.015625
0.015625
0.015625
0.015625
0.015869
0.015869
0.016113
0.016205
0.017090
0.017090
0.017456
0.017700
0.017822
0.017944
0.018066
0.018066
0.018311
0.018433
0.018745
0.018799
0.018799
0.019287
0.019287
0.019409
0.019531
0.019577
0.019592
0.019775
0.020020
0.020264
0.020386
0.020508
0.020508
0.020630
0.020752
0.020752
0.020996
0.020996
0.020996
0.020996
0.020996
0.020996
0.021271
0.021362
0.021545
0.021606
0.021729
0.021729
0.021790
0.021973
0.021973
0.022095
0.022217
0.022461
0.023193
0.023682
0.023743
0.024170
0.024445
0.025391
0.032356
0.034180
