0.00216
0.00244
0.00250
0.00269
0.00298
0.00317
0.00327
0.00330
0.00342
0.00366
0.00378
0.00391
0.00391
0.00391
0.00391
0.00391
0.00391
0.00391
0.00391
0.00395
0.00403
0.00403
0.00407
0.00413
0.00415
0.00415
0.00427
0.00430
0.00439
0.00439
0.00439
0.00452
0.00464
0.00464
0.00464
0.00464
0.00464
0.00464
0.00464
0.00475
0.00476
0.00480
0.00481
0.00488
0.00488
0.00488
0.00488
0.00488
0.00488
0.00488
0.00488
0.00488
0.00488
0.00488
0.00497
0.00497
0.00500
0.00500
0.00500
0.00507
0.00508
0.00513
0.00513
0.00513
0.00513
0.00516
0.00519
0.00520
0.00525
0.00525
0.00531
0.00531
0.00534
0.00536
0.00537
0.00537
0.00537
0.00537
0.00537
0.00537
0.00537
0.00545
0.00548
0.00549
0.00549
0.00549
0.00549
0.00549
0.00549
0.00552
0.00562
0.00562
0.00562
0.00562
0.00562
0.00562
0.00562
0.00562
0.00562
0.00562
0.00562
0.00562
0.00562
0.00562
0.00562
0.00568
0.00568
0.00568
0.00572
0.00574
0.00574
0.00574
0.00574
0.00585
0.00586
0.00586
0.00586
0.00586
0.00586
0.00586
0.00586
0.00586
0.00586
0.00586
0.00586
0.00586
0.00586
0.00586
0.00589
0.00594
0.00598
0.00598
0.00598
0.00598
0.00598
0.00598
0.00598
0.00598
0.00598
0.00603
0.00604
0.00610
0.00610
0.00610
0.00610
0.00610
0.00610
0.00610
0.00610
0.00610
0.00610
0.00610
0.00610
0.00610
0.00610
0.00610
0.00610
0.00610
0.00610
0.00610
0.00610
0.00610
0.00610
0.00610
0.00610
0.00613
0.00616
0.00616
0.00623
0.00623
0.00623
0.00623
0.00623
0.00623
0.00623
0.00623
0.00623
0.00626
0.00629
0.00635
0.00635
0.00635
0.00635
0.00635
0.00635
0.00635
0.00635
0.00635
0.00635
0.00635
0.00635
0.00635
0.00635
0.00635
0.00635
0.00635
0.00635
0.00635
0.00635
0.00635
0.00635
0.00635
0.00635
0.00635
0.00635
0.00635
0.00641
0.00645
0.00647
0.00647
0.00647
0.00647
0.00647
0.00647
0.00647
0.00647
0.00647
0.00650
0.00653
0.00653
0.00653
0.00653
0.00659
0.00659
0.00659
0.00659
0.00659
0.00659
0.00659
0.00659
0.00659
0.00659
0.00659
0.00659
0.00659
0.00659
0.00659
0.00659
0.00659
0.00659
0.00659
0.00659
0.00659
0.00659
0.00659
0.00659
0.00659
0.00659
0.00659
0.00659
0.00659
0.00662
0.00665
0.00665
0.00668
0.00668
0.00669
0.00671
0.00671
0.00671
0.00677
0.00677
0.00680
0.00684
0.00684
0.00684
0.00684
0.00684
0.00684
0.00684
0.00684
0.00684
0.00684
0.00684
0.00684
0.00684
0.00684
0.00684
0.00684
0.00684
0.00684
0.00684
0.00684
0.00684
0.00684
0.00684
0.00684
0.00684
0.00684
0.00684
0.00684
0.00684
0.00684
0.00684
0.00684
0.00690
0.00690
0.00696
0.00696
0.00696
0.00696
0.00696
0.00696
0.00699
0.00702
0.00703
0.00705
0.00706
0.00708
0.00708
0.00708
0.00708
0.00708
0.00708
0.00708
0.00708
0.00708
0.00708
0.00708
0.00708
0.00708
0.00708
0.00708
0.00708
0.00708
0.00708
0.00708
0.00708
0.00708
0.00708
0.00708
0.00708
0.00708
0.00708
0.00708
0.00708
0.00708
0.00708
0.00708
0.00708
0.00708
0.00708
0.00708
0.00708
0.00708
0.00708
0.00708
0.00708
0.00708
0.00711
0.00713
0.00717
0.00720
0.00720
0.00720
0.00720
0.00720
0.00720
0.00720
0.00720
0.00720
0.00720
0.00720
0.00723
0.00726
0.00726
0.00726
0.00729
0.00732
0.00732
0.00732
0.00732
0.00732
0.00732
0.00732
0.00732
0.00732
0.00732
0.00732
0.00732
0.00732
0.00732
0.00732
0.00732
0.00732
0.00732
0.00732
0.00732
0.00732
0.00732
0.00732
0.00732
0.00732
0.00732
0.00732
0.00732
0.00732
0.00732
0.00732
0.00732
0.00732
0.00732
0.00732
0.00732
0.00732
0.00732
0.00732
0.00732
0.00732
0.00732
0.00732
0.00732
0.00732
0.00732
0.00732
0.00732
0.00732
0.00732
0.00732
0.00732
0.00732
0.00732
0.00732
0.00732
0.00732
0.00732
0.00732
0.00732
0.00737
0.00737
0.00739
0.00739
0.00739
0.00740
0.00743
0.00745
0.00745
0.00745
0.00745
0.00745
0.00745
0.00745
0.00745
0.00745
0.00745
0.00745
0.00745
0.00745
0.00748
0.00750
0.00751
0.00751
0.00751
0.00752
0.00754
0.00756
0.00757
0.00757
0.00757
0.00757
0.00757
0.00757
0.00757
0.00757
0.00757
0.00757
0.00757
0.00757
0.00757
0.00757
0.00757
0.00757
0.00757
0.00757
0.00757
0.00757
0.00757
0.00757
0.00757
0.00757
0.00757
0.00757
0.00757
0.00757
0.00757
0.00757
0.00757
0.00757
0.00757
0.00757
0.00757
0.00757
0.00757
0.00757
0.00757
0.00757
0.00757
0.00757
0.00757
0.00757
0.00757
0.00757
0.00757
0.00757
0.00757
0.00757
0.00757
0.00757
0.00757
0.00757
0.00757
0.00757
0.00757
0.00757
0.00758
0.00758
0.00760
0.00760
0.00763
0.00763
0.00763
0.00763
0.00763
0.00763
0.00764
0.00765
0.00766
0.00766
0.00768
0.00768
0.00769
0.00769
0.00769
0.00769
0.00769
0.00769
0.00769
0.00769
0.00769
0.00769
0.00769
0.00769
0.00769
0.00769
0.00769
0.00769
0.00769
0.00769
0.00769
0.00769
0.00769
0.00772
0.00772
0.00774
0.00775
0.00775
0.00777
0.00777
0.00781
0.00781
0.00781
0.00781
0.00781
0.00781
0.00781
0.00781
0.00781
0.00781
0.00781
0.00781
0.00781
0.00781
0.00781
0.00781
0.00781
0.00781
0.00781
0.00781
0.00781
0.00781
0.00781
0.00781
0.00781
0.00781
0.00781
0.00781
0.00781
0.00781
0.00781
0.00781
0.00781
0.00781
0.00781
0.00781
0.00781
0.00781
0.00781
0.00781
0.00781
0.00781
0.00781
0.00781
0.00781
0.00781
0.00781
0.00781
0.00781
0.00781
0.00781
0.00781
0.00781
0.00781
0.00781
0.00781
0.00781
0.00781
0.00781
0.00781
0.00781
0.00781
0.00781
0.00781
0.00781
0.00781
0.00781
0.00781
0.00781
0.00781
0.00781
0.00781
0.00781
0.00781
0.00781
0.00781
0.00781
0.00781
0.00781
0.00781
0.00781
0.00781
0.00781
0.00781
0.00781
0.00781
0.00781
0.00781
0.00784
0.00784
0.00785
0.00786
0.00786
0.00787
0.00787
0.00787
0.00787
0.00787
0.00787
0.00787
0.00787
0.00787
0.00787
0.00788
0.00788
0.00790
0.00790
0.00790
0.00793
0.00793
0.00793
0.00793
0.00793
0.00793
0.00793
0.00793
0.00793
0.00793
0.00793
0.00793
0.00793
0.00793
0.00793
0.00793
0.00793
0.00793
0.00793
0.00793
0.00793
0.00793
0.00793
0.00793
0.00793
0.00793
0.00793
0.00793
0.00793
0.00797
0.00800
0.00800
0.00800
0.00800
0.00800
0.00800
0.00803
0.00803
0.00803
0.00806
0.00806
0.00806
0.00806
0.00806
0.00806
0.00806
0.00806
0.00806
0.00806
0.00806
0.00806
0.00806
0.00806
0.00806
0.00806
0.00806
0.00806
0.00806
0.00806
0.00806
0.00806
0.00806
0.00806
0.00806
0.00806
0.00806
0.00806
0.00806
0.00806
0.00806
0.00806
0.00806
0.00806
0.00806
0.00806
0.00806
0.00806
0.00806
0.00806
0.00806
0.00806
0.00806
0.00806
0.00806
0.00806
0.00806
0.00806
0.00806
0.00806
0.00806
0.00806
0.00806
0.00806
0.00806
0.00806
0.00806
0.00806
0.00806
0.00806
0.00806
0.00806
0.00806
0.00806
0.00806
0.00806
0.00806
0.00806
0.00806
0.00806
0.00806
0.00806
0.00806
0.00806
0.00806
0.00806
0.00806
0.00806
0.00806
0.00806
0.00806
0.00806
0.00806
0.00806
0.00806
0.00806
0.00806
0.00806
0.00806
0.00806
0.00806
0.00806
0.00806
0.00806
0.00806
0.00806
0.00806
0.00806
0.00806
0.00806
0.00806
0.00806
0.00806
0.00806
0.00806
0.00809
0.00809
0.00809
0.00809
0.00809
0.00810
0.00812
0.00812
0.00812
0.00812
0.00812
0.00812
0.00813
0.00815
0.00818
0.00818
0.00818
0.00818
0.00818
0.00818
0.00818
0.00818
0.00818
0.00818
0.00818
0.00818
0.00818
0.00818
0.00818
0.00818
0.00818
0.00818
0.00818
0.00818
0.00818
0.00818
0.00818
0.00818
0.00818
0.00818
0.00818
0.00818
0.00818
0.00818
0.00818
0.00818
0.00818
0.00819
0.00820
0.00821
0.00821
0.00821
0.00822
0.00824
0.00824
0.00824
0.00824
0.00824
0.00824
0.00824
0.00824
0.00824
0.00824
0.00824
0.00824
0.00825
0.00826
0.00826
0.00826
0.00827
0.00830
0.00830
0.00830
0.00830
0.00830
0.00830
0.00830
0.00830
0.00830
0.00830
0.00830
0.00830
0.00830
0.00830
0.00830
0.00830
0.00830
0.00830
0.00830
0.00830
0.00830
0.00830
0.00830
0.00830
0.00830
0.00830
0.00830
0.00830
0.00830
0.00830
0.00830
0.00830
0.00830
0.00830
0.00830
0.00830
0.00830
0.00830
0.00830
0.00830
0.00830
0.00830
0.00830
0.00830
0.00830
0.00830
0.00830
0.00830
0.00830
0.00830
0.00830
0.00830
0.00830
0.00830
0.00830
0.00830
0.00830
0.00830
0.00830
0.00830
0.00830
0.00830
0.00830
0.00830
0.00830
0.00830
0.00830
0.00830
0.00830
0.00830
0.00830
0.00830
0.00830
0.00830
0.00830
0.00830
0.00830
0.00830
0.00830
0.00830
0.00830
0.00830
0.00830
0.00830
0.00830
0.00830
0.00830
0.00830
0.00830
0.00830
0.00830
0.00830
0.00830
0.00830
0.00830
0.00830
0.00830
0.00830
0.00830
0.00830
0.00830
0.00830
0.00830
0.00830
0.00830
0.00830
0.00830
0.00830
0.00830
0.00830
0.00830
0.00830
0.00830
0.00830
0.00830
0.00830
0.00830
0.00830
0.00830
0.00830
0.00830
0.00830
0.00830
0.00830
0.00830
0.00830
0.00830
0.00830
0.00830
0.00830
0.00830
0.00830
0.00832
0.00832
0.00833
0.00833
0.00833
0.00836
0.00836
0.00836
0.00836
0.00836
0.00836
0.00836
0.00836
0.00836
0.00839
0.00839
0.00839
0.00842
0.00842
0.00842
0.00842
0.00842
0.00842
0.00842
0.00842
0.00842
0.00842
0.00842
0.00842
0.00842
0.00842
0.00842
0.00842
0.00842
0.00842
0.00842
0.00842
0.00842
0.00842
0.00842
0.00842
0.00842
0.00842
0.00842
0.00842
0.00842
0.00842
0.00842
0.00842
0.00842
0.00842
0.00842
0.00842
0.00843
0.00844
0.00844
0.00844
0.00845
0.00845
0.00848
0.00848
0.00848
0.00848
0.00848
0.00848
0.00848
0.00848
0.00848
0.00848
0.00848
0.00851
0.00851
0.00851
0.00851
0.00853
0.00854
0.00854
0.00854
0.00854
0.00854
0.00854
0.00854
0.00854
0.00854
0.00854
0.00854
0.00854
0.00854
0.00854
0.00854
0.00854
0.00854
0.00854
0.00854
0.00854
0.00854
0.00854
0.00854
0.00854
0.00854
0.00854
0.00854
0.00854
0.00854
0.00854
0.00854
0.00854
0.00854
0.00854
0.00854
0.00854
0.00854
0.00854
0.00854
0.00854
0.00854
0.00854
0.00854
0.00854
0.00854
0.00854
0.00854
0.00854
0.00854
0.00854
0.00854
0.00854
0.00854
0.00854
0.00854
0.00854
0.00854
0.00854
0.00854
0.00854
0.00854
0.00854
0.00854
0.00854
0.00854
0.00854
0.00854
0.00854
0.00854
0.00854
0.00854
0.00854
0.00854
0.00854
0.00854
0.00854
0.00854
0.00854
0.00854
0.00854
0.00854
0.00854
0.00854
0.00854
0.00854
0.00854
0.00854
0.00854
0.00854
0.00854
0.00854
0.00854
0.00854
0.00854
0.00854
0.00854
0.00854
0.00854
0.00854
0.00854
0.00854
0.00854
0.00854
0.00854
0.00854
0.00854
0.00854
0.00854
0.00854
0.00854
0.00854
0.00854
0.00854
0.00854
0.00854
0.00854
0.00854
0.00854
0.00854
0.00854
0.00854
0.00854
0.00854
0.00854
0.00854
0.00858
0.00859
0.00860
0.00861
0.00861
0.00861
0.00861
0.00861
0.00861
0.00861
0.00861
0.00861
0.00862
0.00862
0.00864
0.00864
0.00864
0.00864
0.00867
0.00867
0.00867
0.00867
0.00867
0.00867
0.00867
0.00867
0.00867
0.00867
0.00867
0.00867
0.00867
0.00867
0.00867
0.00867
0.00867
0.00867
0.00867
0.00867
0.00867
0.00867
0.00867
0.00867
0.00867
0.00867
0.00867
0.00867
0.00867
0.00867
0.00867
0.00867
0.00867
0.00867
0.00867
0.00867
0.00867
0.00867
0.00867
0.00867
0.00867
0.00867
0.00867
0.00867
0.00869
0.00870
0.00873
0.00873
0.00873
0.00873
0.00873
0.00873
0.00873
0.00873
0.00873
0.00873
0.00873
0.00873
0.00873
0.00873
0.00873
0.00876
0.00877
0.00878
0.00878
0.00879
0.00879
0.00879
0.00879
0.00879
0.00879
0.00879
0.00879
0.00879
0.00879
0.00879
0.00879
0.00879
0.00879
0.00879
0.00879
0.00879
0.00879
0.00879
0.00879
0.00879
0.00879
0.00879
0.00879
0.00879
0.00879
0.00879
0.00879
0.00879
0.00879
0.00879
0.00879
0.00879
0.00879
0.00879
0.00879
0.00879
0.00879
0.00879
0.00879
0.00879
0.00879
0.00879
0.00879
0.00879
0.00879
0.00879
0.00879
0.00879
0.00879
0.00879
0.00879
0.00879
0.00879
0.00879
0.00879
0.00879
0.00879
0.00879
0.00879
0.00879
0.00879
0.00879
0.00879
0.00879
0.00879
0.00879
0.00879
0.00879
0.00879
0.00879
0.00879
0.00879
0.00879
0.00879
0.00879
0.00879
0.00879
0.00879
0.00879
0.00879
0.00879
0.00879
0.00879
0.00879
0.00879
0.00879
0.00879
0.00879
0.00879
0.00879
0.00879
0.00879
0.00879
0.00879
0.00879
0.00879
0.00879
0.00879
0.00879
0.00879
0.00879
0.00879
0.00879
0.00879
0.00879
0.00879
0.00879
0.00879
0.00879
0.00879
0.00879
0.00879
0.00879
0.00879
0.00879
0.00879
0.00879
0.00879
0.00879
0.00879
0.00879
0.00879
0.00879
0.00879
0.00879
0.00879
0.00879
0.00879
0.00879
0.00879
0.00879
0.00879
0.00879
0.00879
0.00879
0.00879
0.00879
0.00879
0.00879
0.00879
0.00879
0.00882
0.00882
0.00882
0.00882
0.00883
0.00883
0.00883
0.00885
0.00885
0.00885
0.00885
0.00885
0.00885
0.00885
0.00885
0.00887
0.00887
0.00887
0.00888
0.00888
0.00888
0.00888
0.00890
0.00891
0.00891
0.00891
0.00891
0.00891
0.00891
0.00891
0.00891
0.00891
0.00891
0.00891
0.00891
0.00891
0.00891
0.00891
0.00891
0.00891
0.00891
0.00891
0.00891
0.00891
0.00891
0.00891
0.00891
0.00891
0.00891
0.00891
0.00891
0.00891
0.00891
0.00891
0.00891
0.00891
0.00891
0.00891
0.00891
0.00891
0.00891
0.00891
0.00891
0.00891
0.00891
0.00891
0.00891
0.00891
0.00891
0.00891
0.00891
0.00891
0.00893
0.00893
0.00894
0.00894
0.00896
0.00896
0.00896
0.00897
0.00897
0.00897
0.00897
0.00897
0.00897
0.00897
0.00897
0.00897
0.00897
0.00897
0.00897
0.00899
0.00900
0.00900
0.00900
0.00900
0.00900
0.00900
0.00900
0.00901
0.00903
0.00903
0.00903
0.00903
0.00903
0.00903
0.00903
0.00903
0.00903
0.00903
0.00903
0.00903
0.00903
0.00903
0.00903
0.00903
0.00903
0.00903
0.00903
0.00903
0.00903
0.00903
0.00903
0.00903
0.00903
0.00903
0.00903
0.00903
0.00903
0.00903
0.00903
0.00903
0.00903
0.00903
0.00903
0.00903
0.00903
0.00903
0.00903
0.00903
0.00903
0.00903
0.00903
0.00903
0.00903
0.00903
0.00903
0.00903
0.00903
0.00903
0.00903
0.00903
0.00903
0.00903
0.00903
0.00903
0.00903
0.00903
0.00903
0.00903
0.00903
0.00903
0.00903
0.00903
0.00903
0.00903
0.00903
0.00903
0.00903
0.00903
0.00903
0.00903
0.00903
0.00903
0.00903
0.00903
0.00903
0.00903
0.00903
0.00903
0.00903
0.00903
0.00903
0.00903
0.00903
0.00903
0.00903
0.00903
0.00903
0.00903
0.00903
0.00903
0.00903
0.00903
0.00903
0.00903
0.00903
0.00903
0.00903
0.00903
0.00903
0.00903
0.00903
0.00903
0.00903
0.00903
0.00903
0.00903
0.00903
0.00903
0.00903
0.00903
0.00903
0.00903
0.00903
0.00903
0.00903
0.00903
0.00903
0.00903
0.00903
0.00903
0.00903
0.00903
0.00903
0.00903
0.00903
0.00903
0.00903
0.00903
0.00903
0.00903
0.00903
0.00903
0.00903
0.00903
0.00903
0.00903
0.00903
0.00903
0.00903
0.00903
0.00903
0.00903
0.00903
0.00903
0.00903
0.00903
0.00903
0.00903
0.00903
0.00903
0.00903
0.00903
0.00903
0.00903
0.00903
0.00903
0.00903
0.00903
0.00903
0.00903
0.00903
0.00903
0.00903
0.00903
0.00903
0.00903
0.00903
0.00903
0.00903
0.00903
0.00903
0.00903
0.00903
0.00903
0.00903
0.00905
0.00906
0.00906
0.00906
0.00906
0.00906
0.00908
0.00908
0.00909
0.00909
0.00909
0.00909
0.00909
0.00909
0.00909
0.00909
0.00909
0.00909
0.00909
0.00909
0.00909
0.00909
0.00912
0.00912
0.00912
0.00914
0.00916
0.00916
0.00916
0.00916
0.00916
0.00916
0.00916
0.00916
0.00916
0.00916
0.00916
0.00916
0.00916
0.00916
0.00916
0.00916
0.00916
0.00916
0.00916
0.00916
0.00916
0.00916
0.00916
0.00916
0.00916
0.00916
0.00916
0.00916
0.00916
0.00916
0.00916
0.00916
0.00916
0.00916
0.00916
0.00916
0.00916
0.00916
0.00916
0.00916
0.00916
0.00916
0.00916
0.00916
0.00916
0.00916
0.00916
0.00916
0.00916
0.00916
0.00916
0.00917
0.00919
0.00919
0.00919
0.00919
0.00919
0.00919
0.00922
0.00922
0.00922
0.00922
0.00922
0.00922
0.00922
0.00922
0.00922
0.00922
0.00922
0.00922
0.00922
0.00922
0.00924
0.00925
0.00925
0.00926
0.00928
0.00928
0.00928
0.00928
0.00928
0.00928
0.00928
0.00928
0.00928
0.00928
0.00928
0.00928
0.00928
0.00928
0.00928
0.00928
0.00928
0.00928
0.00928
0.00928
0.00928
0.00928
0.00928
0.00928
0.00928
0.00928
0.00928
0.00928
0.00928
0.00928
0.00928
0.00928
0.00928
0.00928
0.00928
0.00928
0.00928
0.00928
0.00928
0.00928
0.00928
0.00928
0.00928
0.00928
0.00928
0.00928
0.00928
0.00928
0.00928
0.00928
0.00928
0.00928
0.00928
0.00928
0.00928
0.00928
0.00928
0.00928
0.00928
0.00928
0.00928
0.00928
0.00928
0.00928
0.00928
0.00928
0.00928
0.00928
0.00928
0.00928
0.00928
0.00928
0.00928
0.00928
0.00928
0.00928
0.00928
0.00928
0.00928
0.00928
0.00928
0.00928
0.00928
0.00928
0.00928
0.00928
0.00928
0.00928
0.00928
0.00928
0.00928
0.00928
0.00928
0.00928
0.00928
0.00928
0.00928
0.00928
0.00928
0.00928
0.00928
0.00928
0.00928
0.00928
0.00928
0.00928
0.00928
0.00928
0.00928
0.00928
0.00928
0.00928
0.00928
0.00928
0.00928
0.00928
0.00928
0.00928
0.00928
0.00928
0.00928
0.00928
0.00928
0.00928
0.00928
0.00928
0.00928
0.00928
0.00928
0.00928
0.00928
0.00928
0.00928
0.00928
0.00928
0.00928
0.00928
0.00928
0.00928
0.00928
0.00928
0.00928
0.00928
0.00928
0.00928
0.00928
0.00928
0.00928
0.00928
0.00928
0.00928
0.00928
0.00928
0.00928
0.00928
0.00928
0.00928
0.00928
0.00928
0.00928
0.00928
0.00928
0.00928
0.00928
0.00928
0.00928
0.00928
0.00928
0.00928
0.00928
0.00928
0.00928
0.00928
0.00928
0.00928
0.00928
0.00928
0.00928
0.00928
0.00928
0.00928
0.00928
0.00928
0.00928
0.00928
0.00928
0.00928
0.00928
0.00928
0.00928
0.00928
0.00928
0.00928
0.00928
0.00928
0.00928
0.00928
0.00928
0.00928
0.00928
0.00928
0.00928
0.00929
0.00931
0.00931
0.00931
0.00931
0.00934
0.00934
0.00934
0.00934
0.00934
0.00934
0.00934
0.00934
0.00934
0.00935
0.00935
0.00935
0.00935
0.00937
0.00937
0.00938
0.00938
0.00940
0.00940
0.00940
0.00940
0.00940
0.00940
0.00940
0.00940
0.00940
0.00940
0.00940
0.00940
0.00940
0.00940
0.00940
0.00940
0.00940
0.00940
0.00940
0.00940
0.00940
0.00940
0.00940
0.00940
0.00940
0.00940
0.00940
0.00940
0.00940
0.00940
0.00940
0.00940
0.00940
0.00940
0.00940
0.00940
0.00940
0.00940
0.00940
0.00940
0.00940
0.00940
0.00940
0.00940
0.00940
0.00940
0.00940
0.00940
0.00940
0.00940
0.00940
0.00940
0.00940
0.00940
0.00940
0.00940
0.00940
0.00940
0.00942
0.00943
0.00943
0.00943
0.00943
0.00944
0.00946
0.00946
0.00946
0.00946
0.00946
0.00946
0.00946
0.00946
0.00946
0.00946
0.00947
0.00949
0.00952
0.00952
0.00952
0.00952
0.00952
0.00952
0.00952
0.00952
0.00952
0.00952
0.00952
0.00952
0.00952
0.00952
0.00952
0.00952
0.00952
0.00952
0.00952
0.00952
0.00952
0.00952
0.00952
0.00952
0.00952
0.00952
0.00952
0.00952
0.00952
0.00952
0.00952
0.00952
0.00952
0.00952
0.00952
0.00952
0.00952
0.00952
0.00952
0.00952
0.00952
0.00952
0.00952
0.00952
0.00952
0.00952
0.00952
0.00952
0.00952
0.00952
0.00952
0.00952
0.00952
0.00952
0.00952
0.00952
0.00952
0.00952
0.00952
0.00952
0.00952
0.00952
0.00952
0.00952
0.00952
0.00952
0.00952
0.00952
0.00952
0.00952
0.00952
0.00952
0.00952
0.00952
0.00952
0.00952
0.00952
0.00952
0.00952
0.00952
0.00952
0.00952
0.00952
0.00952
0.00952
0.00952
0.00952
0.00952
0.00952
0.00952
0.00952
0.00952
0.00952
0.00952
0.00952
0.00952
0.00952
0.00952
0.00952
0.00952
0.00952
0.00952
0.00952
0.00952
0.00952
0.00952
0.00952
0.00952
0.00952
0.00952
0.00952
0.00952
0.00952
0.00952
0.00952
0.00952
0.00952
0.00952
0.00952
0.00952
0.00952
0.00952
0.00952
0.00952
0.00952
0.00952
0.00952
0.00952
0.00952
0.00952
0.00952
0.00952
0.00952
0.00952
0.00952
0.00952
0.00952
0.00952
0.00952
0.00952
0.00952
0.00952
0.00952
0.00952
0.00952
0.00952
0.00952
0.00952
0.00952
0.00952
0.00952
0.00952
0.00952
0.00952
0.00952
0.00952
0.00952
0.00952
0.00952
0.00952
0.00952
0.00952
0.00952
0.00952
0.00952
0.00952
0.00952
0.00952
0.00952
0.00952
0.00952
0.00952
0.00952
0.00952
0.00952
0.00952
0.00952
0.00952
0.00952
0.00952
0.00952
0.00952
0.00954
0.00955
0.00955
0.00955
0.00957
0.00958
0.00958
0.00958
0.00958
0.00958
0.00958
0.00958
0.00958
0.00960
0.00961
0.00961
0.00961
0.00961
0.00961
0.00963
0.00964
0.00964
0.00964
0.00964
0.00964
0.00964
0.00964
0.00964
0.00964
0.00964
0.00964
0.00964
0.00964
0.00964
0.00964
0.00964
0.00964
0.00964
0.00964
0.00964
0.00964
0.00964
0.00964
0.00964
0.00964
0.00964
0.00964
0.00964
0.00964
0.00964
0.00964
0.00964
0.00964
0.00964
0.00964
0.00964
0.00964
0.00964
0.00964
0.00964
0.00964
0.00964
0.00964
0.00964
0.00964
0.00964
0.00964
0.00964
0.00964
0.00964
0.00964
0.00964
0.00964
0.00965
0.00967
0.00967
0.00967
0.00967
0.00967
0.00967
0.00967
0.00967
0.00967
0.00970
0.00970
0.00970
0.00970
0.00970
0.00970
0.00970
0.00970
0.00970
0.00970
0.00970
0.00970
0.00971
0.00972
0.00974
0.00974
0.00974
0.00974
0.00974
0.00975
0.00975
0.00977
0.00977
0.00977
0.00977
0.00977
0.00977
0.00977
0.00977
0.00977
0.00977
0.00977
0.00977
0.00977
0.00977
0.00977
0.00977
0.00977
0.00977
0.00977
0.00977
0.00977
0.00977
0.00977
0.00977
0.00977
0.00977
0.00977
0.00977
0.00977
0.00977
0.00977
0.00977
0.00977
0.00977
0.00977
0.00977
0.00977
0.00977
0.00977
0.00977
0.00977
0.00977
0.00977
0.00977
0.00977
0.00977
0.00977
0.00977
0.00977
0.00977
0.00977
0.00977
0.00977
0.00977
0.00977
0.00977
0.00977
0.00977
0.00977
0.00977
0.00977
0.00977
0.00977
0.00977
0.00977
0.00977
0.00977
0.00977
0.00977
0.00977
0.00977
0.00977
0.00977
0.00977
0.00977
0.00977
0.00977
0.00977
0.00977
0.00977
0.00977
0.00977
0.00977
0.00977
0.00977
0.00977
0.00977
0.00977
0.00977
0.00977
0.00977
0.00977
0.00977
0.00977
0.00977
0.00977
0.00977
0.00977
0.00977
0.00977
0.00977
0.00977
0.00977
0.00977
0.00977
0.00977
0.00977
0.00977
0.00977
0.00977
0.00977
0.00977
0.00977
0.00977
0.00977
0.00977
0.00977
0.00977
0.00977
0.00977
0.00977
0.00977
0.00977
0.00977
0.00977
0.00977
0.00977
0.00977
0.00977
0.00977
0.00977
0.00977
0.00977
0.00977
0.00977
0.00977
0.00977
0.00977
0.00977
0.00977
0.00977
0.00977
0.00977
0.00977
0.00977
0.00977
0.00977
0.00977
0.00977
0.00977
0.00977
0.00977
0.00977
0.00977
0.00977
0.00977
0.00977
0.00977
0.00977
0.00977
0.00977
0.00977
0.00977
0.00977
0.00977
0.00977
0.00977
0.00977
0.00977
0.00977
0.00978
0.00978
0.00980
0.00980
0.00981
0.00981
0.00983
0.00983
0.00983
0.00983
0.00983
0.00983
0.00983
0.00983
0.00983
0.00983
0.00983
0.00983
0.00983
0.00983
0.00983
0.00984
0.00986
0.00986
0.00986
0.00987
0.00988
0.00989
0.00989
0.00989
0.00989
0.00989
0.00989
0.00989
0.00989
0.00989
0.00989
0.00989
0.00989
0.00989
0.00989
0.00989
0.00989
0.00989
0.00989
0.00989
0.00989
0.00989
0.00989
0.00989
0.00989
0.00989
0.00989
0.00989
0.00989
0.00989
0.00989
0.00989
0.00989
0.00989
0.00989
0.00989
0.00989
0.00989
0.00989
0.00989
0.00989
0.00989
0.00989
0.00989
0.00989
0.00989
0.00989
0.00989
0.00989
0.00989
0.00989
0.00989
0.00989
0.00989
0.00989
0.00989
0.00989
0.00989
0.00989
0.00989
0.00989
0.00989
0.00989
0.00989
0.00989
0.00989
0.00989
0.00990
0.00990
0.00990
0.00992
0.00992
0.00992
0.00995
0.00995
0.00995
0.00995
0.00995
0.00995
0.00995
0.00995
0.00995
0.00995
0.00995
0.00996
0.00996
0.00998
0.00998
0.00998
0.00998
0.01000
0.01001
0.01001
0.01001
0.01001
0.01001
0.01001
0.01001
0.01001
0.01001
0.01001
0.01001
0.01001
0.01001
0.01001
0.01001
0.01001
0.01001
0.01001
0.01001
0.01001
0.01001
0.01001
0.01001
0.01001
0.01001
0.01001
0.01001
0.01001
0.01001
0.01001
0.01001
0.01001
0.01001
0.01001
0.01001
0.01001
0.01001
0.01001
0.01001
0.01001
0.01001
0.01001
0.01001
0.01001
0.01001
0.01001
0.01001
0.01001
0.01001
0.01001
0.01001
0.01001
0.01001
0.01001
0.01001
0.01001
0.01001
0.01001
0.01001
0.01001
0.01001
0.01001
0.01001
0.01001
0.01001
0.01001
0.01001
0.01001
0.01001
0.01001
0.01001
0.01001
0.01001
0.01001
0.01001
0.01001
0.01001
0.01001
0.01001
0.01001
0.01001
0.01001
0.01001
0.01001
0.01001
0.01001
0.01001
0.01001
0.01001
0.01001
0.01001
0.01001
0.01001
0.01001
0.01001
0.01001
0.01001
0.01001
0.01001
0.01001
0.01001
0.01001
0.01001
0.01001
0.01001
0.01001
0.01001
0.01001
0.01001
0.01001
0.01001
0.01001
0.01001
0.01001
0.01001
0.01001
0.01001
0.01001
0.01001
0.01001
0.01001
0.01001
0.01001
0.01001
0.01001
0.01001
0.01001
0.01001
0.01001
0.01001
0.01001
0.01001
0.01001
0.01001
0.01001
0.01001
0.01001
0.01001
0.01001
0.01001
0.01001
0.01001
0.01001
0.01001
0.01001
0.01001
0.01001
0.01001
0.01001
0.01001
0.01001
0.01001
0.01001
0.01001
0.01001
0.01001
0.01001
0.01001
0.01001
0.01001
0.01001
0.01001
0.01001
0.01001
0.01001
0.01001
0.01001
0.01001
0.01001
0.01001
0.01001
0.01001
0.01001
0.01001
0.01001
0.01001
0.01001
0.01001
0.01001
0.01001
0.01001
0.01001
0.01001
0.01001
0.01001
0.01001
0.01001
0.01001
0.01001
0.01001
0.01001
0.01001
0.01001
0.01001
0.01001
0.01001
0.01001
0.01001
0.01001
0.01001
0.01001
0.01001
0.01001
0.01001
0.01001
0.01001
0.01001
0.01001
0.01001
0.01001
0.01002
0.01003
0.01003
0.01004
0.01004
0.01004
0.01004
0.01004
0.01005
0.01007
0.01007
0.01007
0.01007
0.01007
0.01007
0.01007
0.01007
0.01007
0.01007
0.01007
0.01007
0.01007
0.01009
0.01010
0.01010
0.01011
0.01011
0.01012
0.01013
0.01013
0.01013
0.01013
0.01013
0.01013
0.01013
0.01013
0.01013
0.01013
0.01013
0.01013
0.01013
0.01013
0.01013
0.01013
0.01013
0.01013
0.01013
0.01013
0.01013
0.01013
0.01013
0.01013
0.01013
0.01013
0.01013
0.01013
0.01013
0.01013
0.01013
0.01013
0.01013
0.01013
0.01013
0.01013
0.01013
0.01013
0.01013
0.01013
0.01013
0.01013
0.01013
0.01013
0.01013
0.01013
0.01013
0.01013
0.01013
0.01013
0.01013
0.01013
0.01013
0.01013
0.01013
0.01013
0.01013
0.01013
0.01013
0.01013
0.01013
0.01013
0.01013
0.01014
0.01016
0.01016
0.01016
0.01017
0.01019
0.01019
0.01019
0.01019
0.01019
0.01019
0.01019
0.01019
0.01019
0.01019
0.01019
0.01019
0.01019
0.01019
0.01019
0.01019
0.01019
0.01019
0.01019
0.01019
0.01019
0.01019
0.01021
0.01022
0.01022
0.01022
0.01022
0.01022
0.01022
0.01022
0.01022
0.01022
0.01024
0.01024
0.01025
0.01025
0.01025
0.01025
0.01025
0.01025
0.01025
0.01025
0.01025
0.01025
0.01025
0.01025
0.01025
0.01025
0.01025
0.01025
0.01025
0.01025
0.01025
0.01025
0.01025
0.01025
0.01025
0.01025
0.01025
0.01025
0.01025
0.01025
0.01025
0.01025
0.01025
0.01025
0.01025
0.01025
0.01025
0.01025
0.01025
0.01025
0.01025
0.01025
0.01025
0.01025
0.01025
0.01025
0.01025
0.01025
0.01025
0.01025
0.01025
0.01025
0.01025
0.01025
0.01025
0.01025
0.01025
0.01025
0.01025
0.01025
0.01025
0.01025
0.01025
0.01025
0.01025
0.01025
0.01025
0.01025
0.01025
0.01025
0.01025
0.01025
0.01025
0.01025
0.01025
0.01025
0.01025
0.01025
0.01025
0.01025
0.01025
0.01025
0.01025
0.01025
0.01025
0.01025
0.01025
0.01025
0.01025
0.01025
0.01025
0.01025
0.01025
0.01025
0.01025
0.01025
0.01025
0.01025
0.01025
0.01025
0.01025
0.01025
0.01025
0.01025
0.01025
0.01025
0.01025
0.01025
0.01025
0.01025
0.01025
0.01025
0.01025
0.01025
0.01025
0.01025
0.01025
0.01025
0.01025
0.01025
0.01025
0.01025
0.01025
0.01025
0.01025
0.01025
0.01025
0.01025
0.01025
0.01025
0.01025
0.01025
0.01025
0.01025
0.01025
0.01025
0.01025
0.01025
0.01025
0.01025
0.01025
0.01025
0.01025
0.01025
0.01025
0.01025
0.01025
0.01025
0.01025
0.01025
0.01025
0.01025
0.01025
0.01025
0.01025
0.01025
0.01025
0.01025
0.01025
0.01025
0.01025
0.01025
0.01025
0.01025
0.01025
0.01025
0.01025
0.01025
0.01025
0.01025
0.01025
0.01025
0.01025
0.01028
0.01031
0.01031
0.01031
0.01031
0.01031
0.01031
0.01031
0.01031
0.01031
0.01031
0.01031
0.01031
0.01031
0.01032
0.01033
0.01035
0.01035
0.01035
0.01036
0.01036
0.01038
0.01038
0.01038
0.01038
0.01038
0.01038
0.01038
0.01038
0.01038
0.01038
0.01038
0.01038
0.01038
0.01038
0.01038
0.01038
0.01038
0.01038
0.01038
0.01038
0.01038
0.01038
0.01038
0.01038
0.01038
0.01038
0.01038
0.01038
0.01038
0.01038
0.01038
0.01038
0.01038
0.01038
0.01038
0.01038
0.01038
0.01038
0.01038
0.01038
0.01038
0.01038
0.01038
0.01038
0.01038
0.01038
0.01038
0.01038
0.01038
0.01038
0.01038
0.01038
0.01038
0.01039
0.01041
0.01041
0.01041
0.01042
0.01042
0.01044
0.01044
0.01044
0.01044
0.01044
0.01044
0.01044
0.01044
0.01044
0.01045
0.01045
0.01045
0.01046
0.01047
0.01047
0.01047
0.01047
0.01047
0.01048
0.01048
0.01050
0.01050
0.01050
0.01050
0.01050
0.01050
0.01050
0.01050
0.01050
0.01050
0.01050
0.01050
0.01050
0.01050
0.01050
0.01050
0.01050
0.01050
0.01050
0.01050
0.01050
0.01050
0.01050
0.01050
0.01050
0.01050
0.01050
0.01050
0.01050
0.01050
0.01050
0.01050
0.01050
0.01050
0.01050
0.01050
0.01050
0.01050
0.01050
0.01050
0.01050
0.01050
0.01050
0.01050
0.01050
0.01050
0.01050
0.01050
0.01050
0.01050
0.01050
0.01050
0.01050
0.01050
0.01050
0.01050
0.01050
0.01050
0.01050
0.01050
0.01050
0.01050
0.01050
0.01050
0.01050
0.01050
0.01050
0.01050
0.01050
0.01050
0.01050
0.01050
0.01050
0.01050
0.01050
0.01050
0.01050
0.01050
0.01050
0.01050
0.01050
0.01050
0.01050
0.01050
0.01050
0.01050
0.01050
0.01050
0.01050
0.01050
0.01050
0.01050
0.01050
0.01050
0.01050
0.01050
0.01050
0.01050
0.01050
0.01050
0.01050
0.01050
0.01050
0.01050
0.01050
0.01050
0.01050
0.01050
0.01050
0.01050
0.01050
0.01050
0.01050
0.01050
0.01050
0.01050
0.01050
0.01050
0.01050
0.01050
0.01050
0.01050
0.01050
0.01050
0.01050
0.01050
0.01050
0.01050
0.01050
0.01050
0.01050
0.01050
0.01050
0.01050
0.01050
0.01050
0.01050
0.01050
0.01050
0.01050
0.01050
0.01050
0.01050
0.01050
0.01050
0.01050
0.01050
0.01050
0.01050
0.01050
0.01050
0.01050
0.01050
0.01050
0.01050
0.01050
0.01050
0.01050
0.01050
0.01050
0.01050
0.01050
0.01050
0.01050
0.01050
0.01050
0.01050
0.01050
0.01050
0.01050
0.01050
0.01050
0.01050
0.01050
0.01050
0.01050
0.01050
0.01051
0.01051
0.01051
0.01053
0.01053
0.01053
0.01054
0.01056
0.01056
0.01056
0.01056
0.01056
0.01056
0.01056
0.01056
0.01056
0.01056
0.01056
0.01057
0.01057
0.01059
0.01059
0.01059
0.01060
0.01061
0.01062
0.01062
0.01062
0.01062
0.01062
0.01062
0.01062
0.01062
0.01062
0.01062
0.01062
0.01062
0.01062
0.01062
0.01062
0.01062
0.01062
0.01062
0.01062
0.01062
0.01062
0.01062
0.01062
0.01062
0.01062
0.01062
0.01062
0.01062
0.01062
0.01062
0.01062
0.01062
0.01062
0.01062
0.01062
0.01062
0.01062
0.01062
0.01062
0.01062
0.01062
0.01062
0.01062
0.01062
0.01062
0.01062
0.01062
0.01062
0.01062
0.01062
0.01062
0.01065
0.01065
0.01067
0.01067
0.01068
0.01068
0.01068
0.01068
0.01068
0.01068
0.01068
0.01068
0.01068
0.01071
0.01071
0.01071
0.01071
0.01074
0.01074
0.01074
0.01074
0.01074
0.01074
0.01074
0.01074
0.01074
0.01074
0.01074
0.01074
0.01074
0.01074
0.01074
0.01074
0.01074
0.01074
0.01074
0.01074
0.01074
0.01074
0.01074
0.01074
0.01074
0.01074
0.01074
0.01074
0.01074
0.01074
0.01074
0.01074
0.01074
0.01074
0.01074
0.01074
0.01074
0.01074
0.01074
0.01074
0.01074
0.01074
0.01074
0.01074
0.01074
0.01074
0.01074
0.01074
0.01074
0.01074
0.01074
0.01074
0.01074
0.01074
0.01074
0.01074
0.01074
0.01074
0.01074
0.01074
0.01074
0.01074
0.01074
0.01074
0.01074
0.01074
0.01074
0.01074
0.01074
0.01074
0.01074
0.01074
0.01074
0.01074
0.01074
0.01074
0.01074
0.01074
0.01074
0.01074
0.01074
0.01074
0.01074
0.01074
0.01074
0.01074
0.01074
0.01074
0.01074
0.01074
0.01074
0.01074
0.01074
0.01074
0.01074
0.01074
0.01074
0.01074
0.01074
0.01074
0.01074
0.01074
0.01074
0.01074
0.01074
0.01074
0.01074
0.01074
0.01074
0.01074
0.01074
0.01074
0.01074
0.01074
0.01074
0.01074
0.01074
0.01074
0.01074
0.01074
0.01074
0.01074
0.01074
0.01074
0.01074
0.01074
0.01074
0.01074
0.01074
0.01074
0.01074
0.01074
0.01074
0.01074
0.01074
0.01074
0.01074
0.01074
0.01074
0.01074
0.01074
0.01074
0.01074
0.01074
0.01074
0.01074
0.01074
0.01074
0.01074
0.01074
0.01074
0.01074
0.01074
0.01074
0.01074
0.01074
0.01074
0.01074
0.01074
0.01074
0.01074
0.01074
0.01074
0.01074
0.01074
0.01074
0.01074
0.01074
0.01075
0.01079
0.01080
0.01080
0.01080
0.01080
0.01080
0.01080
0.01080
0.01080
0.01080
0.01080
0.01080
0.01080
0.01083
0.01084
0.01085
0.01086
0.01086
0.01086
0.01086
0.01086
0.01086
0.01086
0.01086
0.01086
0.01086
0.01086
0.01086
0.01086
0.01086
0.01086
0.01086
0.01086
0.01086
0.01086
0.01086
0.01086
0.01086
0.01086
0.01086
0.01086
0.01086
0.01086
0.01086
0.01086
0.01086
0.01086
0.01086
0.01086
0.01086
0.01086
0.01086
0.01086
0.01086
0.01086
0.01086
0.01086
0.01086
0.01086
0.01086
0.01088
0.01088
0.01089
0.01089
0.01089
0.01089
0.01090
0.01091
0.01091
0.01093
0.01093
0.01093
0.01093
0.01093
0.01093
0.01093
0.01093
0.01093
0.01093
0.01093
0.01094
0.01096
0.01099
0.01099
0.01099
0.01099
0.01099
0.01099
0.01099
0.01099
0.01099
0.01099
0.01099
0.01099
0.01099
0.01099
0.01099
0.01099
0.01099
0.01099
0.01099
0.01099
0.01099
0.01099
0.01099
0.01099
0.01099
0.01099
0.01099
0.01099
0.01099
0.01099
0.01099
0.01099
0.01099
0.01099
0.01099
0.01099
0.01099
0.01099
0.01099
0.01099
0.01099
0.01099
0.01099
0.01099
0.01099
0.01099
0.01099
0.01099
0.01099
0.01099
0.01099
0.01099
0.01099
0.01099
0.01099
0.01099
0.01099
0.01099
0.01099
0.01099
0.01099
0.01099
0.01099
0.01099
0.01099
0.01099
0.01099
0.01099
0.01099
0.01099
0.01099
0.01099
0.01099
0.01099
0.01099
0.01099
0.01099
0.01099
0.01099
0.01099
0.01099
0.01099
0.01099
0.01099
0.01099
0.01099
0.01099
0.01099
0.01099
0.01099
0.01099
0.01099
0.01099
0.01099
0.01099
0.01099
0.01099
0.01099
0.01099
0.01099
0.01099
0.01099
0.01099
0.01099
0.01099
0.01099
0.01099
0.01099
0.01099
0.01099
0.01099
0.01099
0.01099
0.01099
0.01099
0.01099
0.01099
0.01099
0.01099
0.01099
0.01099
0.01099
0.01099
0.01099
0.01099
0.01099
0.01099
0.01099
0.01099
0.01099
0.01099
0.01099
0.01099
0.01099
0.01099
0.01099
0.01099
0.01099
0.01099
0.01099
0.01099
0.01099
0.01099
0.01099
0.01099
0.01099
0.01099
0.01099
0.01100
0.01101
0.01102
0.01102
0.01102
0.01103
0.01105
0.01105
0.01105
0.01105
0.01105
0.01105
0.01105
0.01105
0.01105
0.01105
0.01105
0.01105
0.01105
0.01105
0.01105
0.01105
0.01105
0.01105
0.01105
0.01108
0.01108
0.01108
0.01108
0.01111
0.01111
0.01111
0.01111
0.01111
0.01111
0.01111
0.01111
0.01111
0.01111
0.01111
0.01111
0.01111
0.01111
0.01111
0.01111
0.01111
0.01111
0.01111
0.01111
0.01111
0.01111
0.01111
0.01111
0.01111
0.01111
0.01111
0.01111
0.01111
0.01111
0.01111
0.01111
0.01111
0.01111
0.01111
0.01111
0.01111
0.01111
0.01111
0.01111
0.01111
0.01112
0.01113
0.01113
0.01114
0.01114
0.01117
0.01117
0.01117
0.01117
0.01117
0.01117
0.01117
0.01117
0.01117
0.01117
0.01118
0.01118
0.01120
0.01122
0.01122
0.01123
0.01123
0.01123
0.01123
0.01123
0.01123
0.01123
0.01123
0.01123
0.01123
0.01123
0.01123
0.01123
0.01123
0.01123
0.01123
0.01123
0.01123
0.01123
0.01123
0.01123
0.01123
0.01123
0.01123
0.01123
0.01123
0.01123
0.01123
0.01123
0.01123
0.01123
0.01123
0.01123
0.01123
0.01123
0.01123
0.01123
0.01123
0.01123
0.01123
0.01123
0.01123
0.01123
0.01123
0.01123
0.01123
0.01123
0.01123
0.01123
0.01123
0.01123
0.01123
0.01123
0.01123
0.01123
0.01123
0.01123
0.01123
0.01123
0.01123
0.01123
0.01123
0.01123
0.01123
0.01123
0.01123
0.01123
0.01123
0.01123
0.01123
0.01123
0.01123
0.01123
0.01123
0.01123
0.01123
0.01123
0.01123
0.01123
0.01123
0.01123
0.01123
0.01123
0.01123
0.01123
0.01123
0.01123
0.01123
0.01123
0.01123
0.01123
0.01123
0.01123
0.01123
0.01123
0.01123
0.01123
0.01123
0.01123
0.01123
0.01123
0.01123
0.01123
0.01123
0.01123
0.01123
0.01123
0.01123
0.01123
0.01123
0.01123
0.01123
0.01123
0.01123
0.01123
0.01123
0.01123
0.01123
0.01123
0.01123
0.01123
0.01123
0.01123
0.01123
0.01123
0.01123
0.01123
0.01123
0.01123
0.01125
0.01125
0.01125
0.01126
0.01126
0.01128
0.01128
0.01129
0.01129
0.01129
0.01129
0.01129
0.01129
0.01129
0.01132
0.01132
0.01132
0.01134
0.01134
0.01135
0.01135
0.01135
0.01135
0.01135
0.01135
0.01135
0.01135
0.01135
0.01135
0.01135
0.01135
0.01135
0.01135
0.01135
0.01135
0.01135
0.01135
0.01135
0.01135
0.01135
0.01135
0.01135
0.01135
0.01135
0.01135
0.01135
0.01135
0.01135
0.01135
0.01135
0.01135
0.01135
0.01135
0.01135
0.01135
0.01138
0.01138
0.01141
0.01141
0.01141
0.01141
0.01141
0.01141
0.01144
0.01144
0.01144
0.01144
0.01146
0.01147
0.01147
0.01147
0.01147
0.01147
0.01147
0.01147
0.01147
0.01147
0.01147
0.01147
0.01147
0.01147
0.01147
0.01147
0.01147
0.01147
0.01147
0.01147
0.01147
0.01147
0.01147
0.01147
0.01147
0.01147
0.01147
0.01147
0.01147
0.01147
0.01147
0.01147
0.01147
0.01147
0.01147
0.01147
0.01147
0.01147
0.01147
0.01147
0.01147
0.01147
0.01147
0.01147
0.01147
0.01147
0.01147
0.01147
0.01147
0.01147
0.01147
0.01147
0.01147
0.01147
0.01147
0.01147
0.01147
0.01147
0.01147
0.01147
0.01147
0.01147
0.01147
0.01147
0.01147
0.01147
0.01147
0.01147
0.01147
0.01147
0.01147
0.01147
0.01147
0.01147
0.01147
0.01147
0.01147
0.01147
0.01147
0.01147
0.01147
0.01147
0.01147
0.01147
0.01147
0.01147
0.01147
0.01147
0.01147
0.01147
0.01147
0.01147
0.01147
0.01147
0.01147
0.01147
0.01147
0.01147
0.01147
0.01147
0.01147
0.01147
0.01147
0.01149
0.01149
0.01151
0.01151
0.01151
0.01152
0.01154
0.01154
0.01154
0.01154
0.01154
0.01154
0.01156
0.01157
0.01158
0.01160
0.01160
0.01160
0.01160
0.01160
0.01160
0.01160
0.01160
0.01160
0.01160
0.01160
0.01160
0.01160
0.01160
0.01160
0.01160
0.01160
0.01160
0.01160
0.01160
0.01160
0.01160
0.01160
0.01160
0.01160
0.01160
0.01160
0.01160
0.01160
0.01160
0.01160
0.01160
0.01160
0.01160
0.01160
0.01160
0.01162
0.01162
0.01163
0.01163
0.01163
0.01163
0.01164
0.01166
0.01166
0.01166
0.01166
0.01166
0.01166
0.01169
0.01169
0.01169
0.01170
0.01172
0.01172
0.01172
0.01172
0.01172
0.01172
0.01172
0.01172
0.01172
0.01172
0.01172
0.01172
0.01172
0.01172
0.01172
0.01172
0.01172
0.01172
0.01172
0.01172
0.01172
0.01172
0.01172
0.01172
0.01172
0.01172
0.01172
0.01172
0.01172
0.01172
0.01172
0.01172
0.01172
0.01172
0.01172
0.01172
0.01172
0.01172
0.01172
0.01172
0.01172
0.01172
0.01172
0.01172
0.01172
0.01172
0.01172
0.01172
0.01172
0.01172
0.01172
0.01172
0.01172
0.01172
0.01172
0.01172
0.01172
0.01172
0.01172
0.01172
0.01172
0.01172
0.01172
0.01172
0.01172
0.01172
0.01172
0.01172
0.01172
0.01172
0.01172
0.01172
0.01172
0.01172
0.01172
0.01172
0.01172
0.01172
0.01172
0.01172
0.01172
0.01172
0.01172
0.01172
0.01172
0.01172
0.01172
0.01172
0.01172
0.01172
0.01172
0.01175
0.01176
0.01177
0.01178
0.01178
0.01178
0.01178
0.01178
0.01178
0.01178
0.01178
0.01178
0.01178
0.01178
0.01178
0.01178
0.01178
0.01181
0.01181
0.01181
0.01181
0.01183
0.01183
0.01184
0.01184
0.01184
0.01184
0.01184
0.01184
0.01184
0.01184
0.01184
0.01184
0.01184
0.01184
0.01184
0.01184
0.01184
0.01184
0.01184
0.01184
0.01184
0.01184
0.01184
0.01184
0.01184
0.01187
0.01190
0.01190
0.01190
0.01190
0.01190
0.01190
0.01190
0.01190
0.01190
0.01190
0.01193
0.01194
0.01194
0.01195
0.01195
0.01196
0.01196
0.01196
0.01196
0.01196
0.01196
0.01196
0.01196
0.01196
0.01196
0.01196
0.01196
0.01196
0.01196
0.01196
0.01196
0.01196
0.01196
0.01196
0.01196
0.01196
0.01196
0.01196
0.01196
0.01196
0.01196
0.01196
0.01196
0.01196
0.01196
0.01196
0.01196
0.01196
0.01196
0.01196
0.01196
0.01196
0.01196
0.01196
0.01196
0.01196
0.01196
0.01196
0.01196
0.01196
0.01196
0.01196
0.01196
0.01196
0.01196
0.01196
0.01196
0.01196
0.01196
0.01196
0.01196
0.01196
0.01196
0.01196
0.01196
0.01196
0.01196
0.01196
0.01196
0.01196
0.01196
0.01196
0.01196
0.01196
0.01196
0.01196
0.01196
0.01196
0.01196
0.01199
0.01201
0.01202
0.01202
0.01202
0.01202
0.01202
0.01202
0.01204
0.01208
0.01208
0.01208
0.01208
0.01208
0.01208
0.01208
0.01208
0.01208
0.01208
0.01208
0.01208
0.01208
0.01208
0.01208
0.01208
0.01208
0.01208
0.01208
0.01208
0.01208
0.01208
0.01208
0.01212
0.01212
0.01214
0.01215
0.01215
0.01215
0.01215
0.01215
0.01215
0.01215
0.01217
0.01218
0.01218
0.01221
0.01221
0.01221
0.01221
0.01221
0.01221
0.01221
0.01221
0.01221
0.01221
0.01221
0.01221
0.01221
0.01221
0.01221
0.01221
0.01221
0.01221
0.01221
0.01221
0.01221
0.01221
0.01221
0.01221
0.01221
0.01221
0.01221
0.01221
0.01221
0.01221
0.01221
0.01221
0.01221
0.01221
0.01221
0.01221
0.01221
0.01221
0.01221
0.01221
0.01221
0.01221
0.01221
0.01221
0.01221
0.01221
0.01221
0.01221
0.01221
0.01221
0.01221
0.01221
0.01221
0.01221
0.01221
0.01221
0.01221
0.01221
0.01221
0.01221
0.01221
0.01221
0.01221
0.01221
0.01221
0.01221
0.01221
0.01221
0.01221
0.01221
0.01221
0.01221
0.01224
0.01227
0.01227
0.01227
0.01227
0.01227
0.01227
0.01228
0.01228
0.01230
0.01230
0.01233
0.01233
0.01233
0.01233
0.01233
0.01233
0.01233
0.01233
0.01233
0.01233
0.01233
0.01233
0.01233
0.01233
0.01233
0.01233
0.01233
0.01233
0.01233
0.01233
0.01233
0.01233
0.01233
0.01236
0.01239
0.01239
0.01242
0.01245
0.01245
0.01245
0.01245
0.01245
0.01245
0.01245
0.01245
0.01245
0.01245
0.01245
0.01245
0.01245
0.01245
0.01245
0.01245
0.01245
0.01245
0.01245
0.01245
0.01245
0.01245
0.01245
0.01245
0.01245
0.01245
0.01245
0.01245
0.01245
0.01245
0.01245
0.01245
0.01245
0.01245
0.01245
0.01245
0.01245
0.01245
0.01245
0.01245
0.01245
0.01245
0.01245
0.01245
0.01245
0.01245
0.01245
0.01245
0.01245
0.01245
0.01245
0.01245
0.01245
0.01245
0.01247
0.01247
0.01250
0.01251
0.01251
0.01253
0.01254
0.01257
0.01257
0.01257
0.01257
0.01257
0.01257
0.01257
0.01257
0.01257
0.01257
0.01257
0.01257
0.01257
0.01257
0.01257
0.01257
0.01257
0.01257
0.01258
0.01263
0.01263
0.01263
0.01263
0.01265
0.01270
0.01270
0.01270
0.01270
0.01270
0.01270
0.01270
0.01270
0.01270
0.01270
0.01270
0.01270
0.01270
0.01270
0.01270
0.01270
0.01270
0.01270
0.01270
0.01270
0.01270
0.01270
0.01270
0.01270
0.01270
0.01270
0.01270
0.01270
0.01270
0.01270
0.01270
0.01270
0.01270
0.01270
0.01270
0.01270
0.01270
0.01270
0.01270
0.01270
0.01270
0.01270
0.01270
0.01270
0.01270
0.01270
0.01270
0.01270
0.01270
0.01270
0.01271
0.01273
0.01276
0.01276
0.01276
0.01279
0.01282
0.01282
0.01282
0.01282
0.01282
0.01282
0.01282
0.01282
0.01282
0.01282
0.01282
0.01282
0.01282
0.01282
0.01282
0.01282
0.01282
0.01283
0.01285
0.01288
0.01288
0.01288
0.01288
0.01292
0.01294
0.01294
0.01294
0.01294
0.01294
0.01294
0.01294
0.01294
0.01294
0.01294
0.01294
0.01294
0.01294
0.01294
0.01294
0.01294
0.01294
0.01294
0.01294
0.01294
0.01294
0.01294
0.01294
0.01294
0.01294
0.01294
0.01294
0.01294
0.01294
0.01294
0.01294
0.01294
0.01294
0.01294
0.01294
0.01294
0.01294
0.01294
0.01296
0.01297
0.01300
0.01300
0.01300
0.01300
0.01303
0.01306
0.01306
0.01306
0.01306
0.01306
0.01306
0.01306
0.01306
0.01306
0.01306
0.01312
0.01312
0.01312
0.01314
0.01318
0.01318
0.01318
0.01318
0.01318
0.01318
0.01318
0.01318
0.01318
0.01318
0.01318
0.01318
0.01318
0.01318
0.01318
0.01318
0.01318
0.01318
0.01318
0.01318
0.01318
0.01318
0.01318
0.01318
0.01318
0.01318
0.01318
0.01318
0.01318
0.01318
0.01318
0.01318
0.01318
0.01318
0.01318
0.01318
0.01318
0.01318
0.01318
0.01318
0.01318
0.01318
0.01323
0.01324
0.01324
0.01324
0.01326
0.01331
0.01331
0.01331
0.01331
0.01334
0.01343
0.01343
0.01343
0.01343
0.01343
0.01343
0.01343
0.01343
0.01343
0.01343
0.01343
0.01343
0.01343
0.01343
0.01343
0.01343
0.01343
0.01343
0.01343
0.01343
0.01343
0.01343
0.01343
0.01343
0.01343
0.01343
0.01343
0.01343
0.01343
0.01349
0.01349
0.01349
0.01354
0.01355
0.01355
0.01355
0.01355
0.01355
0.01355
0.01355
0.01355
0.01355
0.01361
0.01361
0.01361
0.01367
0.01367
0.01367
0.01367
0.01367
0.01367
0.01367
0.01367
0.01367
0.01367
0.01367
0.01367
0.01367
0.01367
0.01367
0.01367
0.01367
0.01367
0.01367
0.01367
0.01367
0.01367
0.01367
0.01372
0.01373
0.01379
0.01379
0.01379
0.01379
0.01379
0.01379
0.01379
0.01392
0.01392
0.01392
0.01392
0.01392
0.01392
0.01392
0.01392
0.01392
0.01392
0.01392
0.01392
0.01392
0.01392
0.01392
0.01392
0.01392
0.01392
0.01392
0.01392
0.01392
0.01392
0.01392
0.01392
0.01395
0.01398
0.01398
0.01399
0.01404
0.01404
0.01404
0.01404
0.01404
0.01404
0.01404
0.01404
0.01404
0.01404
0.01404
0.01405
0.01408
0.01410
0.01416
0.01416
0.01416
0.01416
0.01416
0.01416
0.01416
0.01416
0.01416
0.01416
0.01416
0.01416
0.01416
0.01416
0.01416
0.01416
0.01416
0.01416
0.01416
0.01416
0.01416
0.01416
0.01416
0.01416
0.01416
0.01428
0.01428
0.01428
0.01428
0.01428
0.01428
0.01428
0.01431
0.01431
0.01434
0.01440
0.01440
0.01440
0.01440
0.01440
0.01440
0.01440
0.01440
0.01440
0.01440
0.01440
0.01440
0.01440
0.01440
0.01440
0.01440
0.01440
0.01440
0.01440
0.01440
0.01440
0.01440
0.01440
0.01447
0.01447
0.01450
0.01453
0.01453
0.01453
0.01453
0.01453
0.01453
0.01462
0.01465
0.01465
0.01465
0.01465
0.01465
0.01465
0.01465
0.01465
0.01465
0.01465
0.01465
0.01465
0.01465
0.01465
0.01474
0.01476
0.01477
0.01477
0.01477
0.01477
0.01477
0.01483
0.01483
0.01486
0.01489
0.01489
0.01489
0.01489
0.01489
0.01489
0.01489
0.01489
0.01489
0.01489
0.01489
0.01489
0.01489
0.01489
0.01489
0.01489
0.01489
0.01489
0.01489
0.01489
0.01489
0.01489
0.01489
0.01489
0.01492
0.01495
0.01501
0.01501
0.01501
0.01501
0.01501
0.01501
0.01501
0.01501
0.01501
0.01501
0.01501
0.01508
0.01510
0.01511
0.01514
0.01514
0.01514
0.01514
0.01514
0.01514
0.01514
0.01514
0.01514
0.01526
0.01526
0.01532
0.01532
0.01535
0.01535
0.01538
0.01538
0.01538
0.01538
0.01538
0.01538
0.01538
0.01538
0.01538
0.01538
0.01538
0.01538
0.01538
0.01538
0.01544
0.01544
0.01547
0.01550
0.01550
0.01550
0.01553
0.01556
0.01559
0.01559
0.01562
0.01562
0.01562
0.01562
0.01562
0.01562
0.01562
0.01562
0.01562
0.01562
0.01562
0.01562
0.01562
0.01562
0.01562
0.01562
0.01562
0.01562
0.01562
0.01562
0.01566
0.01569
0.01569
0.01575
0.01575
0.01575
0.01575
0.01575
0.01581
0.01587
0.01587
0.01587
0.01587
0.01587
0.01587
0.01587
0.01587
0.01587
0.01587
0.01587
0.01587
0.01587
0.01587
0.01587
0.01587
0.01587
0.01587
0.01587
0.01590
0.01599
0.01599
0.01599
0.01599
0.01599
0.01599
0.01599
0.01599
0.01601
0.01604
0.01607
0.01608
0.01611
0.01611
0.01611
0.01611
0.01611
0.01611
0.01611
0.01611
0.01611
0.01611
0.01611
0.01611
0.01611
0.01611
0.01611
0.01612
0.01614
0.01614
0.01615
0.01624
0.01624
0.01624
0.01624
0.01626
0.01627
0.01630
0.01630
0.01630
0.01633
0.01636
0.01636
0.01636
0.01636
0.01636
0.01636
0.01636
0.01636
0.01636
0.01636
0.01636
0.01636
0.01636
0.01636
0.01642
0.01642
0.01648
0.01648
0.01648
0.01648
0.01648
0.01648
0.01653
0.01654
0.01660
0.01660
0.01660
0.01660
0.01660
0.01660
0.01660
0.01660
0.01660
0.01660
0.01660
0.01660
0.01666
0.01670
0.01672
0.01672
0.01672
0.01672
0.01672
0.01678
0.01685
0.01685
0.01685
0.01685
0.01685
0.01685
0.01685
0.01685
0.01685
0.01685
0.01685
0.01685
0.01685
0.01688
0.01691
0.01691
0.01691
0.01697
0.01697
0.01697
0.01697
0.01697
0.01697
0.01703
0.01703
0.01703
0.01709
0.01709
0.01709
0.01709
0.01709
0.01709
0.01709
0.01709
0.01709
0.01709
0.01709
0.01709
0.01709
0.01709
0.01712
0.01715
0.01721
0.01721
0.01721
0.01727
0.01730
0.01733
0.01733
0.01733
0.01733
0.01733
0.01733
0.01733
0.01733
0.01733
0.01733
0.01733
0.01733
0.01733
0.01733
0.01733
0.01733
0.01733
0.01733
0.01733
0.01740
0.01740
0.01743
0.01746
0.01746
0.01752
0.01758
0.01758
0.01758
0.01758
0.01758
0.01758
0.01758
0.01758
0.01758
0.01758
0.01758
0.01758
0.01758
0.01758
0.01762
0.01766
0.01767
0.01770
0.01770
0.01770
0.01770
0.01770
0.01770
0.01770
0.01770
0.01779
0.01779
0.01782
0.01782
0.01782
0.01782
0.01782
0.01782
0.01782
0.01782
0.01782
0.01782
0.01782
0.01782
0.01782
0.01782
0.01782
0.01782
0.01782
0.01782
0.01782
0.01782
0.01794
0.01794
0.01794
0.01794
0.01794
0.01801
0.01801
0.01807
0.01807
0.01807
0.01807
0.01807
0.01807
0.01807
0.01807
0.01807
0.01807
0.01807
0.01807
0.01807
0.01807
0.01807
0.01807
0.01807
0.01807
0.01807
0.01807
0.01807
0.01807
0.01817
0.01819
0.01819
0.01819
0.01819
0.01819
0.01819
0.01819
0.01819
0.01819
0.01819
0.01825
0.01830
0.01831
0.01831
0.01831
0.01831
0.01831
0.01831
0.01831
0.01831
0.01831
0.01831
0.01831
0.01831
0.01831
0.01831
0.01833
0.01837
0.01839
0.01839
0.01839
0.01843
0.01843
0.01843
0.01843
0.01843
0.01843
0.01843
0.01843
0.01843
0.01843
0.01846
0.01852
0.01855
0.01855
0.01855
0.01855
0.01855
0.01855
0.01855
0.01855
0.01855
0.01855
0.01855
0.01855
0.01855
0.01855
0.01855
0.01855
0.01855
0.01855
0.01855
0.01855
0.01862
0.01865
0.01868
0.01868
0.01868
0.01869
0.01874
0.01874
0.01874
0.01880
0.01880
0.01880
0.01880
0.01880
0.01880
0.01880
0.01880
0.01880
0.01880
0.01880
0.01880
0.01880
0.01880
0.01880
0.01880
0.01886
0.01892
0.01892
0.01892
0.01892
0.01892
0.01900
0.01904
0.01904
0.01904
0.01904
0.01904
0.01904
0.01904
0.01904
0.01904
0.01904
0.01904
0.01904
0.01907
0.01907
0.01913
0.01917
0.01917
0.01917
0.01923
0.01929
0.01929
0.01929
0.01929
0.01929
0.01929
0.01929
0.01929
0.01929
0.01929
0.01929
0.01941
0.01941
0.01941
0.01947
0.01953
0.01953
0.01953
0.01953
0.01953
0.01953
0.01953
0.01953
0.01953
0.01953
0.01953
0.01959
0.01962
0.01964
0.01965
0.01965
0.01965
0.01965
0.01965
0.01965
0.01965
0.01965
0.01971
0.01971
0.01974
0.01978
0.01978
0.01978
0.01978
0.01978
0.01978
0.01978
0.01978
0.01978
0.01978
0.01978
0.01978
0.01978
0.01978
0.01978
0.01978
0.01984
0.01990
0.01996
0.02002
0.02002
0.02002
0.02002
0.02002
0.02002
0.02002
0.02002
0.02002
0.02002
0.02002
0.02002
0.02003
0.02008
0.02014
0.02014
0.02014
0.02020
0.02020
0.02026
0.02026
0.02026
0.02026
0.02026
0.02026
0.02026
0.02026
0.02026
0.02026
0.02026
0.02026
0.02026
0.02029
0.02032
0.02032
0.02032
0.02039
0.02039
0.02039
0.02039
0.02045
0.02045
0.02045
0.02051
0.02051
0.02051
0.02051
0.02051
0.02051
0.02051
0.02055
0.02057
0.02057
0.02058
0.02063
0.02063
0.02069
0.02075
0.02075
0.02075
0.02075
0.02075
0.02075
0.02075
0.02075
0.02075
0.02075
0.02075
0.02075
0.02075
0.02075
0.02075
0.02075
0.02075
0.02075
0.02087
0.02087
0.02094
0.02094
0.02100
0.02100
0.02100
0.02100
0.02100
0.02100
0.02100
0.02100
0.02100
0.02100
0.02100
0.02100
0.02112
0.02112
0.02121
0.02124
0.02124
0.02124
0.02124
0.02124
0.02124
0.02124
0.02124
0.02124
0.02124
0.02124
0.02130
0.02132
0.02136
0.02136
0.02136
0.02142
0.02148
0.02148
0.02148
0.02148
0.02148
0.02148
0.02148
0.02148
0.02148
0.02148
0.02148
0.02148
0.02148
0.02155
0.02161
0.02161
0.02161
0.02173
0.02173
0.02173
0.02173
0.02173
0.02179
0.02185
0.02185
0.02191
0.02197
0.02197
0.02197
0.02197
0.02197
0.02197
0.02197
0.02209
0.02216
0.02216
0.02222
0.02222
0.02222
0.02222
0.02222
0.02222
0.02222
0.02222
0.02222
0.02222
0.02225
0.02228
0.02228
0.02234
0.02246
0.02246
0.02246
0.02246
0.02246
0.02246
0.02246
0.02252
0.02271
0.02271
0.02271
0.02271
0.02271
0.02289
0.02295
0.02295
0.02295
0.02295
0.02295
0.02295
0.02295
0.02295
0.02295
0.02307
0.02307
0.02307
0.02309
0.02319
0.02319
0.02319
0.02319
0.02319
0.02319
0.02319
0.02332
0.02332
0.02338
0.02341
0.02344
0.02350
0.02364
0.02368
0.02368
0.02374
0.02380
0.02380
0.02386
0.02393
0.02393
0.02393
0.02405
0.02416
0.02417
0.02417
0.02417
0.02423
0.02429
0.02441
0.02441
0.02441
0.02441
0.02466
0.02478
0.02490
0.02490
0.02490
0.02502
0.02502
0.02515
0.02515
0.02515
0.02524
0.02533
0.02533
0.02545
0.02548
0.02551
0.02551
0.02554
0.02563
0.02563
0.02576
0.02588
0.02588
0.02588
0.02588
0.02606
0.02612
0.02612
0.02612
0.02634
0.02637
0.02637
0.02637
0.02649
0.02661
0.02661
0.02661
0.02673
0.02686
0.02686
0.02701
0.02704
0.02710
0.02710
0.02713
0.02719
0.02722
0.02731
0.02734
0.02734
0.02734
0.02740
0.02747
0.02759
0.02759
0.02783
0.02783
0.02783
0.02795
0.02820
0.02832
0.02832
0.02832
0.02838
0.02844
0.02856
0.02881
0.02884
0.02905
0.02905
0.02905
0.02928
0.02930
0.02930
0.02930
0.02942
0.02954
0.02954
0.02966
0.02977
0.02979
0.02991
0.02991
0.02991
0.02991
0.03000
0.03015
0.03027
0.03052
0.03061
0.03064
0.03076
0.03076
0.03079
0.03101
0.03101
0.03101
0.03113
0.03113
0.03123
0.03149
0.03174
0.03174
0.03198
0.03214
0.03223
0.03271
0.03271
0.03271
0.03296
0.03296
0.03308
0.03333
0.03357
0.03369
0.03369
0.03418
0.03418
0.03540
0.03558
0.03638
0.03699
0.03711
0.03815
0.03857
0.03906
0.04053
0.04053
0.04068
0.04277
0.04517
0.04541
0.04541
0.04688
0.04810
0.05127
0.05225
0.05859
0.06116
