301051 10 39 3.9
301378 3 9 3
301344 1 1 1
1140 10 17 1.7
301466 3 6 2
777 4 6 1.5
301194 5 25 5
900 13 16 1.23077
1208 1 1 1
1017 1 1 1
969 4 12 3
301404 8 11 1.375
301038 4 20 5
609 10 10 1
1215 6 10 1.66667
301428 13 30 2.30769
553 3 27 9
368 1 1 1
300926 10 21 2.1
300655 12 32 2.66667
1166 6 34 5.66667
300792 7 7 1
937 4 13 3.25
117 2 2 1
978 1 1 1
200930 7 7 1
200705 7 7 1
200809 5 5 1
106 16 26 1.625
699 1 1 1
100049 12 12 1
201564 7 7 1
489 2 2 1
103 8 14 1.75
387 9 10 1.11111
201433 9 9 1
200796 5 5 1
100563 10 15 1.5
101491 9 9 1
201486 1 1 1
200895 1 1 1
201520 4 12 3
101351 13 21 1.61538
100923 3 8 2.66667
100757 9 19 2.11111
200807 8 14 1.75
201382 4 4 1
201492 1 1 1
200967 1 1 1
301304 13 13 1
301502 9 10 1.11111
301088 8 9 1.125
200784 5 12 2.4
201573 1 1 1
301023 2 2 1
1503 3 3 1
301072 9 11 1.22222
300382 8 8 1
300996 1 1 1
301294 10 12 1.2
300769 5 5 1
1126 14 28 2
1439 9 9 1
1211 9 41 4.55556
1028 3 3 1
1316 5 40 8
300277 4 11 2.75
300928 12 27 2.25
1304 8 12 1.5
300517 2 20 10
300651 14 55 3.92857
315 11 16 1.45455
1255 3 3 1
342 3 10 3.33333
705 10 24 2.4
300882 4 11 2.75
300210 5 13 2.6
300856 6 21 3.5
1467 5 5 1
301070 1 1 1
300291 6 16 2.66667
300225 15 25 1.66667
300148 9 42 4.66667
1032 12 27 2.25
300685 5 7 1.4
300444 5 8 1.6
1297 8 30 3.75
301442 3 5 1.66667
300033 3 4 1.33333
301036 5 36 7.2
300157 14 49 3.5
300674 10 22 2.2
301358 8 13 1.625
1424 1 1 1
300164 6 21 3.5
155 15 52 3.46667
874 7 7 1
100861 15 56 3.73333
100682 1 1 1
300229 7 7 1
1091 9 9 1
300759 7 37 5.28571
351 3 10 3.33333
963 5 10 2
394 1 1 1
100010 64 105 1.64062
1267 4 46 11.5
300466 1 1 1
300703 7 7 1
1230 7 40 5.71429
100817 13 16 1.23077
100305 12 12 1
507 7 12 1.71429
629 1 1 1
100729 1 1 1
300432 3 3 1
230 12 20 1.66667
839 10 28 2.8
100256 11 14 1.27273
201010 1 1 1
100567 6 8 1.33333
678 2 6 3
300205 6 7 1.16667
200089 14 20 1.42857
581 6 6 1
100653 7 13 1.85714
525 7 15 2.14286
100839 11 11 1
201251 3 8 2.66667
101260 2 2 1
284 5 7 1.4
100718 13 17 1.30769
101403 2 2 1
201041 1 1 1
200214 7 24 3.42857
201442 14 19 1.35714
200567 6 6 1
100012 59 93 1.57627
101103 6 18 3
100140 4 7 1.75
101278 10 12 1.2
200693 11 16 1.45455
200834 10 13 1.3
200764 3 3 1
200671 8 30 3.75
100476 12 30 2.5
200974 12 26 2.16667
201424 5 34 6.8
200781 3 3 1
100017 32 46 1.4375
201471 4 10 2.5
201390 8 8 1
201367 8 30 3.75
100797 3 7 2.33333
201559 5 7 1.4
300357 9 9 1
200712 1 1 1
100161 2 7 3.5
100207 3 5 1.66667
200682 1 1 1
201103 1 1 1
200242 5 13 2.6
200642 7 7 1
200897 10 16 1.6
101309 9 17 1.88889
101133 1 1 1
101094 5 27 5.4
300556 6 6 1
301335 6 6 1
300946 3 3 1
300750 12 38 3.16667
300347 5 15 3
300575 6 6 1
300700 7 17 2.42857
847 12 23 1.91667
200548 4 7 1.75
300819 3 3 1
300285 5 13 2.6
301521 7 7 1
702 10 27 2.7
301069 5 24 4.8
625 2 20 10
300306 5 9 1.8
630 6 28 4.66667
300933 3 3 1
726 5 60 12
681 11 13 1.18182
276 6 6 1
1014 1 1 1
301054 1 1 1
300324 8 8 1
684 13 23 1.76923
300312 1 1 1
301372 3 3 1
1401 5 26 5.2
70 23 23 1
1149 1 1 1
22 27 43 1.59259
1382 7 13 1.85714
300775 4 5 1.25
1494 5 5 1
269 11 26 2.36364
222 3 3 1
100388 13 39 3
301397 4 4 1
100429 8 8 1
291 13 24 1.84615
1257 1 1 1
562 6 7 1.16667
1339 12 19 1.58333
100670 1 1 1
312 1 1 1
100365 13 13 1
100486 9 11 1.22222
1285 9 10 1.11111
200737 1 1 1
201089 5 5 1
1275 3 10 3.33333
100834 11 17 1.54545
100442 9 9 1
100640 4 13 3.25
100421 11 32 2.90909
100705 9 26 2.88889
201161 3 3 1
201150 4 21 5.25
310 16 20 1.25
200915 5 34 6.8
100758 5 5 1
201206 3 18 6
13 78 76 0.974359
201284 5 9 1.8
100544 8 23 2.875
100868 1 1 1
100761 7 8 1.14286
200758 12 36 3
200024 3 8 2.66667
200755 5 9 1.8
200284 14 14 1
200471 1 1 1
100634 1 1 1
200212 11 11 1
100102 16 22 1.375
200946 4 10 2.5
200280 8 16 2
100003 109 164 1.50459
200239 10 13 1.3
200263 5 15 3
200319 12 22 1.83333
200802 5 26 5.2
201566 2 2 1
201293 1 1 1
201026 3 3 1
100403 1 1 1
100899 7 41 5.85714
101324 13 21 1.61538
100376 8 15 1.875
200512 4 14 3.5
201223 13 14 1.07692
201114 6 27 4.5
200810 13 13 1
101263 11 11 1
101377 1 1 1
100896 8 16 2
201165 13 43 3.30769
100349 2 2 1
200902 13 22 1.69231
200441 11 37 3.36364
101426 11 11 1
201473 7 7 1
201306 8 8 1
200531 12 27 2.25
301084 8 14 1.75
301048 2 2 1
100906 11 11 1
100986 7 7 1
100953 7 11 1.57143
300772 8 15 1.875
200322 6 13 2.16667
300683 12 16 1.33333
1190 9 13 1.44444
300511 11 18 1.63636
693 4 8 2
661 6 12 2
301384 3 3 1
246 5 16 3.2
300257 3 11 3.66667
301526 1 1 1
300731 1 1 1
301307 9 13 1.44444
1366 9 27 3
300186 10 30 3
300973 7 19 2.71429
200129 2 16 8
799 4 4 1
300654 1 1 1
479 1 1 1
137 1 1 1
300741 1 1 1
384 12 13 1.08333
300876 13 31 2.38462
518 4 4 1
300206 2 2 1
300955 7 7 1
301078 8 8 1
300262 10 10 1
1473 1 1 1
300094 12 39 3.25
260 11 19 1.72727
622 8 19 2.375
220 9 23 2.55556
1043 1 1 1
550 3 3 1
300305 3 7 2.33333
830 8 18 2.25
1391 3 3 1
287 2 2 1
100297 12 11 0.916667
100230 1 1 1
100098 4 12 3
100375 7 11 1.57143
201147 2 2 1
101395 8 12 1.5
717 1 1 1
1005 3 12 4
200958 12 12 1
602 2 2 1
100960 13 21 1.61538
200148 5 13 2.6
100512 8 8 1
100112 6 20 3.33333
101031 10 10 1
100457 3 3 1
200498 10 20 2
100306 13 27 2.07692
200511 11 16 1.45455
201156 7 7 1
201265 12 30 2.5
201349 4 19 4.75
201125 8 19 2.375
200690 6 6 1
201112 5 18 3.6
101044 5 37 7.4
201197 3 3 1
101421 6 6 1
100750 10 11 1.1
100166 6 6 1
200599 7 7 1
101317 8 20 2.5
301298 7 7 1
200727 10 18 1.8
200875 6 15 2.5
301058 6 10 1.66667
200996 5 5 1
200799 11 22 2
301110 9 19 2.11111
200767 13 16 1.23077
300937 5 5 1
201551 8 8 1
101320 13 33 2.53846
201480 10 19 1.9
201406 10 10 1
300392 7 31 4.42857
200547 12 29 2.41667
300940 1 1 1
200516 11 30 2.72727
201289 8 8 1
301034 4 11 2.75
301472 5 5 1
300162 6 6 1
808 13 26 2
1485 2 2 1
301322 2 19 9.5
301432 6 6 1
1462 9 13 1.44444
300692 8 12 1.5
965 6 11 1.83333
943 5 32 6.4
1064 4 4 1
861 6 13 2.16667
301522 4 4 1
1160 4 20 5
301087 10 27 2.7
635 3 5 1.66667
200125 10 10 1
1334 6 10 1.66667
300778 4 4 1
300900 8 8 1
1054 2 2 1
389 7 14 2
100829 1 1 1
300744 2 2 1
44 30 31 1.03333
1456 3 3 1
100518 11 21 1.90909
620 2 17 8.5
1507 13 18 1.38462
300546 5 36 7.2
237 12 12 1
854 2 7 3.5
538 7 21 3
100446 6 7 1.16667
26 20 23 1.15
100732 6 29 4.83333
444 7 7 1
476 4 5 1.25
100914 8 14 1.75
100179 7 7 1
200094 5 7 1.4
200976 2 2 1
101359 10 15 1.5
470 9 11 1.22222
201137 6 7 1.16667
615 7 30 4.28571
100911 12 22 1.83333
101266 8 8 1
100920 4 23 5.75
101152 3 2 0.666667
201129 2 17 8.5
178 13 32 2.46154
201340 11 14 1.27273
201268 11 14 1.27273
100690 1 1 1
200496 6 6 1
101284 8 12 1.5
200369 6 6 1
301310 7 23 3.28571
100886 2 7 3.5
100406 5 5 1
200207 4 22 5.5
200348 9 17 1.88889
100696 12 15 1.25
201542 8 8 1
200943 9 18 2
100595 7 28 4
101472 4 11 2.75
201466 6 6 1
200846 8 16 2
300378 12 35 2.91667
200717 7 9 1.28571
200253 13 33 2.53846
101295 10 10 1
201263 13 42 3.23077
201191 1 1 1
201280 2 6 3
101501 2 4 2
100913 1 1 1
101397 1 1 1
201237 11 25 2.27273
200341 2 2 1
200339 7 9 1.28571
101138 1 1 1
101279 1 1 1
200591 3 3 1
300551 6 6 1
300739 6 6 1
300580 3 25 8.33333
200011 36 61 1.69444
300857 9 10 1.11111
1082 10 16 1.6
301343 10 23 2.3
1235 9 33 3.66667
200050 17 39 2.29412
1471 9 12 1.33333
300192 5 5 1
300450 10 10 1
1194 12 28 2.33333
301396 1 1 1
301144 8 34 4.25
486 5 16 3.2
57 9 10 1.11111
301104 8 9 1.125
1059 9 15 1.66667
300004 224 197 0.879464
300366 4 10 2.5
300493 11 17 1.54545
300999 6 15 2.5
300077 9 34 3.77778
1199 7 10 1.42857
300470 6 15 2.5
301119 5 21 4.2
300970 10 19 1.9
300887 1 1 1
1444 2 5 2.5
495 5 26 5.2
300907 2 14 7
300508 6 6 1
1056 11 21 1.90909
300026 21 30 1.42857
300502 8 9 1.125
300481 12 31 2.58333
1092 2 2 1
1476 9 15 1.66667
200086 3 11 3.66667
626 6 6 1
1193 11 11 1
100891 8 15 1.875
100841 8 9 1.125
1046 6 6 1
200079 1 1 1
100447 2 7 3.5
1236 11 12 1.09091
983 6 24 4
18 68 73 1.07353
200413 6 13 2.16667
201395 4 4 1
201371 11 16 1.45455
200668 7 21 3
200373 1 1 1
200971 4 24 6
101350 2 23 11.5
201495 1 1 1
100666 11 12 1.09091
101459 5 8 1.6
101404 8 7 0.875
201097 8 8 1
201302 11 13 1.18182
100215 6 6 1
201144 4 5 1.25
100847 2 15 7.5
101194 12 18 1.5
200546 10 37 3.7
100449 4 4 1
200701 10 10 1
200815 3 3 1
200008 14 13 0.928571
101302 2 2 1
100620 1 1 1
201079 1 1 1
301440 8 8 1
200193 1 1 1
201311 3 3 1
301247 14 33 2.35714
200062 8 17 2.125
301179 6 40 6.66667
101248 1 1 1
301018 3 10 3.33333
200291 2 2 1
300612 1 1 1
300515 3 3 1
301381 10 22 2.2
200627 4 8 2
301368 12 15 1.25
200392 8 11 1.375
301449 14 31 2.21429
300834 4 19 4.75
300380 10 18 1.8
492 5 56 11.2
388 12 16 1.33333
1102 13 34 2.61538
365 10 27 2.7
348 5 9 1.8
221 4 12 3
300755 7 11 1.57143
214 10 12 1.2
1336 6 19 3.16667
301416 11 17 1.54545
301094 2 22 11
300011 161 257 1.59627
300691 1 1 1
574 2 8 4
300982 1 1 1
1500 13 26 2
200082 11 11 1
304 13 13 1
300979 5 5 1
300540 2 17 8.5
301170 11 11 1
958 4 8 2
145 4 4 1
301131 2 2 1
274 13 16 1.23077
300046 24 34 1.41667
300680 11 34 3.09091
300396 9 13 1.44444
301203 6 37 6.16667
41 13 24 1.84615
300824 9 9 1
300878 11 13 1.18182
300286 15 49 3.26667
300727 1 1 1
200064 16 19 1.1875
541 5 5 1
689 6 14 2.33333
768 1 1 1
101469 4 6 1.5
100235 8 29 3.625
300464 6 14 2.33333
100310 9 10 1.11111
201204 9 9 1
607 1 1 1
201201 6 10 1.66667
201430 10 10 1
201008 7 7 1
895 10 39 3.9
200289 6 10 1.66667
100751 9 34 3.77778
101312 6 6 1
100138 5 8 1.6
201460 6 16 2.66667
520 6 6 1
546 10 11 1.1
353 7 7 1
200933 13 16 1.23077
100825 3 4 1.33333
200612 5 5 1
100716 1 1 1
200960 1 1 1
100658 6 10 1.66667
100887 4 12 3
100393 7 23 3.28571
101273 1 1 1
100131 1 1 1
201299 13 14 1.07692
100572 13 36 2.76923
200763 12 12 1
200594 4 4 1
101209 1 1 1
200229 11 34 3.09091
200040 12 12 1
201136 10 14 1.4
201469 1 1 1
201142 3 15 5
200624 3 3 1
101151 2 2 1
300410 1 1 1
200899 2 2 1
200989 12 13 1.08333
200312 11 11 1
201070 9 23 2.55556
100980 13 28 2.15385
200240 6 6 1
200674 11 23 2.09091
301316 4 4 1
201512 7 7 1
201321 6 12 2
301419 1 1 1
300484 5 5 1
1442 2 2 1
200452 10 13 1.3
1373 7 17 2.42857
1073 6 6 1
1027 11 14 1.27273
1408 2 2 1
300860 10 12 1.2
200014 13 28 2.15385
1180 14 13 0.928571
1179 2 23 11.5
933 8 13 1.625
301000 10 14 1.4
301064 1 1 1
300330 14 47 3.35714
804 1 1 1
1423 2 2 1
1354 2 5 2.5
301354 1 1 1
1243 5 13 2.6
1428 9 13 1.44444
1165 14 40 2.85714
74 9 25 2.77778
1311 11 11 1
910 1 1 1
455 9 11 1.22222
1388 7 7 1
300622 6 6 1
300178 7 7 1
300709 7 12 1.71429
62 20 27 1.35
300344 6 9 1.5
301371 2 18 9
1074 1 1 1
300640 3 15 5
982 1 1 1
301007 1 1 1
1183 5 37 7.4
300145 6 6 1
782 5 24 4.8
301099 1 1 1
320 14 71 5.07143
100747 2 3 1.5
301361 5 7 1.4
100524 12 12 1
362 16 57 3.5625
100804 4 6 1.5
721 6 6 1
300565 5 53 10.6
301475 1 1 1
300964 7 9 1.28571
100463 7 9 1.28571
1173 13 16 1.23077
590 7 11 1.57143
289 17 33 1.94118
1496 1 1 1
300041 3 4 1.33333
100723 3 3 1
1109 5 5 1
714 13 40 3.07692
100360 12 24 2
100435 4 11 2.75
300182 1 1 1
796 7 24 3.42857
100769 14 16 1.14286
300212 11 22 2
319 16 21 1.3125
98 13 25 1.92308
100731 13 31 2.38462
903 13 47 3.61538
100092 15 15 1
201063 5 41 8.2
50 2 1 0.5
200926 13 16 1.23077
200257 14 14 1
200854 8 18 2.25
200697 4 4 1
200355 1 1 1
101292 4 8 2
101316 11 13 1.18182
200606 10 10 1
200821 1 1 1
100243 4 4 1
201187 8 23 2.875
101204 3 3 1
201339 7 28 4
201342 6 17 2.83333
101171 10 10 1
201003 2 17 8.5
101460 2 2 1
200622 10 24 2.4
100701 2 3 1.5
200743 1 1 1
200588 5 5 1
200261 1 1 1
200013 30 34 1.13333
100617 7 15 2.14286
101381 5 8 1.6
301229 8 23 2.875
300383 6 10 1.66667
201084 11 17 1.54545
201312 2 2 1
200600 1 1 1
100019 15 23 1.53333
301076 12 18 1.5
101261 12 14 1.16667
200576 11 11 1
101068 11 12 1.09091
201377 2 2 1
201353 4 8 2
301347 4 7 1.75
201217 11 11 1
200235 2 3 1.5
300434 13 29 2.23077
300886 1 1 1
300678 2 2 1
1405 11 35 3.18182
200603 1 1 1
200636 5 4 0.8
301162 3 26 8.66667
200660 6 6 1
301159 7 11 1.57143
300852 1 1 1
300490 5 5 1
1030 6 7 1.16667
300060 21 47 2.2381
301314 11 15 1.36364
1137 1 1 1
301146 10 27 2.7
1395 1 1 1
1453 11 15 1.36364
1364 12 17 1.41667
474 3 19 6.33333
300431 6 27 4.5
745 10 11 1.1
300763 1 1 1
300268 10 17 1.7
300436 1 1 1
52 26 38 1.46154
300029 5 16 3.2
561 10 11 1.1
300248 2 2 1
1152 1 1 1
300319 2 2 1
300487 5 6 1.2
1518 5 5 1
1435 5 7 1.4
300452 13 39 3
300844 3 3 1
329 13 20 1.53846
1426 6 10 1.66667
940 11 24 2.18182
200165 2 2 1
754 11 48 4.36364
1041 10 12 1.2
1051 3 11 3.66667
101432 3 3 1
100638 11 16 1.45455
778 11 11 1
101405 7 17 2.42857
100062 7 10 1.42857
100844 7 14 2
100811 1 1 1
101505 10 11 1.1
101393 1 1 1
88 4 4 1
356 13 25 1.92308
200745 14 32 2.28571
47 8 24 3
201017 2 2 1
200924 6 6 1
200388 1 1 1
200748 1 1 1
101419 8 8 1
100313 11 13 1.18182
101425 1 1 1
100497 1 1 1
100210 5 5 1
100722 6 6 1
101056 1 1 1
101530 13 17 1.30769
200585 3 3 1
200406 1 1 1
100474 12 48 4
301278 4 4 1
200058 8 10 1.25
100471 4 7 1.75
101233 1 1 1
301226 6 6 1
101002 2 11 5.5
200688 2 9 4.5
301285 11 11 1
201014 6 8 1.33333
200559 9 9 1
201173 3 8 2.66667
200358 2 12 6
101386 9 9 1
100292 16 27 1.6875
200269 12 12 1
200850 14 27 1.92857
101124 12 12 1
101080 5 9 1.8
200794 8 30 3.75
301399 9 9 1
200608 1 1 1
301180 8 22 2.75
101267 2 2 1
200581 7 10 1.42857
200621 10 48 4.8
200028 4 7 1.75
301489 13 20 1.53846
301093 4 6 1.5
1443 5 5 1
301116 7 16 2.28571
200211 9 19 2.11111
300504 3 22 7.33333
1488 1 1 1
201335 3 39 13
300117 12 20 1.66667
1145 9 9 1
300646 2 6 3
300048 15 26 1.73333
200665 11 11 1
300952 11 31 2.81818
818 3 3 1
300904 10 11 1.1
739 11 11 1
300593 5 31 6.2
512 5 5 1
300879 8 8 1
300296 13 29 2.23077
301120 7 25 3.57143
390 1 1 1
300479 12 22 1.83333
367 12 16 1.33333
300242 1 1 1
301456 5 12 2.4
1479 2 2 1
301340 12 17 1.41667
300803 2 17 8.5
81 2 2 1
593 4 4 1
200152 2 20 10
101226 11 11 1
100058 2 2 1
434 9 11 1.22222
300539 6 6 1
344 9 37 4.11111
301161 3 3 1
300606 3 3 1
100803 10 10 1
300461 9 11 1.22222
100483 2 2 1
300829 1 1 1
300532 4 15 3.75
170 4 35 8.75
100378 4 4 1
300948 10 20 2
67 24 23 0.958333
300332 2 2 1
300526 1 1 1
300630 9 13 1.44444
964 5 12 2.4
361 5 8 1.6
201133 3 10 3.33333
201159 2 2 1
100399 4 5 1.25
100190 12 12 1
201051 3 27 9
675 1 1 1
530 4 7 1.75
380 1 1 1
201514 7 13 1.85714
200526 1 1 1
64 6 22 3.66667
100599 1 1 1
100533 4 5 1.25
200454 4 4 1
201106 1 1 1
101148 10 23 2.3
200994 12 12 1
201389 2 4 2
100693 8 10 1.25
200771 1 1 1
101401 9 21 2.33333
200222 16 44 2.75
200026 7 12 1.71429
201034 9 9 1
200570 4 9 2.25
100983 3 3 1
201507 2 2 1
101276 4 4 1
200232 5 8 1.6
101139 9 8 0.888889
200482 4 4 1
200327 3 4 1.33333
100139 12 12 1
100964 10 24 2.4
201077 8 18 2.25
200773 1 1 1
300586 6 6 1
301350 3 6 2
100995 2 13 6.5
100915 7 9 1.28571
300974 11 17 1.54545
201510 11 21 1.90909
301424 11 20 1.81818
300921 15 26 1.73333
301061 9 36 4
200586 1 1 1
301506 4 4 1
300911 1 1 1
301251 8 13 1.625
300942 12 13 1.08333
301133 4 6 1.5
300074 5 9 1.8
1482 4 4 1
300369 4 4 1
459 12 33 2.75
300625 2 17 8.5
1359 4 6 1.5
1261 1 1 1
300611 4 4 1
301125 1 1 1
1039 6 18 3
1264 2 2 1
1216 11 12 1.09091
301176 9 22 2.44444
301136 6 43 7.16667
300203 9 13 1.44444
301192 2 2 1
300208 10 18 1.8
300875 1 1 1
300405 6 25 4.16667
100677 4 9 2.25
100082 10 18 1.8
300084 4 30 7.5
300125 3 6 2
300672 10 11 1.1
177 2 2 1
153 2 3 1.5
100680 8 33 4.125
800 13 16 1.23077
6 88 105 1.19318
36 11 14 1.27273
61 6 16 2.66667
101488 13 40 3.07692
751 11 11 1
100299 10 10 1
101066 12 11 0.916667
100091 9 18 2
200859 8 16 2
201219 6 29 4.83333
201366 9 9 1
101114 11 19 1.72727
200555 3 3 1
100753 3 8 2.66667
200635 4 6 1.5
100970 4 34 8.5
101050 9 12 1.33333
200845 5 31 6.2
101109 3 3 1
101497 6 11 1.83333
201585 3 3 1
100971 5 5 1
100940 6 10 1.66667
201332 3 6 2
101011 9 22 2.44444
200832 7 10 1.42857
100335 9 9 1
200430 11 18 1.63636
100957 7 8 1.14286
101043 10 10 1
100281 3 3 1
200882 7 7 1
101366 10 15 1.5
101141 14 36 2.57143
301492 4 4 1
100943 1 1 1
200735 1 1 1
300870 6 9 1.5
201239 14 46 3.28571
300735 4 14 3.5
301313 5 15 3
1478 5 10 2
300281 9 15 1.66667
201240 11 13 1.18182
200618 3 3 1
301053 1 1 1
1288 10 19 1.9
901 10 14 1.4
300614 1 1 1
954 6 16 2.66667
300451 11 26 2.36364
301367 9 9 1
300702 7 15 2.14286
1010 11 27 2.45455
300416 11 18 1.63636
1035 1 1 1
300121 9 16 1.77778
301474 2 2 1
100078 9 8 0.888889
300960 5 5 1
300034 9 11 1.22222
301487 8 11 1.375
919 11 11 1
34 20 29 1.45
300390 2 2 1
300545 4 4 1
301151 11 12 1.09091
936 10 12 1.2
300811 7 11 1.57143
300938 6 6 1
439 3 3 1
226 6 6 1
1142 7 13 1.85714
506 6 6 1
300467 3 3 1
300689 3 3 1
859 10 23 2.3
1117 2 2 1
20 80 134 1.675
1019 1 1 1
301497 11 14 1.27273
100564 1 1 1
1350 13 16 1.23077
300169 6 12 2
716 7 44 6.28571
1226 12 12 1
200159 8 11 1.375
54 4 4 1
501 12 36 3
1186 9 40 4.44444
100835 6 6 1
803 3 14 4.66667
300669 1 1 1
456 2 2 1
601 9 9 1
301024 10 17 1.7
101186 5 15 3
100118 8 8 1
1031 2 18 9
100660 6 9 1.5
1356 10 27 2.7
336 7 21 3
793 11 33 3
1103 7 8 1.14286
100692 6 48 8
1207 3 7 2.33333
300015 69 101 1.46377
200841 11 34 3.09091
201042 2 2 1
300278 14 17 1.21429
300241 5 10 2
817 5 54 10.8
100996 9 11 1.22222
100015 31 29 0.935484
100547 1 1 1
239 2 12 6
100573 6 7 1.16667
21 55 66 1.2
200868 1 1 1
201594 8 8 1
200978 11 13 1.18182
101409 10 11 1.1
200707 1 1 1
101451 11 19 1.72727
100749 7 20 2.85714
201386 8 11 1.375
100453 7 15 2.14286
200492 3 3 1
101125 8 28 3.5
101165 10 40 4
201364 11 20 1.81818
201099 1 1 1
101422 2 7 3.5
200506 8 10 1.25
101378 9 9 1
200565 2 2 1
301267 6 12 2
100775 1 1 1
201610 6 6 1
200695 3 3 1
100646 12 57 4.75
201458 10 17 1.7
100808 1 1 1
100643 1 1 1
101453 5 10 2
101014 9 11 1.22222
201524 4 4 1
200428 7 7 1
301293 4 23 5.75
200768 9 9 1
200522 11 18 1.63636
101129 10 23 2.3
301097 5 5 1
200367 2 2 1
101017 6 6 1
101442 6 10 1.66667
200384 1 1 1
101288 9 17 1.88889
201606 3 3 1
200485 13 37 2.84615
200966 9 19 2.11111
301107 2 2 1
200265 9 14 1.55556
301044 9 36 4
200343 8 20 2.5
300518 2 2 1
301345 12 12 1
300180 6 6 1
300924 11 13 1.18182
984 12 19 1.58333
200439 4 4 1
1312 13 38 2.92308
1420 13 35 2.69231
776 5 57 11.4
301083 6 9 1.5
1158 6 8 1.33333
673 8 9 1.125
1016 11 24 2.18182
301249 6 7 1.16667
301074 8 33 4.125
301167 13 18 1.38462
300859 9 29 3.22222
730 2 4 2
301477 6 6 1
300428 9 13 1.44444
864 1 1 1
171 5 5 1
1097 4 9 2.25
300239 10 18 1.8
300780 2 2 1
1459 13 29 2.23077
300197 9 13 1.44444
301103 9 17 1.88889
428 3 7 2.33333
844 4 5 1.25
261 1 1 1
1241 1 1 1
772 2 43 21.5
293 7 19 2.71429
301488 5 6 1.2
300014 104 119 1.14423
453 4 4 1
301408 8 18 2.25
100063 1 1 1
300314 3 17 5.66667
100569 7 7 1
1380 1 1 1
504 2 2 1
1369 11 11 1
300150 3 4 1.33333
300260 1 1 1
1222 2 2 1
100515 1 1 1
1510 9 15 1.66667
488 8 19 2.375
100622 2 2 1
300816 1 1 1
249 6 9 1.5
300815 13 15 1.15385
100587 3 3 1
416 11 17 1.54545
1342 10 29 2.9
548 1 1 1
300088 1 1 1
100494 8 22 2.75
376 11 38 3.45455
201000 6 6 1
82 18 24 1.33333
1205 14 27 1.92857
101183 10 10 1
100103 10 10 1
100039 13 21 1.61538
100610 11 11 1
706 2 2 1
101175 1 1 1
101228 7 7 1
200283 2 2 1
307 10 21 2.1
48 7 39 5.57143
101282 14 42 3
379 7 7 1
142 7 18 2.57143
101222 10 31 3.1
100536 7 39 5.57143
100673 1 1 1
200297 11 33 3
201316 3 3 1
100624 13 31 2.38462
201073 7 17 2.42857
200652 10 36 3.6
200721 1 1 1
101140 11 11 1
201445 11 29 2.63636
101096 11 12 1.09091
101236 2 44 22
101203 4 34 8.5
200731 8 15 1.875
100984 6 8 1.33333
200620 11 16 1.45455
201308 6 6 1
100612 10 12 1.2
201246 1 1 1
200350 6 20 3.33333
200295 10 11 1.1
201011 4 36 9
201463 8 8 1
201325 1 1 1
101415 2 6 3
200751 8 29 3.625
201394 12 11 0.916667
201083 1 1 1
101256 1 1 1
200416 2 2 1
301211 8 29 3.625
200250 12 20 1.66667
101028 13 32 2.46154
200309 3 6 2
200540 1 1 1
1417 10 21 2.1
200434 6 6 1
300752 2 40 20
301254 3 3 1
301172 9 15 1.66667
1049 5 15 3
1399 7 15 2.14286
301227 3 25 8.33333
300439 10 29 2.9
300486 10 26 2.6
300425 1 1 1
300496 1 1 1
301327 9 9 1
300862 1 1 1
300153 10 12 1.2
301079 1 1 1
1474 7 13 1.85714
200174 11 49 4.45455
301443 10 17 1.7
300165 8 10 1.25
300812 5 5 1
1306 13 28 2.15385
992 5 5 1
1045 4 4 1
301089 1 1 1
100601 2 2 1
301391 11 15 1.36364
200088 3 3 1
711 1 1 1
300717 5 10 2
100619 1 1 1
655 6 10 1.66667
200144 11 12 1.09091
657 6 7 1.16667
300267 9 20 2.22222
200138 1 1 1
392 1 1 1
259 6 19 3.16667
1001 8 10 1.25
300443 8 9 1.125
918 1 1 1
300222 1 1 1
300193 7 18 2.57143
1431 9 10 1.11111
130 10 41 4.1
110 8 9 1.125
200141 3 6 2
100633 3 3 1
101514 10 12 1.2
101495 1 1 1
101414 4 7 1.75
1196 7 7 1
200188 13 18 1.38462
101534 14 14 1
100060 4 6 1.5
101015 6 7 1.16667
100615 2 2 1
100655 7 7 1
100054 13 33 2.53846
200595 3 3 1
100560 2 2 1
101322 8 8 1
100992 5 5 1
200596 2 2 1
100345 4 4 1
100554 1 1 1
101521 1 1 1
100023 1 1 1
100584 11 11 1
200903 3 5 1.66667
100522 4 4 1
100581 14 62 4.42857
100629 4 33 8.25
100669 8 19 2.375
201267 11 18 1.63636
101433 6 16 2.66667
100741 6 6 1
201119 13 36 2.76923
100258 12 12 1
101108 1 1 1
201596 1 1 1
101326 9 33 3.66667
200231 5 10 2
200925 3 6 2
200663 9 24 2.66667
301100 1 1 1
301004 1 1 1
200245 12 22 1.83333
101300 1 1 1
301459 3 3 1
300972 2 2 1
301234 9 9 1
200344 7 7 1
201328 6 14 2.33333
300350 5 10 2
301460 7 7 1
300214 11 36 3.27273
301380 1 1 1
300794 10 12 1.2
300320 8 9 1.125
569 1 1 1
707 3 5 1.66667
300874 12 18 1.5
300200 13 25 1.92308
578 4 17 4.25
935 7 7 1
484 10 14 1.4
301483 4 7 1.75
616 1 1 1
333 16 19 1.1875
1338 9 9 1
544 5 5 1
670 10 10 1
300482 9 19 2.11111
1324 2 10 5
907 8 8 1
200163 1 1 1
100067 18 18 1
300037 19 45 2.36842
200132 5 5 1
638 13 32 2.46154
101192 1 1 1
200122 8 13 1.625
300255 1 1 1
124 4 8 2
897 1 1 1
100 16 18 1.125
100137 5 31 6.2
78 20 29 1.45
1345 6 6 1
100651 2 8 4
709 5 7 1.4
201101 7 28 4
300524 10 20 2
201045 1 1 1
300122 13 14 1.07692
1274 5 18 3.6
201214 5 16 3.2
100822 3 3 1
100317 15 18 1.2
300070 16 20 1.25
101429 2 2 1
300808 14 20 1.42857
101070 1 1 1
100133 2 2 1
100739 4 4 1
200084 13 13 1
201568 1 1 1
640 12 51 4.25
201157 2 2 1
200187 5 5 1
100188 6 6 1
100334 8 36 4.5
100592 1 1 1
201291 5 6 1.2
198 1 1 1
101330 2 6 3
200486 7 26 3.71429
200804 1 1 1
200782 8 8 1
200217 3 7 2.33333
201588 8 11 1.375
100514 4 4 1
201227 1 1 1
100506 4 4 1
100396 4 4 1
100888 10 32 3.2
101348 1 1 1
201243 1 1 1
200447 8 14 1.75
100976 1 1 1
201300 9 42 4.66667
101078 1 1 1
200949 2 3 1.5
100609 5 26 5.2
200590 5 5 1
201221 13 16 1.23077
101019 9 9 1
200527 11 11 1
301201 8 41 5.125
200552 10 15 1.5
101022 11 14 1.27273
101060 12 16 1.33333
201322 11 19 1.72727
201234 3 3 1
300725 7 13 1.85714
101372 9 9 1
300354 1 1 1
201443 12 18 1.5
301153 1 1 1
201580 8 12 1.5
1036 3 15 5
301491 2 2 1
300394 4 4 1
301385 2 11 5.5
200655 2 2 1
200691 5 12 2.4
300137 7 21 3
200038 1 1 1
300800 4 32 8
1386 11 12 1.09091
1480 6 8 1.33333
1244 5 5 1
146 12 18 1.5
794 3 14 4.66667
301357 10 24 2.4
189 11 41 3.72727
181 10 10 1
300089 16 20 1.25
1135 2 2 1
300388 9 21 2.33333
100070 19 22 1.15789
118 15 15 1
882 3 3 1
49 17 18 1.05882
25 48 63 1.3125
300553 4 28 7
100840 6 8 1.33333
447 2 2 1
300694 3 5 1.66667
1315 10 15 1.5
161 5 5 1
862 3 3 1
279 10 10 1
100641 5 5 1
300172 2 5 2.5
471 1 1 1
101218 6 14 2.33333
300236 5 8 1.6
836 2 2 1
100040 2 3 1.5
100294 8 18 2.25
100147 10 12 1.2
331 16 35 2.1875
100034 5 23 4.6
1129 11 25 2.27273
300185 10 14 1.4
989 8 8 1
101456 11 22 2
533 2 1 0.5
100884 6 13 2.16667
201479 1 1 1
200574 3 3 1
101407 8 10 1.25
201336 6 7 1.16667
133 12 13 1.08333
200320 14 22 1.57143
200378 10 24 2.4
101507 4 4 1
100303 4 9 2.25
200156 7 7 1
201488 1 1 1
201139 6 11 1.83333
200036 20 39 1.95
100872 11 26 2.36364
200886 9 9 1
200301 2 2 1
201546 5 8 1.6
100656 3 5 1.66667
101465 2 2 1
100865 9 18 2
201496 9 24 2.66667
201474 6 6 1
200541 2 2 1
200371 1 1 1
100853 8 8 1
201121 9 9 1
201418 3 14 4.66667
101436 8 11 1.375
201031 7 23 3.28571
200458 10 13 1.3
200538 1 1 1
300361 11 15 1.36364
301510 4 4 1
100870 1 1 1
300408 7 16 2.28571
200045 13 17 1.30769
100938 8 24 3
301301 9 24 2.66667
200529 6 6 1
101176 5 20 4
100941 15 28 1.86667
200465 1 1 1
1132 4 9 2.25
300352 6 7 1.16667
1367 5 5 1
200317 8 14 1.75
301187 2 2 1
301115 12 33 2.75
300246 1 1 1
200494 5 5 1
301095 1 1 1
300799 8 23 2.875
300211 9 37 4.11111
301388 11 25 2.27273
1188 12 12 1
658 6 6 1
195 3 3 1
652 11 16 1.45455
300167 2 3 1.5
300536 12 28 2.33333
300080 10 14 1.4
300906 7 14 2
301365 7 18 2.57143
540 12 20 1.66667
300676 2 2 1
300017 40 40 1
1110 1 1 1
300576 4 16 4
948 6 17 2.83333
300183 16 44 2.75
100469 6 6 1
300947 3 3 1
300143 8 8 1
887 11 14 1.27273
905 1 1 1
563 10 24 2.4
300738 7 23 3.28571
101384 6 7 1.16667
200117 11 12 1.09091
1061 11 16 1.45455
100417 5 14 2.8
100116 11 11 1
1058 1 1 1
100712 6 6 1
923 11 19 1.72727
217 9 26 2.88889
200817 7 8 1.14286
300420 8 11 1.375
200922 1 1 1
85 24 24 1
516 4 4 1
100550 1 1 1
100356 10 22 2.2
712 7 13 1.85714
100523 3 16 5.33333
200074 15 19 1.26667
200822 1 1 1
101143 11 25 2.27273
100752 10 10 1
100924 3 7 2.33333
200233 6 15 2.5
100005 59 69 1.16949
100814 6 6 1
100263 15 40 2.66667
200190 1 1 1
200180 9 9 1
100167 10 20 2
200983 11 11 1
100111 13 19 1.46154
101327 1 1 1
101185 8 38 4.75
100807 12 21 1.75
100418 4 4 1
100143 2 2 1
200953 10 11 1.1
100559 5 5 1
100285 1 1 1
100648 3 7 2.33333
201313 6 6 1
100382 3 3 1
200053 1 1 1
100197 13 21 1.61538
100241 6 20 3.33333
200420 10 21 2.1
200009 15 14 0.933333
201185 12 42 3.5
100695 1 1 1
200501 3 3 1
201305 6 15 2.5
201544 1 1 1
100788 9 9 1
100154 9 9 1
200347 1 1 1
201001 4 4 1
200404 4 4 1
100157 8 8 1
200644 8 9 1.125
100338 7 13 1.85714
201276 10 10 1
101435 2 2 1
100227 2 2 1
201595 5 5 1
200904 4 20 5
200646 11 12 1.09091
201039 11 11 1
100945 2 3 1.5
301331 4 4 1
200873 12 17 1.41667
300835 10 24 2.4
300776 14 14 1
301209 1 1 1
1067 1 1 1
200432 11 20 1.81818
200584 10 10 1
300923 11 11 1
300010 57 80 1.40351
200440 7 7 1
406 7 7 1
505 6 10 1.66667
301439 7 14 2
300705 2 2 1
300488 13 45 3.46154
300218 6 6 1
564 11 37 3.36364
200110 2 2 1
301008 3 15 5
301421 9 9 1
300888 3 3 1
300346 3 4 1.33333
300542 8 19 2.375
300554 6 39 6.5
595 3 3 1
51 27 69 2.55556
1516 9 9 1
300562 2 2 1
100537 2 2 1
300118 6 9 1.5
1412 10 10 1
300052 4 4 1
867 6 6 1
100556 5 10 2
300061 2 3 1.5
300813 10 17 1.7
300209 10 37 3.7
100409 3 3 1
100498 6 6 1
200213 7 7 1
101168 3 26 8.66667
100740 1 1 1
100880 3 3 1
200973 7 13 1.85714
100700 12 15 1.25
201203 9 9 1
201030 6 8 1.33333
201560 5 5 1
100479 12 12 1
200502 12 14 1.16667
101173 9 23 2.55556
100253 10 10 1
200123 14 42 3
201036 8 8 1
200935 8 10 1.25
200879 5 33 6.6
200398 3 3 1
100016 17 28 1.64706
200521 1 1 1
200251 13 13 1
100146 7 7 1
101264 11 16 1.45455
200205 5 5 1
101323 10 17 1.7
200241 3 7 2.33333
100703 12 16 1.33333
101361 6 6 1
200466 1 1 1
201464 2 2 1
200356 13 14 1.07692
100961 8 14 1.75
201392 6 13 2.16667
201285 5 5 1
101344 5 15 3
301206 10 10 1
200017 6 6 1
100903 10 13 1.3
301321 10 12 1.2
301134 8 10 1.25
301395 3 3 1
200337 7 16 2.28571
200248 4 4 1
301480 5 6 1.2
201557 4 6 1.5
301324 9 14 1.55556
301041 11 13 1.18182
200497 10 10 1
1392 6 6 1
301315 14 25 1.78571
301188 1 1 1
300645 7 13 1.85714
300140 10 54 5.4
301225 11 26 2.36364
300605 7 25 3.57143
300561 2 2 1
300256 5 11 2.2
100052 11 15 1.36364
300748 3 3 1
300264 1 1 1
321 12 14 1.16667
722 6 7 1.16667
200113 2 2 1
300842 7 27 3.85714
301183 5 12 2.4
30 34 61 1.79412
1363 9 9 1
643 7 11 1.57143
86 4 4 1
100369 13 23 1.76923
300642 1 1 1
1284 1 1 1
300730 9 32 3.55556
100193 12 13 1.08333
300423 7 10 1.42857
300826 4 4 1
496 1 1 1
868 4 18 4.5
100662 6 20 3.33333
300190 4 4 1
200136 4 8 2
201053 2 7 3.5
128 11 21 1.90909
201127 2 2 1
200130 6 13 2.16667
100265 14 16 1.14286
200825 7 11 1.57143
101144 11 16 1.45455
101529 4 6 1.5
58 14 26 1.85714
101412 4 8 2
201049 4 7 1.75
200096 16 27 1.6875
23 15 22 1.46667
101111 4 21 5.25
100509 1 1 1
200881 10 10 1
200937 6 10 1.66667
95 12 18 1.5
201374 2 31 15.5
201212 3 3 1
101191 1 1 1
100764 1 1 1
100877 11 11 1
100967 5 5 1
201438 3 10 3.33333
100832 8 9 1.125
100320 6 6 1
201257 6 6 1
200220 4 4 1
201529 9 13 1.44444
100720 2 2 1
200273 6 18 3
201032 1 1 1
101180 10 30 3
100930 1 1 1
201004 3 3 1
301233 6 13 2.16667
101212 5 9 1.8
201170 2 2 1
100988 7 7 1
200380 1 1 1
301287 9 28 3.11111
301305 3 8 2.66667
101137 14 20 1.42857
101163 13 13 1
100298 1 1 1
301231 1 1 1
100875 7 9 1.28571
300838 6 22 3.66667
101100 1 1 1
301445 1 1 1
200478 5 5 1
300591 7 36 5.14286
1310 6 20 3.33333
300068 1 1 1
300473 10 12 1.2
1070 12 13 1.08333
300963 7 16 2.28571
301375 12 38 3.16667
704 6 6 1
300271 7 10 1.42857
1314 7 7 1
300318 9 25 2.77778
1287 1 1 1
300087 14 18 1.28571
300670 12 15 1.25
441 3 25 8.33333
300822 1 1 1
301431 11 25 2.27273
300199 13 38 2.92308
1171 12 13 1.08333
200166 12 54 4.5
665 1 1 1
300274 11 20 1.81818
1020 8 10 1.25
300936 15 44 2.93333
748 8 15 1.875
1415 5 5 1
301057 2 2 1
1455 13 30 2.30769
200087 9 38 4.22222
301017 5 5 1
301317 3 3 1
994 3 5 1.66667
300634 10 10 1
628 8 10 1.25
229 4 4 1
300914 8 25 3.125
300250 8 9 1.125
838 14 14 1
300233 2 5 2.5
300228 5 22 4.4
200120 12 17 1.41667
677 2 2 1
766 10 30 3
100080 4 6 1.5
100596 8 13 1.625
694 1 1 1
1125 5 5 1
100649 1 1 1
490 1 1 1
100542 12 18 1.5
201068 11 27 2.45455
418 10 18 1.8
201362 1 1 1
100636 11 17 1.54545
101525 12 15 1.25
100979 4 16 4
93 10 37 3.7
101038 11 11 1
375 11 24 2.18182
100668 13 40 3.07692
200135 4 4 1
101064 12 32 2.66667
101360 10 18 1.8
101481 10 13 1.3
100605 6 50 8.33333
167 12 16 1.33333
200857 12 13 1.08333
201108 6 6 1
201600 11 11 1
100057 5 11 2.2
101112 12 34 2.83333
201211 8 12 1.5
201222 7 7 1
201415 15 82 5.46667
101048 11 18 1.63636
201022 8 11 1.375
200509 4 4 1
201044 6 10 1.66667
201359 7 16 2.28571
100969 9 15 1.66667
200837 3 7 2.33333
100271 2 2 1
300395 1 1 1
100218 9 9 1
100189 1 1 1
201331 1 1 1
200002 259 284 1.09653
101391 4 10 2.5
100935 5 13 2.6
201202 4 4 1
200919 1 1 1
101286 7 9 1.28571
200450 10 10 1
100905 11 35 3.18182
201327 9 15 1.66667
201229 1 1 1
201434 8 12 1.5
101123 3 7 2.33333
101314 14 29 2.07143
201273 1 1 1
913 1 1 1
819 4 4 1
744 9 28 3.11111
301195 2 2 1
1512 11 12 1.09091
300055 19 21 1.10526
301444 7 7 1
100076 19 39 2.05263
300032 25 56 2.24
72 8 13 1.625
300253 1 1 1
437 11 15 1.36364
300109 13 13 1
203 1 1 1
1077 8 33 4.125
100553 5 5 1
1224 6 32 5.33333
300463 10 10 1
100108 14 31 2.21429
100833 9 15 1.66667
100373 11 13 1.18182
100107 13 13 1
141 13 15 1.15385
100286 9 23 2.55556
1294 9 9 1
100201 3 17 5.66667
101062 6 11 1.83333
201411 1 1 1
200844 3 3 1
100659 3 3 1
201356 5 27 5.4
757 7 26 3.71429
300016 40 48 1.2
100121 14 46 3.28571
201303 4 21 5.25
100101 9 19 2.11111
101461 6 6 1
100141 1 1 1
201247 5 23 4.6
411 8 9 1.125
101042 2 2 1
201592 10 13 1.3
200801 8 13 1.625
100882 1 1 1
201562 4 4 1
100199 4 7 1.75
200424 9 23 2.55556
100898 1 1 1
101130 11 19 1.72727
200483 10 26 2.6
100517 1 1 1
101053 3 8 2.66667
200387 2 2 1
201391 10 11 1.1
200331 9 15 1.66667
201578 1 1 1
101376 8 8 1
301220 5 5 1
101024 3 3 1
101083 6 9 1.5
201413 7 12 1.71429
201381 8 12 1.5
100341 5 11 2.2
101071 2 14 7
100912 10 10 1
100169 3 18 6
100895 3 3 1
100755 1 1 1
201236 13 14 1.07692
201572 13 35 2.69231
201416 9 15 1.66667
100916 7 16 2.28571
101487 1 1 1
201598 6 6 1
101482 1 1 1
101166 1 1 1
200704 11 11 1
101075 1 1 1
101252 4 10 2.5
200296 4 7 1.75
301123 3 3 1
1515 12 15 1.25
1319 6 7 1.16667
300653 3 3 1
300065 21 40 1.90476
301046 7 7 1
300932 3 3 1
1113 11 16 1.45455
300523 9 17 1.88889
1451 7 10 1.42857
300710 11 11 1
300327 10 30 3
462 4 4 1
300045 13 24 1.84615
301283 11 12 1.09091
301198 9 10 1.11111
1378 8 16 2
300459 7 19 2.71429
300774 4 6 1.5
571 1 1 1
300617 4 4 1
419 7 10 1.42857
613 8 15 1.875
1090 5 5 1
962 1 1 1
100038 15 19 1.26667
300871 8 14 1.75
100527 10 14 1.4
301463 11 13 1.18182
301049 11 38 3.45455
200102 14 18 1.28571
880 8 13 1.625
100105 9 23 2.55556
100434 11 46 4.18182
644 7 19 2.71429
200134 3 3 1
100097 6 30 5
1387 4 5 1.25
100611 13 26 2
300195 15 43 2.86667
503 5 13 2.6
100249 12 50 4.16667
300021 25 50 2
100454 10 27 2.7
300083 6 11 1.83333
201184 3 11 3.66667
852 8 12 1.5
100762 13 41 3.15385
201047 9 18 2
201502 10 10 1
100779 10 22 2.2
201409 14 44 3.14286
100521 2 2 1
200828 1 1 1
101237 5 5 1
200407 13 15 1.15385
200913 6 6 1
200281 13 13 1
100489 8 12 1.5
100793 7 16 2.28571
201028 7 7 1
100862 2 2 1
101196 7 8 1.14286
100613 5 6 1.2
200940 1 1 1
101040 13 23 1.76923
201427 5 10 2
100377 11 40 3.63636
101452 7 7 1
100805 2 2 1
100354 10 10 1
100380 4 4 1
100384 3 4 1.33333
200683 1 1 1
101157 12 17 1.41667
301276 4 28 7
200056 5 5 1
201193 5 16 3.2
201571 11 17 1.54545
101492 12 13 1.08333
101513 4 4 1
101489 1 1 1
201050 5 11 2.2
200435 2 3 1.5
300398 6 6 1
301191 2 2 1
200396 6 12 2
301499 9 9 1
200258 3 12 4
200042 1 1 1
200893 13 13 1
301411 1 1 1
201552 8 8 1
200554 1 1 1
100950 2 31 15.5
200426 1 1 1
1329 11 11 1
1468 11 11 1
300599 4 6 1.5
1461 7 7 1
300843 6 6 1
300133 11 16 1.45455
300107 14 18 1.28571
300337 4 11 2.75
200616 8 57 7.125
991 10 32 3.2
301500 1 1 1
300469 9 9 1
775 5 6 1.2
69 13 14 1.07692
737 4 6 1.5
651 1 1 1
301496 12 17 1.41667
300409 7 25 3.57143
200172 7 28 4
300056 12 12 1
100044 11 13 1.18182
875 10 10 1
301486 2 2 1
1130 14 17 1.21429
789 8 12 1.5
878 11 11 1
101238 9 19 2.11111
300071 9 17 1.88889
1506 12 16 1.33333
598 5 5 1
100413 7 9 1.28571
313 8 21 2.625
1253 2 5 2.5
1448 7 7 1
1012 8 8 1
100087 8 8 1
100765 14 14 1
653 3 19 6.33333
300323 12 34 2.83333
100028 10 16 1.6
1465 1 1 1
100590 1 1 1
1271 10 17 1.7
101247 11 11 1
100273 15 24 1.6
101346 3 18 6
916 8 22 2.75
100072 21 53 2.52381
100894 4 4 1
101092 3 21 7
872 4 5 1.25
201508 8 11 1.375
108 10 13 1.3
426 2 10 5
100069 10 16 1.6
200968 1 1 1
100724 8 14 1.75
100094 1 1 1
101006 2 20 10
200236 3 22 7.33333
100667 4 15 3.75
100477 13 55 4.23077
200462 7 10 1.42857
200593 4 4 1
200352 13 35 2.69231
100223 5 19 3.8
100104 13 14 1.07692
100710 5 6 1.2
200417 8 8 1
100798 9 18 2
200361 7 7 1
100021 34 64 1.88235
200901 2 2 1
100213 11 22 2
201064 4 4 1
201091 10 10 1
201540 9 21 2.33333
200340 1 1 1
201060 8 12 1.5
101034 11 12 1.09091
200787 3 7 2.33333
200403 9 9 1
201057 11 11 1
301255 10 10 1
201344 12 15 1.25
101369 9 25 2.77778
201176 2 2 1
301295 3 3 1
201319 1 1 1
301406 6 8 1.33333
200022 23 23 1
200680 8 31 3.875
200476 11 11 1
200342 8 8 1
300713 10 17 1.7
200615 1 1 1
300754 11 11 1
1078 6 15 2.5
300362 7 7 1
373 11 11 1
828 10 16 1.6
300374 6 13 2.16667
746 5 5 1
300558 3 12 4
300245 2 10 5
301390 7 15 2.14286
301515 9 11 1.22222
200091 12 25 2.08333
200068 3 16 5.33333
1296 11 21 1.90909
101 1 1 1
300295 8 8 1
300851 1 1 1
491 7 29 4.14286
300095 1 1 1
1042 8 41 5.125
300092 1 1 1
100583 8 9 1.125
295 11 13 1.18182
300920 8 8 1
121 5 9 1.8
300304 6 6 1
300019 38 67 1.76316
200073 15 23 1.53333
398 1 1 1
300042 10 16 1.6
300895 6 11 1.83333
233 8 9 1.125
100744 14 43 3.07143
740 11 12 1.09091
300171 10 29 2.9
100330 4 13 3.25
200095 16 16 1
100443 7 7 1
300514 8 31 3.875
743 9 9 1
100773 1 1 1
300273 9 24 2.66667
300292 16 45 2.8125
200184 11 11 1
100748 11 13 1.18182
1279 11 20 1.81818
200885 5 23 4.6
300456 2 2 1
199 10 10 1
100709 6 16 2.66667
300161 5 14 2.8
391 4 4 1
200819 2 2 1
100126 8 11 1.375
100635 6 6 1
101304 5 11 2.2
201264 1 1 1
201494 4 4 1
200351 1 1 1
201536 12 35 2.91667
205 8 9 1.125
101388 8 21 2.625
90 1 1 1
201369 3 5 1.66667
201567 8 9 1.125
101484 6 6 1
101250 2 2 1
200921 1 1 1
101478 9 15 1.66667
100737 7 44 6.28571
101430 3 4 1.33333
100119 13 13 1
100159 9 15 1.66667
100626 8 13 1.625
200479 5 5 1
200442 1 1 1
201075 1 1 1
200370 11 19 1.72727
101098 2 2 1
101355 11 13 1.18182
200579 10 22 2.2
101026 12 12 1
101179 2 3 1.5
301299 13 25 1.92308
100632 10 10 1
201421 10 15 1.5
200469 9 9 1
100987 8 19 2.375
200379 4 5 1.25
201402 4 4 1
101394 9 9 1
200669 9 27 3
200324 1 1 1
200761 12 19 1.58333
101283 15 46 3.06667
300626 1 1 1
301156 1 1 1
201397 1 1 1
200778 1 1 1
200473 2 20 10
1347 10 18 1.8
301035 6 20 3.33333
301323 8 15 1.875
300063 20 23 1.15
300340 6 6 1
301277 4 4 1
851 4 10 2.5
300998 1 1 1
300916 12 25 2.08333
976 2 3 1.5
301021 1 1 1
300760 1 1 1
300177 15 36 2.4
409 3 6 2
200106 4 4 1
234 1 1 1
856 6 17 2.83333
301028 7 7 1
832 3 3 1
973 10 10 1
301025 8 8 1
300820 4 28 7
300520 7 13 1.85714
522 2 2 1
1328 6 17 2.83333
301429 7 12 1.71429
300788 9 9 1
586 1 1 1
771 11 29 2.63636
164 11 45 4.09091
301010 1 1 1
300104 1 1 1
100855 2 2 1
831 10 13 1.3
325 8 18 2.25
206 10 12 1.2
1291 3 3 1
100163 11 31 2.81818
300531 13 29 2.23077
201111 11 13 1.18182
100055 13 13 1
614 4 4 1
101073 6 14 2.33333
809 6 9 1.5
758 1 1 1
101178 7 11 1.57143
485 9 19 2.11111
761 4 16 4
201093 9 14 1.55556
482 6 6 1
201199 6 6 1
100780 11 11 1
100742 2 3 1.5
200260 10 21 2.1
200195 7 7 1
200043 21 25 1.19048
201169 6 26 4.33333
301265 1 1 1
100631 8 19 2.375
201472 4 7 1.75
200209 12 13 1.08333
100336 4 4 1
101448 2 6 3
101012 6 15 2.5
201253 11 29 2.63636
301085 11 22 2
201224 6 10 1.66667
200455 2 6 3
201250 8 9 1.125
200389 6 13 2.16667
301512 13 14 1.07692
200333 5 13 2.6
201365 2 4 2
300299 1 1 1
300413 6 18 3
301393 2 4 2
300302 1 1 1
300897 9 9 1
951 11 11 1
301009 1 1 1
535 1 1 1
1327 2 2 1
301190 6 7 1.16667
467 2 11 5.5
300837 4 8 2
719 7 15 2.14286
169 7 15 2.14286
412 4 8 2
300322 8 19 2.375
100083 18 62 3.44444
301113 11 15 1.36364
468 1 1 1
300335 2 2 1
113 2 7 3.5
253 9 14 1.55556
1295 13 16 1.23077
302 1 1 1
301319 1 1 1
300266 5 9 1.8
300662 14 36 2.57143
10 99 104 1.05051
301359 8 12 1.5
358 6 15 2.5
733 9 11 1.22222
301523 1 1 1
301468 11 20 1.81818
300221 3 10 3.33333
300968 11 32 2.90909
100823 1 1 1
100534 8 8 1
100681 11 38 3.45455
100551 1 1 1
300138 8 8 1
301349 5 5 1
100688 5 22 4.4
300935 9 22 2.44444
1396 11 15 1.36364
300945 10 27 2.7
405 7 7 1
300880 8 16 2
445 1 1 1
100800 13 28 2.15385
477 6 7 1.16667
300073 21 21 1
100540 3 3 1
100006 29 54 1.86207
899 5 26 5.2
182 1 1 1
1151 5 23 4.6
100088 3 6 2
1332 11 14 1.27273
300001 224 44 0.196429
100593 1 1 1
17 1 1 1
100674 11 14 1.27273
100027 22 47 2.13636
1122 11 22 2
200986 3 14 4.66667
1176 12 18 1.5
921 6 12 2
835 1 1 1
101466 2 2 1
100818 11 20 1.81818
200805 4 4 1
100948 1 1 1
100279 8 9 1.125
998 13 26 2
100390 5 5 1
100717 11 40 3.63636
201055 7 15 2.14286
201118 9 10 1.11111
200101 6 6 1
200672 1 1 1
100934 5 5 1
100165 11 15 1.36364
100511 10 33 3.3
100109 5 5 1
100026 9 9 1
101341 8 8 1
101510 7 7 1
100250 13 13 1
301281 7 17 2.42857
200326 15 63 4.2
201590 13 27 2.07692
201078 7 13 1.85714
201100 8 8 1
201470 1 1 1
100937 4 11 2.75
200633 8 8 1
201398 5 8 1.6
200681 2 2 1
201504 10 19 1.9
200611 2 2 1
301273 12 12 1
201461 3 23 7.66667
200938 14 32 2.28571
100990 3 3 1
101086 1 1 1
200256 17 41 2.41176
301329 5 10 2
100947 1 1 1
301031 3 3 1
200656 12 23 1.91667
300850 6 6 1
301256 14 21 1.5
788 2 2 1
200051 4 6 1.5
200661 7 15 2.14286
1168 4 4 1
300367 1 1 1
1389 5 5 1
399 12 28 2.33333
301237 6 6 1
883 4 4 1
301147 3 3 1
301379 7 17 2.42857
301274 1 1 1
827 13 39 3
1449 4 5 1.25
300708 7 14 2
401 14 46 3.28571
560 12 22 1.83333
605 3 3 1
784 5 5 1
100051 9 9 1
1504 1 1 1
443 11 13 1.18182
300457 2 2 1
1209 5 28 5.6
300661 13 23 1.76923
300967 13 21 1.61538
300448 10 26 2.6
300102 7 9 1.28571
301213 10 10 1
300358 2 2 1
300091 8 8 1
1089 1 1 1
1450 4 5 1.25
300587 5 6 1.2
300259 12 20 1.66667
1246 5 24 4.8
100437 4 4 1
300280 17 25 1.47059
715 3 3 1
1281 3 3 1
100664 12 13 1.08333
100842 13 29 2.23077
718 8 14 1.75
100187 9 17 1.88889
200888 1 1 1
175 11 21 1.90909
545 9 12 1.33333
568 6 8 1.33333
865 1 1 1
300238 11 11 1
200932 9 12 1.33333
101155 3 3 1
200168 1 1 1
100205 10 16 1.6
100177 7 7 1
200900 2 2 1
100998 4 5 1.25
201275 6 6 1
200865 9 9 1
201271 1 1 1
101207 4 4 1
200907 9 23 2.55556
201499 8 14 1.75
101299 13 22 1.69231
200368 12 15 1.25
100579 9 9 1
200827 5 7 1.4
100414 6 7 1.16667
100836 11 15 1.36364
200910 11 24 2.18182
201452 7 8 1.14286
100470 4 4 1
100565 12 17 1.41667
201490 1 1 1
201148 1 1 1
200046 16 18 1.125
100854 5 14 2.8
201393 1 1 1
100525 12 12 1
100621 10 14 1.4
100144 12 49 4.08333
100922 10 11 1.1
100867 4 4 1
100776 10 10 1
201553 9 8 0.888889
101375 8 8 1
101000 12 14 1.16667
200580 4 4 1
201569 8 8 1
301505 2 2 1
201526 3 5 1.66667
301403 2 27 13.5
200411 10 10 1
200631 7 10 1.42857
300637 5 21 4.2
300746 12 24 2
200020 10 10 1
200057 8 22 2.75
301464 8 11 1.375
536 9 39 4.33333
810 3 9 3
1015 12 31 2.58333
300079 7 15 2.14286
890 8 19 2.375
301150 2 2 1
648 13 26 2
1085 2 2 1
200179 3 5 1.66667
301202 7 17 2.42857
583 3 3 1
218 12 12 1
301518 6 6 1
871 12 16 1.33333
610 13 43 3.30769
66 2 2 1
824 4 15 3.75
1487 9 10 1.11111
591 3 3 1
301524 3 3 1
873 1 1 1
300303 2 2 1
301181 11 15 1.36364
300336 13 20 1.53846
2 13 22 1.69231
539 6 9 1.5
300578 2 2 1
301415 3 3 1
100768 9 18 2
1114 1 1 1
596 2 2 1
947 3 32 10.6667
450 3 15 5
100728 2 3 1.5
97 12 59 4.91667
604 1 1 1
100296 15 62 4.13333
100760 5 5 1
892 2 2 1
300677 1 1 1
521 3 3 1
200931 12 18 1.5
1004 9 23 2.55556
101408 7 8 1.14286
408 2 2 1
431 1 1 1
200714 5 7 1.4
929 3 11 3.66667
201441 9 25 2.77778
87 17 26 1.52941
100426 1 1 1
101119 1 1 1
201074 1 1 1
100782 13 42 3.23077
101352 1 1 1
76 14 16 1.14286
619 2 2 1
101099 13 34 2.61538
201449 4 4 1
201066 7 23 3.28571
101102 2 2 1
101511 1 1 1
101333 8 21 2.625
100332 13 37 2.84615
201519 6 6 1
101380 3 7 2.33333
100136 1 1 1
200012 20 37 1.85
100389 7 13 1.85714
201131 6 6 1
200795 1 1 1
201196 8 24 3
201383 1 1 1
200909 15 54 3.6
100343 2 5 2.5
200798 1 1 1
101305 1 1 1
101406 10 27 2.7
201400 7 18 2.57143
301369 10 17 1.7
301454 9 13 1.44444
300381 12 14 1.16667
301401 9 9 1
300569 9 19 2.11111
200015 24 27 1.125
200423 1 1 1
300682 10 16 1.6
301261 14 14 1
300931 7 7 1
300159 8 20 2.5
1127 3 3 1
301417 7 7 1
300231 4 4 1
300307 3 3 1
911 3 3 1
300934 3 3 1
624 12 21 1.75
1360 6 16 2.66667
63 5 14 2.8
300403 1 1 1
300372 3 3 1
301284 3 7 2.33333
300030 34 152 4.47059
300688 1 1 1
300681 11 19 1.72727
300397 5 24 4.8
300007 14 16 1.14286
968 8 18 2.25
300175 7 9 1.28571
140 4 4 1
100431 2 2 1
666 2 2 1
301157 4 4 1
100493 8 8 1
300957 12 18 1.5
301398 9 9 1
301352 1 1 1
301423 4 4 1
28 31 33 1.06452
301495 12 19 1.58333
908 3 4 1.33333
300495 9 10 1.11111
646 5 5 1
100099 14 46 3.28571
747 10 11 1.1
100539 7 7 1
633 3 3 1
300796 9 18 2
100735 11 24 2.18182
101440 8 8 1
1446 10 11 1.1
100252 7 22 3.14286
100451 5 7 1.4
1181 5 5 1
582 1 1 1
926 13 38 2.92308
101383 6 12 2
698 3 3 1
201355 10 16 1.6
588 7 16 2.28571
100124 5 5 1
201287 9 10 1.11111
100307 12 15 1.25
100819 14 56 4
200 9 35 3.88889
200274 1 1 1
201343 1 1 1
200204 5 5 1
200728 7 7 1
100401 13 17 1.30769
101135 2 34 17
101434 5 10 2
200006 91 134 1.47253
201182 6 6 1
100795 3 6 2
100255 2 5 2.5
200740 1 1 1
101255 9 26 2.88889
100707 1 1 1
100699 7 9 1.28571
201038 3 3 1
101055 2 2 1
301217 3 3 1
200872 8 8 1
100245 10 17 1.7
201357 9 9 1
201447 1 1 1
100127 6 10 1.66667
201602 5 5 1
201092 12 53 4.41667
201163 12 39 3.25
200871 13 25 1.92308
200266 14 21 1.5
201052 11 11 1
101363 1 1 1
101090 6 6 1
201513 2 8 4
200587 2 24 12
101504 5 5 1
200197 6 6 1
300992 9 9 1
101371 9 10 1.11111
201218 14 26 1.85714
1321 8 8 1
301073 1 1 1
201554 9 12 1.33333
1299 2 4 2
300865 5 30 6
301223 1 1 1
1269 11 12 1.09091
1331 1 1 1
301355 1 1 1
300476 4 4 1
300135 5 5 1
438 8 8 1
215 1 1 1
300005 321 222 0.691589
798 14 15 1.07143
1141 3 3 1
80 11 11 1
946 9 10 1.11111
959 6 6 1
136 1 1 1
1383 5 5 1
802 12 12 1
301032 4 15 3.75
300149 7 8 1.14286
837 2 2 1
557 1 1 1
815 11 22 2
497 13 14 1.07692
1407 4 4 1
494 6 10 1.66667
154 6 10 1.66667
100860 2 2 1
300343 3 3 1
350 6 22 3.66667
791 13 13 1
100357 5 17 3.4
300512 6 12 2
100848 15 46 3.06667
209 5 9 1.8
200171 1 1 1
300458 7 7 1
100639 9 9 1
300804 11 17 1.54545
1390 2 2 1
1286 1 1 1
686 14 47 3.35714
200097 10 36 3.6
979 11 29 2.63636
1502 5 6 1.2
300289 6 7 1.16667
100508 9 9 1
820 1 1 1
300227 9 14 1.55556
201178 13 18 1.38462
200957 3 22 7.33333
100652 4 4 1
100598 6 6 1
101221 8 26 3.25
932 8 15 1.875
201018 12 12 1
201021 10 19 1.9
100351 1 1 1
100869 10 13 1.3
200770 7 24 3.42857
101339 5 5 1
101402 9 12 1.33333
201309 14 27 1.92857
201575 7 9 1.28571
200071 2 2 1
201506 6 16 2.66667
100339 5 5 1
101277 13 33 2.53846
100771 2 2 1
100645 4 17 4.25
101357 8 10 1.25
100955 6 18 3
100423 6 11 1.83333
101336 1 1 1
301252 1 1 1
101128 11 31 2.81818
100958 6 6 1
100501 12 12 1
101387 12 16 1.33333
101081 7 9 1.28571
100149 3 3 1
100237 11 24 2.18182
101358 1 1 1
100994 11 43 3.90909
201337 13 27 2.07692
200962 10 38 3.8
200029 7 7 1
301059 5 5 1
300364 6 6 1
100927 9 9 1
300919 12 47 3.91667
101308 9 18 2
101332 5 5 1
101132 9 9 1
200288 4 5 1.25
301080 1 1 1
101067 1 1 1
301224 11 25 2.27273
200738 1 1 1
101211 11 20 1.81818
200328 3 9 3
200354 13 29 2.23077
200453 4 4 1
300294 5 13 2.6
300997 9 14 1.55556
300751 2 2 1
701 1 1 1
301271 10 15 1.5
300757 12 14 1.16667
300130 4 4 1
301469 1 1 1
300329 10 27 2.7
300584 6 6 1
301245 2 12 6
301387 2 2 1
942 10 16 1.6
487 4 7 1.75
292 9 27 3
300220 16 29 1.8125
860 14 17 1.21429
300789 13 33 2.53846
904 13 32 2.46154
301139 1 1 1
127 14 32 2.28571
301437 8 8 1
300247 1 1 1
385 5 5 1
457 3 9 3
695 10 13 1.3
1221 11 25 2.27273
300845 1 1 1
300377 11 15 1.36364
301066 2 8 4
100589 4 9 2.25
301013 7 7 1
300903 8 29 3.625
551 8 23 2.875
300989 1 1 1
300240 7 7 1
425 1 1 1
236 12 13 1.08333
231 1 1 1
300235 5 5 1
300096 10 10 1
101538 3 3 1
100257 5 8 1.6
200861 11 19 1.72727
101224 1 1 1
300051 2 5 2.5
679 11 11 1
977 11 37 3.36364
413 5 5 1
421 3 4 1.33333
894 9 15 1.66667
100481 3 3 1
493 5 7 1.4
266 2 2 1
100324 8 31 3.875
846 12 20 1.66667
201387 5 5 1
440 9 9 1
322 13 51 3.92308
200255 7 23 3.28571
100198 4 4 1
558 1 1 1
201282 10 12 1.2
100113 2 2 1
100277 2 5 2.5
201548 7 7 1
200998 5 6 1.2
100824 7 19 2.71429
100385 4 18 4.5
201476 10 13 1.3
100123 12 14 1.16667
200583 10 19 1.9
100308 7 25 3.57143
200835 1 1 1
200518 10 13 1.3
200710 1 1 1
201485 1 1 1
200294 6 13 2.16667
201425 1 1 1
200916 5 13 2.6
200196 10 10 1
201597 10 10 1
201301 2 2 1
100282 11 27 2.45455
100173 4 7 1.75
200405 10 37 3.7
301259 14 36 2.57143
200429 2 2 1
100715 12 12 1
201104 1 1 1
101294 3 6 2
200992 4 5 1.25
200824 11 19 1.72727
101037 11 19 1.72727
101147 2 7 3.5
101307 3 6 2
301175 1 1 1
300917 2 2 1
300574 5 33 6.6
300773 7 12 1.71429
201561 4 4 1
200224 4 4 1
300873 8 11 1.375
300985 2 7 3.5
300284 14 22 1.57143
1470 7 10 1.42857
764 13 13 1
300841 3 35 11.6667
300258 2 2 1
1262 7 14 2
300939 1 1 1
1023 11 14 1.27273
631 8 9 1.125
300339 6 9 1.5
1202 1 1 1
300108 12 12 1
300883 7 7 1
599 6 11 1.83333
1198 11 14 1.27273
300582 1 1 1
300742 11 50 4.54545
1335 11 16 1.45455
300995 11 14 1.27273
500 11 36 3.27273
896 4 11 2.75
300535 2 3 1.5
301446 6 6 1
927 3 7 2.33333
781 12 19 1.58333
928 6 9 1.5
100528 9 9 1
210 2 2 1
960 14 28 2
100462 7 7 1
735 1 1 1
301389 11 15 1.36364
300697 13 44 3.38462
816 11 11 1
300585 1 1 1
855 6 6 1
201094 9 31 3.44444
572 6 6 1
509 12 24 2
200831 3 3 1
318 14 40 2.85714
201146 1 1 1
201090 2 12 6
448 4 4 1
100792 1 1 1
1154 11 12 1.09091
132 12 12 1
100185 12 12 1
201210 10 15 1.5
201589 12 19 1.58333
201140 12 30 2.5
100545 10 20 2
201533 1 1 1
577 11 30 2.72727
101153 4 19 4.75
101503 7 7 1
201128 4 15 3.75
200759 4 28 7
101458 6 9 1.5
100570 4 18 4.5
4 168 270 1.60714
201160 8 12 1.5
200653 5 19 3.8
200160 1 1 1
100433 2 11 5.5
201269 5 19 3.8
100580 7 7 1
201192 6 9 1.5
200685 11 11 1
200733 2 2 1
200947 2 2 1
100577 6 6 1
201154 1 1 1
100843 1 1 1
101227 6 21 3.5
100407 4 3 0.75
201027 12 16 1.33333
100221 13 13 1
200814 9 19 2.11111
100616 4 4 1
200667 13 42 3.23077
201384 3 3 1
100162 11 12 1.09091
100315 12 13 1.08333
201272 9 13 1.44444
100009 43 59 1.37209
201455 1 1 1
101298 10 10 1
301111 3 10 3.33333
101494 3 3 1
200061 2 4 2
201550 2 2 1
201405 1 1 1
301253 4 28 7
201288 1 1 1
300407 6 6 1
1371 2 3 1.5
300510 7 14 2
1481 3 3 1
1379 12 40 3.33333
300823 11 11 1
1484 4 4 1
200605 10 12 1.2
200658 7 8 1.14286
300867 11 18 1.63636
1307 6 20 3.33333
300529 4 4 1
300013 169 192 1.13609
300891 10 10 1
877 10 21 2.1
300276 1 1 1
300492 12 15 1.25
632 12 32 2.66667
1419 4 6 1.5
1440 7 10 1.42857
200103 13 15 1.15385
200162 9 14 1.55556
1025 1 1 1
888 6 7 1.16667
1445 7 11 1.57143
301402 5 22 4.4
300022 36 40 1.11111
100594 11 19 1.72727
115 11 26 2.36364
339 3 3 1
100033 36 81 2.25
300790 1 1 1
300040 10 21 2.1
100520 11 15 1.36364
101515 7 7 1
100093 7 30 4.28571
100445 10 11 1.1
1491 13 25 1.92308
1218 9 13 1.44444
300465 8 26 3.25
1398 1 1 1
1421 6 13 2.16667
100441 3 3 1
891 10 10 1
200127 9 19 2.11111
201183 9 10 1.11111
1106 2 2 1
1277 6 20 3.33333
101199 1 1 1
197 8 15 1.875
1184 10 14 1.4
100321 13 13 1
200929 7 7 1
200981 1 1 1
100459 1 1 1
200532 6 8 1.33333
100973 12 12 1
200093 4 4 1
200109 2 13 6.5
100424 7 13 1.85714
101117 9 9 1
100274 10 36 3.6
201604 9 11 1.22222
200775 10 20 2
200757 1 1 1
201541 3 8 2.66667
201279 2 10 5
201296 11 15 1.36364
201126 8 9 1.125
101045 10 14 1.4
101368 7 10 1.42857
200394 12 18 1.5
101160 13 38 2.92308
100785 10 24 2.4
101303 5 11 2.2
100951 5 16 3.2
200990 3 3 1
101150 9 39 4.33333
101159 6 6 1
200308 12 64 5.33333
200793 12 24 2
300353 7 7 1
101516 7 12 1.71429
201315 3 4 1.33333
101428 12 17 1.41667
301127 2 2 1
201483 10 10 1
301178 1 1 1
200676 3 10 3.33333
301503 2 2 1
300743 1 1 1
301376 3 7 2.33333
200703 5 5 1
301418 1 1 1
200010 12 16 1.33333
300795 1 1 1
200493 11 30 2.72727
301238 5 5 1
200475 8 33 4.125
301033 11 20 1.81818
300429 1 1 1
996 2 2 1
300489 5 5 1
845 7 9 1.28571
300990 4 4 1
909 9 20 2.22222
120 1 1 1
300219 13 13 1
300237 14 16 1.14286
543 1 1 1
192 5 5 1
639 8 8 1
301383 8 8 1
305 15 18 1.2
957 3 7 2.33333
301130 5 36 7.2
275 1 1 1
300263 16 27 1.6875
300718 11 11 1
786 7 15 2.14286
300665 8 12 1.5
300173 2 2 1
200147 13 18 1.38462
100448 11 38 3.45455
656 6 33 5.5
300785 8 16 2
1457 7 7 1
589 6 10 1.66667
300777 12 32 2.66667
100075 15 16 1.06667
1393 1 1 1
123 14 14 1
1499 2 2 1
92 4 15 3.75
938 6 14 2.33333
483 7 8 1.14286
201188 11 31 2.81818
200078 12 34 2.83333
300265 2 5 2.5
611 6 29 4.83333
100767 9 9 1
271 14 18 1.28571
311 9 15 1.66667
100679 12 32 2.66667
100566 7 7 1
201138 11 39 3.54545
100500 5 9 1.8
200848 10 10 1
298 4 4 1
415 12 26 2.16667
200066 3 8 2.66667
301 3 3 1
201072 11 11 1
56 1 1 1
100628 8 10 1.25
201040 5 5 1
200961 1 1 1
38 17 17 1
100548 9 9 1
200383 9 9 1
200400 4 4 1
101420 5 6 1.2
200513 13 49 3.76923
101476 1 1 1
101253 3 3 1
201015 11 29 2.63636
200457 3 3 1
201527 1 1 1
201081 9 12 1.33333
201174 9 9 1
200198 2 12 6
100327 7 12 1.71429
101127 10 10 1
200504 1 1 1
200847 3 5 1.66667
301441 2 2 1
200988 4 5 1.25
200582 1 1 1
200490 6 6 1
200557 13 65 5
300507 1 1 1
301382 10 13 1.3
301438 5 7 1.4
300275 9 13 1.44444
301334 10 13 1.3
301451 6 6 1
200433 4 6 1.5
300863 12 12 1
301141 7 9 1.28571
300163 4 4 1
300781 3 4 1.33333
972 6 19 3.16667
300201 1 1 1
300722 2 2 1
300283 6 6 1
805 5 5 1
301353 7 19 2.71429
301430 11 24 2.18182
763 14 17 1.21429
1003 3 4 1.33333
301014 2 2 1
585 3 4 1.33333
300733 2 2 1
301309 12 16 1.33333
300621 1 1 1
300076 4 7 1.75
473 9 17 1.88889
100066 20 27 1.35
300315 7 8 1.14286
301412 6 6 1
944 2 2 1
301455 10 13 1.3
100089 9 15 1.66667
300072 10 11 1.1
1410 8 21 2.625
863 14 32 2.28571
1437 5 10 2
637 1 1 1
300427 6 6 1
708 12 27 2.25
300224 8 9 1.125
300216 7 7 1
300596 11 11 1
300418 9 10 1.11111
300525 11 35 3.18182
301005 1 1 1
300123 10 29 2.9
100859 6 6 1
300869 1 1 1
100391 5 13 2.6
100549 9 9 1
1162 1 1 1
243 5 8 1.6
987 2 2 1
1197 3 7 2.33333
627 1 1 1
990 4 11 2.75
1050 10 11 1.1
300311 11 11 1
101535 2 2 1
100061 6 8 1.33333
100004 107 152 1.42056
100810 4 4 1
101041 1 1 1
812 3 3 1
100784 1 1 1
100873 10 12 1.2
102 16 30 1.875
100196 9 9 1
9 12 13 1.08333
101337 14 14 1
100694 12 12 1
201179 5 5 1
100362 5 13 2.6
101354 2 5 2.5
200391 9 9 1
101270 7 17 2.42857
101272 13 48 3.69231
101335 8 8 1
200789 7 15 2.14286
200292 13 13 1
101382 7 14 2
201361 8 45 5.625
100031 16 29 1.8125
301289 6 8 1.33333
200928 12 15 1.25
201134 6 24 4
200816 5 5 1
101438 1 1 1
201539 5 7 1.4
300588 2 2 1
301490 7 9 1.28571
300704 4 63 15.75
300375 10 10 1
300499 9 19 2.11111
301448 8 8 1
1249 8 8 1
300114 3 3 1
924 9 13 1.44444
300454 1 1 1
1178 11 17 1.54545
300848 1 1 1
300059 24 32 1.33333
1422 9 9 1
732 11 27 2.45455
285 4 4 1
617 12 19 1.58333
1069 2 8 4
300386 9 11 1.22222
300036 4 4 1
300430 9 9 1
31 32 32 1
300909 10 20 2
300762 7 7 1
200083 3 7 2.33333
300881 12 14 1.16667
1086 1 1 1
160 1 1 1
125 14 28 2
1278 14 27 1.92857
100746 4 16 4
301362 8 20 2.5
100456 1 1 1
301338 4 4 1
1303 6 7 1.16667
917 9 9 1
200099 15 20 1.33333
100713 6 21 3.5
300223 11 11 1
200076 17 27 1.58824
101244 7 7 1
300609 3 3 1
300959 9 24 2.66667
402 6 6 1
841 7 14 2
201132 2 7 3.5
300766 1 1 1
37 12 13 1.08333
100671 8 16 2
100398 3 15 5
300174 12 12 1
100311 1 1 1
200896 12 13 1.08333
100743 12 18 1.5
988 11 31 2.81818
200191 8 8 1
201009 2 10 5
464 3 3 1
100420 1 1 1
200298 13 35 2.69231
100956 6 26 4.33333
101364 5 19 3.8
357 6 6 1
200271 12 25 2.08333
201385 10 10 1
200365 1 1 1
201565 6 8 1.33333
200277 14 43 3.07143
100465 9 9 1
200173 12 12 1
200221 5 15 3
200304 1 1 1
200025 15 20 1.33333
200566 8 13 1.625
100852 7 12 1.71429
201120 10 18 1.8
201096 6 6 1
200285 6 11 1.83333
100846 13 23 1.76923
101532 6 6 1
200399 9 21 2.33333
200689 8 12 1.5
201326 3 5 1.66667
101225 5 22 4.4
100300 2 2 1
101343 13 27 2.07692
100288 12 15 1.25
200905 5 20 4
101328 6 6 1
200299 6 7 1.16667
201534 2 2 1
200023 15 22 1.46667
201558 2 6 3
101373 13 30 2.30769
201215 6 6 1
100318 6 6 1
301513 10 10 1
101142 2 2 1
301351 1 1 1
200310 1 1 1
200313 8 20 2.5
301507 8 8 1
301280 1 1 1
101313 12 13 1.08333
200290 4 10 2.5
301197 3 13 4.33333
301508 11 11 1
1404 1 1 1
696 12 12 1
300701 5 11 2.2
1052 6 6 1
1124 11 27 2.45455
513 8 20 2.5
300198 7 7 1
301212 6 31 5.16667
300478 1 1 1
1260 3 4 1.33333
300894 8 19 2.375
1452 6 13 2.16667
300132 4 7 1.75
300983 12 20 1.66667
1362 7 22 3.14286
642 12 12 1
300602 1 1 1
301467 1 1 1
301006 9 9 1
300371 3 3 1
1368 11 11 1
1033 3 11 3.66667
300668 7 13 1.85714
300025 6 7 1.16667
265 10 18 1.8
300445 6 16 2.66667
301485 5 5 1
300847 1 1 1
1174 7 20 2.85714
149 11 11 1
290 14 22 1.57143
300301 1 1 1
256 9 14 1.55556
395 3 3 1
1133 14 31 2.21429
100410 7 12 1.71429
300442 3 21 7
60 21 31 1.47619
100485 5 5 1
116 1 1 1
100783 10 10 1
172 1 1 1
201088 3 3 1
200776 11 11 1
200858 15 52 3.46667
101190 9 9 1
100704 4 5 1.25
46 22 34 1.54545
100966 5 34 6.8
100291 4 8 2
201208 7 21 3
469 10 17 1.7
100048 19 20 1.05263
101216 10 28 2.8
101105 14 19 1.35714
201107 3 3 1
200386 5 5 1
190 6 37 6.16667
200995 10 13 1.3
100687 6 9 1.5
200964 6 9 1.5
101242 8 35 4.375
201231 12 18 1.5
100719 2 2 1
100820 4 4 1
100180 2 2 1
100791 4 30 7.5
201347 7 19 2.71429
100013 25 47 1.88
100438 2 2 1
100562 7 19 2.71429
100473 8 10 1.25
201419 12 24 2
200730 9 9 1
200640 9 9 1
200262 12 22 1.83333
101170 8 11 1.375
200765 10 11 1.1
100405 13 64 4.92308
200491 13 60 4.61538
101454 10 12 1.2
200975 8 15 1.875
201324 5 5 1
200268 13 27 2.07692
100293 10 19 1.9
301292 15 33 2.2
200884 3 4 1.33333
200806 11 11 1
100939 5 16 3.2
200842 8 11 1.375
200276 13 33 2.53846
301215 10 15 1.5
201410 2 10 5
200048 3 6 2
200649 5 23 4.6
201556 2 3 1.5
301493 10 10 1
200530 5 5 1
201516 3 3 1
101310 3 7 2.33333
101334 4 18 4.5
201329 7 13 1.85714
300141 4 11 2.75
300400 4 9 2.25
300941 2 2 1
301504 13 14 1.07692
300560 13 46 3.53846
301290 5 7 1.4
300639 4 27 6.75
301520 8 8 1
300417 8 9 1.125
301240 5 28 5.6
1302 4 5 1.25
703 1 1 1
300783 1 1 1
300090 13 13 1
974 3 3 1
301471 2 2 1
301121 4 12 3
300961 5 5 1
1170 4 18 4.5
301296 7 9 1.28571
300243 8 13 1.625
300698 1 1 1
807 7 18 2.57143
366 13 49 3.76923
1138 5 15 3
567 10 26 2.6
1414 2 2 1
1365 4 10 2.5
1254 10 10 1
1217 13 26 2
300202 12 12 1
1156 9 9 1
527 12 25 2.08333
228 4 5 1.25
647 6 14 2.33333
728 12 24 2
676 3 12 4
200065 4 7 1.75
301394 6 6 1
300053 19 40 2.10526
826 1 1 1
100246 4 4 1
1427 4 4 1
801 2 2 1
100439 10 14 1.4
532 8 15 1.875
101462 8 10 1.25
100152 3 20 6.66667
100816 2 6 3
1416 5 5 1
100815 5 36 7.2
200951 1 1 1
27 22 34 1.54545
100733 6 6 1
168 8 8 1
101257 8 11 1.375
201491 1 1 1
101450 9 13 1.44444
200200 6 6 1
200226 7 9 1.28571
101258 2 25 12.5
101020 1 1 1
100047 10 11 1.1
201388 11 11 1
201098 4 4 1
100145 7 7 1
200561 1 1 1
201317 12 17 1.41667
200505 1 1 1
200444 4 5 1.25
101275 4 22 5.5
100492 12 12 1
101027 1 1 1
200372 5 8 1.6
201420 5 5 1
200569 7 13 1.85714
200692 1 1 1
201277 6 6 1
201180 5 17 3.4
101013 8 11 1.375
100214 5 5 1
100261 9 9 1
201254 4 7 1.75
100192 7 9 1.28571
101293 5 8 1.6
100678 3 5 1.66667
200359 3 4 1.33333
101285 6 21 3.5
301262 5 5 1
200985 13 19 1.46154
201115 7 8 1.14286
101101 10 12 1.2
200923 3 3 1
200336 10 10 1
101271 2 8 4
101311 12 22 1.83333
200609 3 5 1.66667
200264 5 5 1
200419 7 11 1.57143
201478 2 2 1
100925 14 27 1.92857
201448 10 15 1.5
300734 13 28 2.15385
300986 10 10 1
300962 2 2 1
300649 1 1 1
1409 8 13 1.625
300603 9 14 1.55556
300424 1 1 1
300749 2 2 1
300853 5 16 3.2
300120 2 2 1
300449 5 5 1
300103 9 9 1
148 5 16 3.2
749 13 13 1
300767 14 15 1.07143
300110 8 28 3.5
301055 11 18 1.63636
300771 2 2 1
100568 8 8 1
1517 5 5 1
300737 4 4 1
300460 8 19 2.375
196 2 14 7
1293 7 27 3.85714
301128 5 27 5.4
300168 10 11 1.1
200158 12 18 1.5
1351 5 28 5.6
55 27 71 2.62963
200121 1 1 1
1493 3 3 1
1434 1 1 1
300716 9 10 1.11111
100503 2 2 1
300453 3 3 1
100787 8 20 2.5
300673 11 22 2
300927 8 18 2.25
100756 10 24 2.4
84 19 24 1.26316
100504 4 15 3.75
930 7 14 2
300817 7 15 2.14286
1204 3 6 2
300191 9 20 2.22222
300501 8 10 1.25
101396 1 1 1
300131 9 14 1.55556
668 1 1 1
1425 7 19 2.71429
300629 11 11 1
100770 2 2 1
300064 4 4 1
753 3 3 1
750 7 15 2.14286
724 2 2 1
300181 5 5 1
531 4 4 1
200183 7 7 1
458 11 40 3.63636
101009 7 10 1.42857
101410 2 2 1
603 10 10 1
201024 7 13 1.85714
65 21 34 1.61905
100897 9 9 1
200914 5 5 1
100172 7 7 1
101418 8 13 1.625
100531 1 1 1
101474 10 18 1.8
101049 2 2 1
200111 5 6 1.2
100316 15 16 1.06667
101424 13 36 2.76923
101200 7 21 3
201194 8 32 4
200889 11 12 1.09091
201298 5 18 3.6
101411 9 9 1
100538 5 37 7.4
101483 2 2 1
200750 13 13 1
101074 1 1 1
200769 5 7 1.4
100965 8 8 1
200713 1 1 1
200305 5 9 1.8
200249 16 18 1.125
100999 4 23 5.75
301241 5 5 1
300355 1 1 1
101321 11 15 1.36364
1105 10 10 1
200436 6 7 1.16667
301082 5 28 5.6
301173 5 13 2.6
300049 7 8 1.14286
300572 2 2 1
301166 11 32 2.90909
301364 3 11 3.66667
300497 9 9 1
556 2 33 16.5
1234 1 1 1
692 5 5 1
1486 2 2 1
300035 14 14 1
300618 12 15 1.25
73 3 8 2.66667
300188 5 11 2.2
397 12 12 1
200143 9 24 2.66667
515 3 6 2
301145 7 7 1
300391 7 18 2.57143
301482 8 8 1
300310 14 26 1.85714
341 16 34 2.125
682 13 21 1.61538
300579 12 17 1.41667
300494 1 1 1
300543 10 10 1
300067 19 20 1.05263
301090 7 10 1.42857
858 7 7 1
685 12 15 1.25
300690 5 31 6.2
1018 6 6 1
300146 11 11 1
301453 2 2 1
1381 12 12 1
300422 1 1 1
301434 10 17 1.7
300779 5 5 1
300207 4 18 4.5
301410 7 14 2
100247 6 6 1
100287 4 9 2.25
301037 9 28 3.11111
300062 1 1 1
100830 10 12 1.2
100160 1 1 1
200177 6 22 3.66667
1000 8 8 1
330 6 10 1.66667
200140 1 1 1
985 7 12 1.71429
59 7 19 2.71429
1066 1 1 1
100229 3 3 1
100269 7 30 4.28571
200912 3 7 2.33333
166 12 17 1.41667
100510 5 5 1
201426 1 1 1
100838 1 1 1
100383 12 12 1
100053 8 8 1
100077 6 12 2
100353 4 4 1
101030 9 16 1.77778
201579 3 4 1.33333
100975 3 3 1
201033 13 30 2.30769
101349 2 15 7.5
101091 6 19 3.16667
101230 1 1 1
200001 49 35 0.714286
200545 5 8 1.6
200449 8 18 2.25
100280 11 11 1
201209 9 23 2.55556
301122 7 14 2
101016 1 1 1
101104 10 12 1.2
301360 5 11 2.2
201166 12 27 2.25
200560 8 36 4.5
200723 10 13 1.3
200840 2 18 9
301325 6 6 1
200503 9 13 1.44444
201307 4 4 1
301045 13 54 4.15385
300764 10 18 1.8
301062 1 1 1
300721 14 32 2.28571
1489 9 10 1.11111
200629 12 16 1.33333
300632 8 8 1
774 4 4 1
736 3 13 4.33333
300113 12 12 1
300054 13 58 4.46154
301326 6 6 1
300081 8 8 1
301303 13 24 1.84615
301433 8 9 1.125
300956 3 22 7.33333
1195 11 11 1
1021 1 1 1
1240 12 22 1.83333
1355 2 5 2.5
301056 4 20 5
300810 6 20 3.33333
1200 3 4 1.33333
725 4 14 3.5
282 1 1 1
227 8 10 1.25
1505 1 1 1
301409 6 6 1
157 1 1 1
1076 2 2 1
300802 13 16 1.23077
300600 13 33 2.53846
355 12 12 1
100827 7 18 2.57143
300643 2 2 1
144 14 32 2.28571
1123 10 10 1
100676 5 14 2.8
100684 12 27 2.25
1270 4 4 1
337 14 14 1
300160 9 12 1.33333
100272 4 5 1.25
100460 4 6 1.5
100543 8 9 1.125
100683 3 5 1.66667
101243 7 40 5.71429
176 10 24 2.4
100576 6 9 1.5
300099 16 17 1.0625
131 1 1 1
212 9 29 3.22222
300435 3 3 1
300806 3 5 1.66667
200829 1 1 1
201407 13 23 1.76923
101134 6 15 2.5
101214 9 18 2
100178 6 17 2.83333
822 6 7 1.16667
200869 8 23 2.875
200979 9 11 1.22222
101455 9 13 1.44444
100863 6 6 1
200917 12 44 3.66667
200393 7 15 2.14286
101477 5 8 1.6
201109 10 11 1.1
101290 7 28 4
100251 14 29 2.07143
200216 4 7 1.75
100685 9 14 1.55556
101379 1 1 1
201380 2 2 1
200443 10 25 2.5
200959 6 9 1.5
200247 11 11 1
100929 4 6 1.5
201475 10 11 1.1
100209 4 7 1.75
200572 13 72 5.53846
200679 7 26 3.71429
100647 4 4 1
100233 16 42 2.625
201245 2 2 1
100444 6 13 2.16667
200892 8 17 2.125
200402 7 10 1.42857
200349 2 3 1.5
100919 5 6 1.2
200397 4 20 5
200812 14 21 1.5
201372 8 8 1
201318 6 6 1
200657 1 1 1
301268 7 7 1
201190 14 15 1.07143
200601 3 9 3
101523 8 9 1.125
201069 12 13 1.08333
201259 10 10 1
101296 9 9 1
301109 3 3 1
200338 9 12 1.33333
301244 6 6 1
101039 8 8 1
200673 12 28 2.33333
200202 9 9 1
200282 1 1 1
300433 11 11 1
200626 2 19 9.5
1403 9 26 2.88889
300671 1 1 1
200551 11 17 1.54545
300858 2 14 7
1026 5 40 8
1513 8 9 1.125
1377 3 17 5.66667
1411 6 14 2.33333
301102 5 8 1.6
352 1 1 1
579 3 3 1
301001 9 11 1.22222
870 7 16 2.28571
301065 1 1 1
100045 5 7 1.4
1131 2 2 1
300187 11 14 1.27273
300889 4 4 1
300977 10 15 1.5
301185 14 32 2.28571
510 7 17 2.42857
300892 1 1 1
1161 10 10 1
454 5 8 1.6
301462 8 18 2.25
314 1 1 1
300251 13 19 1.46154
300981 5 24 4.8
300139 1 1 1
135 8 28 3.5
575 10 12 1.2
300978 11 11 1
884 9 16 1.77778
347 9 10 1.11111
301465 10 10 1
1044 2 13 6.5
207 8 8 1
1225 10 12 1.2
1007 7 17 2.42857
1080 10 14 1.4
1511 1 1 1
710 3 3 1
792 5 24 4.8
100591 6 6 1
300598 12 23 1.91667
300455 4 6 1.5
1172 11 11 1
201046 4 19 4.75
100845 9 15 1.66667
621 4 23 5.75
101470 5 5 1
374 5 13 2.6
200107 4 6 1.5
185 12 12 1
100001 681 726 1.06608
100371 11 11 1
100225 4 4 1
201593 4 4 1
383 9 16 1.77778
200863 9 9 1
463 1 1 1
201151 2 21 10.5
101249 12 12 1
200463 4 5 1.25
101480 4 7 1.75
100302 1 1 1
200977 9 18 2
101331 14 14 1
200993 11 11 1
100826 1 1 1
201341 4 11 2.75
200820 4 8 2
101240 1 1 1
201582 3 3 1
100849 1 1 1
100809 10 37 3.7
200836 7 14 2
200876 1 1 1
101234 8 9 1.125
101274 10 12 1.2
201124 2 2 1
100812 1 1 1
100697 12 12 1
201294 5 8 1.6
200970 7 11 1.57143
201087 9 13 1.44444
200408 7 10 1.42857
101367 5 5 1
101446 5 7 1.4
200302 3 10 3.33333
301210 2 2 1
201607 1 1 1
201235 6 39 6.5
200192 3 3 1
201576 3 11 3.66667
301333 10 19 1.9
200307 1 1 1
201408 1 1 1
301346 8 18 2.25
200316 6 6 1
301019 8 20 2.5
301461 1 1 1
201216 10 10 1
301501 13 19 1.46154
300111 11 27 2.45455
902 4 36 9
200039 23 27 1.17391
300244 2 9 4.5
971 8 19 2.375
301478 8 8 1
1475 5 7 1.4
300057 2 2 1
300521 11 11 1
263 11 14 1.27273
301356 12 12 1
301525 9 9 1
303 14 14 1
1300 1 1 1
301155 5 6 1.2
1006 6 6 1
301264 6 18 3
669 4 4 1
75 8 40 5
300018 45 57 1.26667
1094 7 7 1
300483 4 4 1
1394 7 15 2.14286
300038 9 9 1
1252 3 3 1
460 7 15 2.14286
162 10 30 3
300513 4 9 2.25
893 6 6 1
200145 1 1 1
101219 6 6 1
101188 6 19 3.16667
300745 13 16 1.23077
1233 9 20 2.22222
100458 4 30 7.5
1273 12 33 2.75
369 9 21 2.33333
1497 14 22 1.57143
481 6 6 1
843 6 42 7
100036 29 80 2.75862
200944 13 15 1.15385
340 7 7 1
201195 4 7 1.75
100129 3 3 1
200210 10 12 1.2
134 5 7 1.4
309 13 46 3.53846
101197 1 1 1
381 14 16 1.14286
200194 1 1 1
201489 11 11 1
100042 9 12 1.33333
200414 8 8 1
100993 10 14 1.4
200887 1 1 1
201226 13 32 2.46154
100901 6 8 1.33333
201412 1 1 1
200607 10 10 1
200279 13 13 1
100467 12 53 4.41667
200335 7 23 3.28571
100657 13 21 1.61538
100496 11 12 1.09091
200467 9 15 1.66667
200687 12 29 2.41667
100153 1 1 1
201122 4 4 1
200610 11 20 1.81818
200287 9 14 1.55556
200623 7 11 1.57143
101306 13 17 1.30769
100734 5 46 9.2
200860 13 13 1
200894 2 2 1
201525 12 25 2.08333
201110 3 3 1
300404 12 53 4.41667
201249 13 19 1.46154
101021 1 1 1
200898 3 5 1.66667
300925 3 31 10.3333
300840 10 10 1
201233 14 44 3.14286
1352 13 37 2.84615
300753 9 9 1
200617 9 19 2.11111
200034 9 9 1
300893 11 23 2.09091
300798 12 32 2.66667
300505 2 2 1
1441 8 12 1.5
301138 10 11 1.1
1189 7 20 2.85714
300559 8 24 3
300861 11 11 1
1406 11 11 1
1483 8 12 1.5
659 1 1 1
300953 1 1 1
112 1 1 1
524 2 3 1.5
301158 2 2 1
1438 5 9 1.8
300166 7 7 1
300660 7 14 2
1134 7 11 1.57143
184 3 6 2
300101 4 4 1
300657 11 37 3.36364
879 7 22 3.14286
915 1 1 1
240 9 9 1
300389 6 6 1
966 4 9 2.25
300610 3 3 1
200155 12 18 1.5
727 4 6 1.5
370 4 7 1.75
317 6 6 1
301169 10 14 1.4
592 9 17 1.88889
742 3 3 1
300729 13 30 2.30769
100766 12 25 2.08333
100802 4 5 1.25
300082 17 28 1.64706
300667 13 42 3.23077
1349 1 1 1
100081 13 14 1.07692
300707 10 16 1.6
414 8 27 3.375
1469 11 21 1.90909
200137 9 26 2.88889
720 5 9 1.8
45 19 53 2.78947
300027 37 49 1.32432
100117 3 12 4
542 8 11 1.375
975 6 6 1
267 14 18 1.28571
200818 1 1 1
300194 6 11 1.83333
1128 2 3 1.5
100206 11 24 2.18182
517 7 7 1
101518 2 2 1
201071 12 22 1.83333
101427 7 10 1.42857
641 4 8 2
555 12 37 3.08333
101007 9 19 2.11111
779 2 2 1
101032 6 6 1
100478 5 19 3.8
529 12 40 3.33333
100963 1 1 1
200853 3 29 9.66667
200119 9 12 1.33333
143 6 8 1.33333
200984 12 12 1
200878 3 3 1
101107 4 12 3
201256 5 11 2.2
101464 2 10 5
200421 3 3 1
201065 1 1 1
101399 10 10 1
101025 11 15 1.36364
201348 10 27 2.7
200613 1 1 1
100475 8 8 1
201095 4 4 1
101035 11 11 1
101449 6 6 1
100135 9 41 4.55556
200780 3 3 1
301230 2 11 5.5
201225 12 17 1.41667
301426 9 14 1.55556
200604 1 1 1
1357 7 15 2.14286
300519 4 4 1
200651 5 5 1
201376 2 2 1
200536 5 11 2.2
200654 1 1 1
200519 5 5 1
200377 5 10 2
301022 5 20 4
301374 12 12 1
300761 8 8 1
200425 1 1 1
1289 5 7 1.4
300204 3 6 2
138 13 31 2.38462
1348 2 13 6.5
35 38 83 2.18421
11 72 72 1
300419 3 3 1
1038 11 18 1.63636
179 5 5 1
301214 13 31 2.38462
300969 9 18 2
300544 1 1 1
300446 2 2 1
300308 11 31 2.81818
552 7 8 1.14286
200081 9 15 1.66667
300577 12 22 1.83333
300269 8 10 1.25
300541 2 7 3.5
449 1 1 1
301511 10 12 1.2
200153 11 33 3
499 1 1 1
1148 1 1 1
1413 10 27 2.7
1214 11 25 2.27273
100106 10 39 3.9
363 2 13 6.5
1177 4 7 1.75
216 4 10 2.5
100828 6 18 3
300156 11 12 1.09091
101417 9 21 2.33333
300421 9 10 1.11111
100348 4 9 2.25
151 9 14 1.55556
1040 2 2 1
5 35 45 1.28571
201123 11 38 3.45455
100408 3 3 1
300039 12 12 1
100361 1 1 1
200864 8 23 2.875
100727 9 9 1
91 26 44 1.69231
101005 9 32 3.55556
201334 12 26 2.16667
201059 1 1 1
101392 8 12 1.5
101095 4 8 2
100328 12 12 1
201373 5 5 1
200517 1 1 1
200698 9 49 5.44444
100142 5 6 1.2
100284 16 21 1.3125
200637 1 1 1
100759 8 10 1.25
200019 28 52 1.85714
201432 7 17 2.42857
101121 8 8 1
200549 12 12 1
100831 6 21 3.5
200711 12 45 3.75
200563 1 1 1
201577 9 14 1.55556
200208 5 5 1
200446 6 6 1
100977 11 21 1.90909
101265 7 14 2
301266 10 18 1.8
200786 4 4 1
100702 12 27 2.25
101232 1 1 1
200589 3 3 1
101077 7 23 3.28571
101089 1 1 1
100128 12 34 2.83333
200670 9 17 1.88889
100331 8 8 1
100991 6 17 2.83333
100642 1 1 1
200515 13 42 3.23077
200598 2 2 1
301086 4 8 2
101287 6 26 4.33333
101262 7 24 3.42857
200533 9 14 1.55556
301320 12 27 2.25
200477 8 10 1.25
300687 10 10 1
200315 7 15 2.14286
300615 11 27 2.45455
301117 3 21 7
200321 11 23 2.09091
301250 14 37 2.64286
526 8 8 1
461 1 1 1
606 12 40 3.33333
200037 8 21 2.625
300624 4 5 1.25
301143 12 16 1.33333
301447 5 11 2.2
300905 8 26 3.25
1081 1 1 1
1009 11 44 4
1120 12 27 2.25
300024 9 13 1.44444
1210 3 3 1
301337 1 1 1
300196 10 13 1.3
756 6 10 1.66667
587 8 8 1
33 10 15 1.5
1498 2 2 1
200104 7 21 3
300043 1 1 1
100064 14 22 1.57143
1 181 225 1.24309
1111 5 24 4.8
225 2 2 1
301318 8 15 1.875
446 7 9 1.28571
300142 7 10 1.42857
502 12 17 1.41667
433 4 8 2
300884 2 2 1
300607 11 11 1
300563 3 8 2.66667
301328 10 10 1
100482 5 25 5
1062 5 5 1
1121 9 13 1.44444
1495 2 2 1
100248 10 15 1.5
268 4 11 2.75
1429 6 17 2.83333
300333 4 5 1.25
300527 3 23 7.66667
100796 6 6 1
324 7 18 2.57143
300675 14 20 1.42857
100073 1 1 1
663 3 3 1
109 6 10 1.66667
300230 4 4 1
1206 12 17 1.41667
762 12 14 1.16667
1203 4 5 1.25
100778 13 16 1.23077
201158 10 11 1.1
201037 13 22 1.69231
201006 10 19 1.9
200131 3 5 1.66667
100415 1 1 1
201574 3 3 1
163 4 4 1
200785 13 13 1
139 9 36 4
201062 1 1 1
235 2 11 5.5
100195 13 22 1.69231
204 1 1 1
100604 1 1 1
89 15 28 1.86667
201149 5 11 2.2
100422 6 9 1.5
200325 13 15 1.15385
200749 8 8 1
201314 2 2 1
200300 5 5 1
100174 1 1 1
200602 8 8 1
200228 4 4 1
201528 3 5 1.66667
200306 5 11 2.2
100789 13 14 1.07692
101498 11 18 1.63636
100267 12 12 1
101531 3 3 1
100982 4 4 1
200645 8 7 0.875
200571 10 14 1.4
101003 7 7 1
200891 6 7 1.16667
101390 9 9 1
200791 5 5 1
200431 7 13 1.85714
201113 11 11 1
201521 9 9 1
101023 3 28 9.33333
201076 2 3 1.5
201440 15 64 4.26667
301039 10 11 1.1
301257 9 9 1
200363 6 14 2.33333
201605 10 10 1
301243 5 12 2.4
300100 8 10 1.25
301092 4 14 3.5
300975 8 11 1.375
300922 5 5 1
300136 8 9 1.125
300215 1 1 1
300009 49 52 1.06122
300723 11 44 4
1107 5 5 1
200438 2 2 1
1374 10 21 2.1
1146 14 32 2.28571
1237 11 31 2.81818
649 6 6 1
300613 2 2 1
672 5 5 1
787 9 9 1
1229 1 1 1
1191 11 25 2.27273
219 3 4 1.33333
301216 13 15 1.15385
301363 4 9 2.25
68 13 18 1.38462
1029 6 6 1
100079 7 15 2.14286
1317 9 20 2.22222
1175 1 1 1
247 7 10 1.42857
565 12 34 2.83333
300105 1 1 1
300715 4 9 2.25
200167 5 13 2.6
301348 5 11 2.2
1247 11 26 2.36364
300128 9 12 1.33333
343 14 20 1.42857
301193 6 6 1
300325 10 19 1.9
202 2 13 6.5
300249 5 9 1.8
273 12 36 3
645 13 28 2.15385
100059 19 20 1.05263
300272 8 17 2.125
345 1 1 1
301196 11 26 2.36364
301370 13 19 1.46154
300825 5 8 1.6
1376 1 1 1
300126 1 1 1
100597 1 1 1
1201 10 24 2.4
40 1 1 1
100428 13 42 3.23077
201171 8 8 1
101246 7 31 4.42857
200139 8 17 2.125
1002 11 11 1
200718 9 20 2.22222
77 25 37 1.48
200997 12 12 1
100821 1 1 1
100532 2 20 10
100120 1 1 1
201048 8 9 1.125
100813 6 6 1
410 3 3 1
201429 10 10 1
100985 7 9 1.28571
100698 9 39 4.33333
201608 6 6 1
100164 1 1 1
466 8 8 1
100952 11 24 2.18182
200936 10 10 1
201515 3 3 1
101342 9 9 1
201320 1 1 1
180 11 35 3.18182
201175 10 10 1
201437 10 33 3.3
200880 9 18 2
100050 14 46 3.28571
100866 10 10 1
201446 1 1 1
101082 3 8 2.66667
100312 1 1 1
200720 12 33 2.75
201601 3 3 1
201035 11 14 1.27273
100156 15 57 3.8
200870 1 1 1
200867 4 36 9
101010 6 19 3.16667
101202 1 1 1
201350 4 17 4.25
101362 1 1 1
201538 7 7 1
200238 11 11 1
200939 7 14 2
200318 1 1 1
201013 2 2 1
201252 2 2 1
200460 10 12 1.2
101162 12 30 2.5
100874 2 2 1
201085 1 1 1
100962 13 15 1.15385
201462 5 30 6
200987 5 6 1.2
201286 1 1 1
101467 3 3 1
200252 15 15 1
300595 4 14 3.5
200332 15 59 3.93333
100997 8 22 2.75
300896 6 11 1.83333
201270 1 1 1
300437 1 1 1
200643 2 2 1
300106 14 58 4.14286
1159 12 12 1
1192 7 8 1.14286
1112 7 25 3.57143
1072 3 4 1.33333
945 9 15 1.66667
300213 12 12 1
1047 8 20 2.5
1256 14 34 2.42857
300368 3 3 1
301248 9 27 3
534 12 13 1.08333
301519 12 12 1
570 10 26 2.6
200114 10 10 1
300252 15 17 1.13333
664 7 17 2.42857
300684 3 3 1
301182 12 12 1
105 17 22 1.29412
480 9 9 1
301341 13 29 2.23077
277 10 25 2.5
159 7 32 4.57143
1163 9 9 1
1447 6 14 2.33333
1259 7 7 1
1220 1 1 1
300506 2 4 2
634 12 12 1
1370 8 21 2.625
300119 7 27 3.85714
1185 12 12 1
382 6 6 1
300050 15 26 1.73333
1182 7 9 1.28571
300849 13 29 2.23077
101217 7 7 1
200169 5 14 2.8
1238 4 32 8
100686 12 37 3.08333
1330 10 14 1.4
250 16 44 2.75
1343 5 20 4
200965 12 15 1.25
300129 5 5 1
100181 2 2 1
377 8 19 2.375
200766 3 5 1.66667
101413 8 8 1
286 12 12 1
201453 2 11 5.5
224 10 10 1
200729 8 24 3
201241 11 42 3.81818
100644 3 3 1
327 2 2 1
201456 10 28 2.8
200154 5 7 1.4
200234 6 15 2.5
200706 8 24 3
200323 7 7 1
200199 5 9 1.8
201261 13 55 4.23077
100203 5 28 5.6
200412 5 5 1
200525 8 10 1.25
200520 1 1 1
100858 3 3 1
200448 9 9 1
101268 11 24 2.18182
101001 5 6 1.2
101520 13 13 1
101519 8 11 1.375
100691 10 10 1
101239 1 1 1
101004 10 10 1
100931 5 5 1
100665 11 24 2.18182
200694 3 3 1
100392 6 8 1.33333
200725 14 20 1.42857
200803 2 2 1
100194 1 1 1
201543 10 10 1
100329 15 19 1.26667
200700 11 27 2.45455
200852 11 17 1.54545
201020 10 25 2.5
200270 5 5 1
200415 5 5 1
200422 12 18 1.5
200227 2 12 6
101154 2 4 2
301516 8 8 1
301222 9 14 1.55556
101063 1 1 1
301063 2 3 1.5
200484 8 8 1
300724 13 23 1.76923
301101 3 4 1.33333
200535 11 17 1.54545
301470 1 1 1
300652 11 11 1
301312 8 25 3.125
301275 13 13 1
300351 12 24 2
300950 7 13 1.85714
300480 6 6 1
1157 1 1 1
300075 17 17 1
301164 12 12 1
300485 4 4 1
498 2 2 1
650 9 10 1.11111
301452 8 9 1.125
19 4 4 1
300994 1 1 1
547 12 21 1.75
300534 3 3 1
1433 12 31 2.58333
301342 12 12 1
300491 8 10 1.25
200149 15 43 2.86667
300127 5 5 1
300616 1 1 1
1508 1 1 1
691 1 1 1
301067 12 39 3.25
931 11 13 1.18182
300818 12 14 1.16667
300300 8 13 1.625
752 8 41 5.125
300693 10 24 2.4
300899 3 9 3
1115 5 15 3
300549 4 4 1
300516 9 9 1
301118 13 38 2.92308
100575 11 13 1.18182
1490 3 3 1
1118 10 19 1.9
300047 5 19 3.8
200124 13 17 1.30769
100084 9 14 1.55556
1227 7 29 4.14286
300901 12 12 1
100450 8 13 1.625
1053 9 13 1.44444
100379 1 1 1
952 3 3 1
300913 1 1 1
300954 1 1 1
100455 13 41 3.15385
300498 11 40 3.63636
970 4 7 1.75
200067 12 18 1.5
1008 12 15 1.25
100200 12 20 1.66667
96 14 49 3.5
393 9 13 1.44444
100557 1 1 1
101500 5 5 1
328 14 14 1
100893 5 10 2
101526 6 6 1
623 6 28 4.66667
100472 7 7 1
100234 9 12 1.33333
200189 2 22 11
201153 11 14 1.27273
200345 5 5 1
201244 3 29 9.66667
100603 3 12 4
200732 5 12 2.4
100706 10 10 1
201248 2 2 1
100910 3 10 3.33333
101052 5 9 1.8
100513 6 6 1
101423 11 24 2.18182
200800 2 2 1
200963 15 17 1.13333
100555 12 37 3.08333
100240 10 32 3.2
201444 14 17 1.21429
201422 2 3 1.5
201135 11 36 3.27273
100851 3 26 8.66667
200838 6 12 2
200948 5 9 1.8
101033 4 5 1.25
200206 5 5 1
201428 10 10 1
200942 6 9 1.5
100909 2 3 1.5
201220 1 1 1
301509 9 10 1.11111
201465 2 3 1.5
301228 1 1 1
200739 9 22 2.44444
200715 14 23 1.64286
201262 12 39 3.25
200772 11 15 1.36364
300747 6 6 1
1472 11 19 1.72727
201363 12 15 1.25
1514 13 24 1.84615
300387 11 25 2.27273
200577 10 14 1.4
300379 5 6 1.2
301300 1 1 1
300503 9 9 1
300477 6 8 1.33333
301297 11 37 3.36364
301246 6 8 1.33333
301047 11 17 1.54545
300066 23 52 2.26087
1477 3 5 1.66667
300282 7 9 1.28571
301098 9 37 4.11111
1248 12 29 2.41667
300711 10 10 1
432 8 8 1
300147 8 14 1.75
300679 4 28 7
1292 6 6 1
300115 10 32 3.2
731 1 1 1
300154 8 8 1
300297 3 19 6.33333
580 3 3 1
1266 11 13 1.18182
300567 8 8 1
252 1 1 1
667 5 12 2.4
300594 4 19 4.75
300929 9 19 2.11111
300628 7 9 1.28571
300415 9 25 2.77778
790 10 16 1.6
1463 1 1 1
208 1 1 1
300441 5 14 2.8
301494 10 10 1
1164 11 40 3.63636
100526 2 6 3
1187 3 20 6.66667
232 9 9 1
300471 8 29 3.625
71 21 49 2.33333
300830 13 45 3.46154
301498 7 15 2.14286
823 1 1 1
519 8 29 3.625
101220 12 12 1
201105 5 28 5.6
300638 12 16 1.33333
100623 2 2 1
100663 1 1 1
201143 6 8 1.33333
100175 12 21 1.75
100519 7 8 1.14286
201501 7 17 2.42857
100208 4 11 2.75
769 13 24 1.84615
101093 10 10 1
200839 2 2 1
100125 13 32 2.46154
101499 3 7 2.33333
201 9 9 1
100546 8 9 1.125
188 1 1 1
100432 13 22 1.69231
201581 1 1 1
201423 4 6 1.5
200911 7 30 4.28571
100981 1 1 1
101485 2 10 5
201352 12 14 1.16667
200753 3 3 1
101046 1 1 1
100488 5 5 1
101076 6 13 2.16667
200543 7 17 2.42857
101229 3 3 1
201368 7 17 2.42857
100883 7 19 2.71429
201086 4 19 4.75
200920 7 7 1
100283 5 5 1
201370 4 4 1
200696 11 43 3.90909
200508 9 9 1
100654 4 13 3.25
201152 13 32 2.46154
200360 1 1 1
201414 6 13 2.16667
100436 11 12 1.09091
200746 11 20 1.81818
200267 12 15 1.25
100270 13 13 1
100155 4 4 1
100217 16 34 2.125
101512 2 8 4
100932 7 23 3.28571
200489 12 12 1
100917 10 12 1.2
100879 12 13 1.08333
201401 14 23 1.64286
201345 7 30 4.28571
301081 10 10 1
200862 12 24 2
301171 2 5 2.5
101085 6 6 1
200353 4 6 1.5
300406 7 17 2.42857
200638 10 37 3.7
200662 13 21 1.61538
200472 5 5 1
200625 2 2 1
201281 4 11 2.75
300571 11 37 3.36364
101347 12 13 1.08333
300656 11 11 1
301042 4 23 5.75
100974 8 8 1
200244 9 26 2.88889
300547 10 10 1
1139 8 21 2.625
300338 9 9 1
1037 6 20 3.33333
200568 3 3 1
1079 12 15 1.25
300522 6 22 3.66667
301077 7 12 1.71429
200063 6 11 1.83333
300044 11 11 1
300581 1 1 1
1024 1 1 1
301366 10 11 1.1
335 2 2 1
300768 1 1 1
301473 12 22 1.83333
1245 9 16 1.77778
200069 9 11 1.22222
300537 6 5 0.833333
934 3 29 9.66667
200175 11 20 1.81818
114 11 20 1.81818
1101 4 28 7
364 7 7 1
1063 2 2 1
301091 4 24 6
338 5 5 1
100032 14 42 3
300786 13 24 1.84615
100412 1 1 1
100602 12 22 1.83333
687 1 1 1
100468 5 20 4
573 11 11 1
1375 5 10 2
100774 3 3 1
100480 3 10 3.33333
100186 11 13 1.18182
183 11 24 2.18182
79 16 20 1.25
1060 8 8 1
100675 2 2 1
200116 6 12 2
100041 4 24 6
1057 10 19 1.9
100276 4 10 2.5
39 27 56 2.07407
100571 6 6 1
101468 6 9 1.5
100661 3 3 1
200142 3 3 1
200105 13 13 1
100132 6 6 1
200070 21 39 1.85714
201198 4 25 6.25
200756 7 22 3.14286
200734 11 12 1.09091
201378 8 8 1
201537 2 2 1
101235 1 1 1
200495 1 1 1
200790 11 21 1.90909
200161 2 2 1
99 5 5 1
200575 10 47 4.7
100730 7 7 1
100100 10 31 3.1
200461 10 10 1
100262 5 11 2.2
100614 4 13 3.25
201399 1 1 1
200982 1 1 1
100222 6 6 1
101479 10 10 1
200744 14 34 2.42857
100738 10 11 1.1
100806 1 1 1
101431 6 11 1.83333
200330 2 12 6
100244 11 11 1
200223 14 47 3.35714
100346 2 4 2
200218 1 1 1
100355 14 47 3.35714
200783 9 28 3.11111
301221 9 11 1.22222
201591 3 3 1
201609 2 2 1
200052 4 4 1
100627 3 10 3.33333
301269 1 1 1
200049 7 15 2.14286
201258 11 25 2.27273
201338 5 10 2
200500 12 12 1
201497 8 20 2.5
101205 10 28 2.8
100168 7 25 3.57143
101496 1 1 1
100359 5 7 1.4
201266 14 14 1
200054 15 15 1
100535 1 1 1
101493 1 1 1
101490 3 6 2
200762 3 3 1
101437 5 5 1
101486 8 19 2.375
301311 1 1 1
200027 1 1 1
101208 6 6 1
200451 7 11 1.57143
101508 15 23 1.53333
200259 7 12 1.71429
200558 6 6 1
200329 4 4 1
200699 6 19 3.16667
201019 5 12 2.4
101318 7 13 1.85714
300877 5 5 1
301479 8 13 1.625
201230 3 3 1
300965 4 28 7
201310 2 21 10.5
101177 2 2 1
300069 14 23 1.64286
201238 14 14 1
301458 5 5 1
301186 1 1 1
300548 9 9 1
857 2 2 1
300644 2 2 1
1372 7 25 3.57143
346 7 7 1
300831 14 30 2.14286
889 4 56 14
301476 6 10 1.66667
301132 1 1 1
200090 7 10 1.42857
953 7 7 1
301112 10 10 1
429 13 52 4
1242 7 17 2.42857
165 5 5 1
300648 11 13 1.18182
1325 5 8 1.6
301457 8 8 1
301377 10 26 2.6
300179 10 11 1.1
101193 11 33 3
1013 4 4 1
53 21 36 1.71429
1147 6 9 1.5
326 13 45 3.46154
278 8 8 1
1153 1 1 1
301030 6 21 3.5
834 3 3 1
201025 2 2 1
1150 2 2 1
866 5 9 1.8
1099 1 1 1
559 10 14 1.4
576 11 12 1.09091
200851 3 5 1.66667
759 6 24 4
100425 8 21 2.625
100495 1 1 1
713 11 11 1
848 9 19 2.11111
101201 13 16 1.23077
201054 8 8 1
201205 8 16 2
83 2 3 1.5
100366 13 14 1.07692
201029 4 8 2
101536 1 1 1
101506 9 15 1.66667
100374 13 51 3.92308
201586 3 3 1
200395 3 3 1
101340 6 12 2
100711 12 17 1.41667
200675 11 12 1.09091
201016 7 14 2
101223 10 14 1.4
100507 3 3 1
100323 7 9 1.28571
100864 3 22 7.33333
100936 4 6 1.5
200534 12 30 2.5
101297 7 24 3.42857
100397 2 2 1
100889 10 20 2
200843 1 1 1
200754 8 12 1.5
101057 4 23 5.75
201002 7 14 2
201457 3 14 4.66667
200908 2 12 6
201061 11 28 2.54545
100220 6 5 0.833333
301174 5 12 2.4
200708 12 47 3.91667
301105 10 10 1
200760 7 19 2.71429
200230 9 9 1
200742 2 2 1
301200 6 6 1
200553 12 26 2.16667
200390 11 28 2.54545
301330 3 4 1.33333
301405 3 3 1
300712 5 37 7.4
201509 7 7 1
300528 7 7 1
1263 13 51 3.92308
301425 3 5 1.66667
300557 8 8 1
301514 7 8 1.14286
1323 7 23 3.28571
300086 1 1 1
301517 7 8 1.14286
301003 2 2 1
300821 1 1 1
442 1 1 1
795 3 6 2
200112 8 12 1.5
300868 3 12 4
300608 10 36 3.6
301137 13 16 1.23077
100608 4 13 3.25
886 9 29 3.22222
741 5 5 1
300538 2 3 1.5
435 10 12 1.2
300627 3 2 0.666667
255 12 12 1
200182 5 5 1
608 10 16 1.6
200883 1 1 1
200980 5 40 8
100416 3 3 1
100204 1 1 1
248 1 1 1
100464 11 23 2.09091
100151 14 38 2.71429
396 1 1 1
201450 13 34 2.61538
111 5 12 2.4
100239 10 14 1.4
100850 5 5 1
100942 7 7 1
281 14 37 2.64286
100035 10 10 1
187 10 10 1
156 12 12 1
200164 8 8 1
101251 9 11 1.22222
101110 11 11 1
100959 1 1 1
101184 12 12 1
201360 14 33 2.35714
100908 1 1 1
200507 12 12 1
101447 3 3 1
200634 7 7 1
101158 7 7 1
200374 3 7 2.33333
101374 9 16 1.77778
100096 6 13 2.16667
101517 1 1 1
200470 4 10 2.5
100689 9 21 2.33333
100158 5 8 1.6
301272 11 11 1
201242 4 4 1
300401 2 33 16.5
101136 10 55 5.5
200376 6 9 1.5
200410 10 22 2.2
100944 7 15 2.14286
201523 1 1 1
301205 10 18 1.8
100949 6 19 3.16667
201354 13 37 2.84615
300631 5 11 2.2
300898 5 13 2.6
1231 9 9 1
1095 2 9 4.5
1361 8 8 1
1119 5 19 3.8
300910 12 15 1.25
300647 6 6 1
833 9 30 3.33333
300663 5 17 3.4
296 3 6 2
814 4 4 1
1358 11 19 1.72727
301339 3 17 5.66667
671 13 40 3.07692
200072 15 15 1
1065 8 17 2.125
300807 1 1 1
1075 11 36 3.27273
300028 33 79 2.39394
300641 8 33 4.125
1116 7 10 1.42857
1402 1 1 1
404 2 4 2
300002 331 331 1
981 1 1 1
101385 7 9 1.28571
100618 6 20 3.33333
813 2 2 1
300155 1 1 1
101475 7 8 1.14286
920 7 7 1
690 1 1 1
100902 7 7 1
371 1 1 1
101118 10 48 4.8
100490 2 2 1
755 3 3 1
360 13 35 2.69231
200075 18 18 1
100725 2 2 1
101524 1 1 1
427 6 6 1
200826 8 40 5
101145 3 3 1
238 2 6 3
100907 9 9 1
201431 1 1 1
101356 1 1 1
100025 33 44 1.33333
101161 7 7 1
200855 6 6 1
201213 7 20 2.85714
101051 4 12 3
200954 13 41 3.15385
101164 4 11 2.75
200934 10 11 1.1
200991 15 20 1.33333
101189 14 17 1.21429
101471 5 9 1.8
101400 9 9 1
201530 7 11 1.57143
200632 3 3 1
101439 13 21 1.61538
301232 5 39 7.8
100268 7 8 1.14286
201333 10 15 1.5
201005 2 29 14.5
101213 13 36 2.76923
200035 11 11 1
100989 10 22 2.2
301286 1 1 1
201487 13 31 2.38462
201599 2 2 1
101325 4 4 1
101167 7 23 3.28571
201468 14 59 4.21429
301140 12 22 1.83333
301219 1 1 1
200481 12 48 4
200366 10 27 2.7
301096 3 38 12.6667
201549 8 11 1.375
301135 5 19 3.8
1432 5 11 2.2
301481 1 1 1
300385 4 4 1
301040 11 16 1.45455
200464 5 17 3.4
912 6 18 3
300589 3 9 3
967 5 5 1
300309 1 1 1
301052 5 5 1
301149 10 15 1.5
300078 1 1 1
301029 10 10 1
194 2 2 1
378 1 1 1
107 4 48 12
301026 1 1 1
301236 2 17 8.5
662 9 20 2.22222
300152 9 50 5.55556
301204 2 2 1
251 7 11 1.57143
301124 7 18 2.57143
1272 4 4 1
300659 12 21 1.75
100607 8 17 2.125
995 8 8 1
436 4 8 2
213 13 27 2.07692
301126 10 10 1
939 12 18 1.5
1397 2 6 3
100368 14 53 3.78571
100219 11 22 2
300650 3 3 1
100394 9 9 1
100226 6 9 1.5
100007 70 77 1.1
100402 1 1 1
301016 10 33 3.3
300828 2 7 3.5
100114 7 7 1
300827 9 9 1
174 8 17 2.125
821 8 15 1.875
299 4 14 3.5
101187 12 16 1.33333
100170 2 6 3
152 1 1 1
201435 3 8 2.66667
101443 1 1 1
200774 12 12 1
201274 8 25 3.125
100387 12 12 1
100011 61 107 1.7541
100900 1 1 1
100637 8 8 1
200906 1 1 1
201043 6 8 1.33333
201498 5 5 1
100790 12 14 1.16667
201511 6 6 1
101065 6 18 3
200736 1 1 1
200788 13 14 1.07692
100794 4 36 9
100150 3 3 1
100301 11 31 2.81818
200664 1 1 1
101113 11 11 1
200592 8 36 4.5
201439 8 8 1
101126 4 5 1.25
100020 25 50 2
200272 6 22 3.66667
201505 4 10 2.5
100340 3 8 2.66667
100337 9 18 2
200459 8 28 3.5
200539 3 3 1
301306 12 22 1.83333
201459 9 20 2.22222
200033 25 28 1.12
300971 7 26 3.71429
300993 8 8 1
201082 8 11 1.375
200811 3 4 1.33333
300566 10 10 1
300568 2 2 1
300949 6 20 3.33333
200385 1 1 1
300158 7 14 2
300814 14 17 1.21429
1301 11 11 1
1341 10 15 1.5
300726 4 65 16.25
200686 5 5 1
200445 13 31 2.38462
300991 3 3 1
1169 12 18 1.5
1318 15 22 1.46667
300279 16 30 1.875
300474 2 2 1
566 9 29 3.22222
1048 10 19 1.9
1313 15 21 1.4
1144 13 28 2.15385
300719 4 4 1
1084 1 1 1
785 4 17 4.25
301436 10 15 1.5
300666 8 24 3
100085 10 11 1.1
1213 12 12 1
1492 9 11 1.22222
1034 4 6 1.5
200151 3 15 5
660 1 1 1
301422 1 1 1
881 8 16 2
100461 1 1 1
100037 1 1 1
100411 2 2 1
300988 2 2 1
1282 1 1 1
554 2 2 1
993 9 12 1.33333
300555 5 7 1.4
100600 8 12 1.5
594 10 22 2.2
100130 5 5 1
1454 3 5 1.66667
1501 9 9 1
201145 13 20 1.53846
300290 9 9 1
100224 10 33 3.3
300533 8 14 1.75
101441 1 1 1
332 8 14 1.75
1055 7 7 1
200956 3 3 1
100772 1 1 1
300124 14 41 2.92857
600 4 5 1.25
654 11 11 1
100347 14 27 1.92857
100029 10 16 1.6
101122 13 39 3
191 7 32 4.57143
100350 7 20 2.85714
201532 7 14 2
100586 6 11 1.83333
101338 13 24 1.84615
549 6 10 1.66667
101029 10 28 2.8
100363 6 6 1
200866 8 16 2
100890 6 6 1
100304 13 31 2.38462
100978 1 1 1
241 9 9 1
100014 59 59 1
100095 10 46 4.6
101172 8 8 1
200456 2 2 1
101533 7 7 1
100090 2 2 1
200007 82 77 0.939024
100260 1 1 1
200741 1 1 1
201584 2 5 2.5
301258 8 20 2.5
100344 11 17 1.54545
100452 7 13 1.85714
100558 3 25 8.33333
100625 6 8 1.33333
100211 12 30 2.5
200362 10 34 3.4
201545 5 6 1.2
100242 12 33 2.75
200797 6 10 1.66667
200833 5 33 6.6
200437 7 7 1
100926 8 14 1.75
201330 7 15 2.14286
101079 13 37 2.84615
100904 10 10 1
200950 12 15 1.25
201056 12 23 1.91667
300399 9 10 1.11111
101047 11 12 1.09091
301373 2 2 1
101370 11 12 1.09091
200225 2 7 3.5
200016 1 1 1
300412 6 10 1.66667
201260 9 24 2.66667
301291 13 13 1
200550 7 10 1.42857
301152 5 4 0.8
300866 12 20 1.66667
1346 9 21 2.33333
300758 4 4 1
300287 13 17 1.30769
301071 12 12 1
1460 9 9 1
1071 5 5 1
300184 3 10 3.33333
1108 7 14 2
300440 6 9 1.5
300349 12 14 1.16667
300393 3 3 1
300373 8 8 1
300326 5 14 2.8
1087 9 9 1
126 9 9 1
301075 1 1 1
1083 2 2 1
1011 1 1 1
1096 3 15 5
359 10 10 1
300664 11 12 1.09091
300359 9 9 1
1305 9 14 1.55556
200077 12 13 1.08333
301011 11 22 2
300695 6 19 3.16667
300384 12 12 1
3 96 96 1
1308 1 1 1
301012 4 16 4
200170 6 8 1.33333
1143 10 10 1
300797 8 10 1.25
906 7 7 1
451 10 14 1.4
300313 7 17 2.42857
280 14 50 3.57143
200098 14 16 1.14286
300740 10 13 1.3
200126 10 10 1
201116 3 6 2
300316 13 13 1
767 8 8 1
300151 1 1 1
1320 12 24 2
300085 16 19 1.1875
104 13 21 1.61538
925 6 6 1
201172 5 5 1
100290 1 1 1
697 1 1 1
100871 2 38 19
101061 1 1 1
200726 13 23 1.76923
201503 2 6 3
101120 2 29 14.5
100068 5 7 1.4
400 2 3 1.5
100122 1 1 1
201346 5 5 1
100184 12 43 3.58333
100065 16 18 1.125
94 3 6 2
200286 14 28 2
101301 1 1 1
201481 10 12 1.2
100309 3 3 1
100606 6 6 1
201181 5 21 4.2
100404 10 28 2.8
201200 4 4 1
100254 1 1 1
200941 1 1 1
100516 12 29 2.41667
101116 1 1 1
100561 1 1 1
101054 1 1 1
301218 5 5 1
100502 2 2 1
100585 11 18 1.63636
200510 5 10 2
100921 6 31 5.16667
201023 3 17 5.66667
100856 11 13 1.18182
100430 6 12 2
100319 9 10 1.11111
100236 1 1 1
200945 8 24 3
200215 1 1 1
101036 9 9 1
200314 12 32 2.66667
301142 1 1 1
301400 4 4 1
101008 6 6 1
200201 12 14 1.16667
200254 6 6 1
200427 7 8 1.14286
200334 2 2 1
200021 23 26 1.13043
300658 8 8 1
301002 6 36 6
301302 7 26 3.71429
301386 3 10 3.33333
200614 8 8 1
300699 4 39 9.75
806 5 10 2
1022 2 2 1
300770 2 2 1
301114 9 30 3.33333
1239 5 12 2.4
300370 5 9 1.8
300468 4 8 2
300793 9 16 1.77778
674 11 20 1.81818
300116 11 13 1.18182
300885 8 18 2.25
300736 1 1 1
14 115 110 0.956522
386 6 7 1.16667
300902 11 11 1
300833 5 27 5.4
300376 9 9 1
612 7 8 1.14286
300331 11 21 1.90909
349 7 7 1
294 5 20 4
100582 3 3 1
1265 4 4 1
424 12 31 2.58333
1228 5 5 1
300098 1 1 1
300635 9 14 1.55556
300475 1 1 1
24 45 53 1.17778
1104 1 1 1
508 7 24 3.42857
173 9 15 1.66667
300234 1 1 1
201177 10 12 1.2
898 9 9 1
422 1 1 1
1223 8 11 1.375
100837 9 9 1
300462 1 1 1
100708 6 26 4.33333
323 2 2 1
417 6 14 2.33333
100352 2 2 1
244 7 30 4.28571
288 8 17 2.125
200999 4 4 1
100046 12 16 1.33333
200969 6 15 2.5
200186 12 47 3.91667
200890 3 10 3.33333
201518 3 3 1
100954 11 11 1
100781 14 14 1
201484 2 21 10.5
100878 11 26 2.36364
201563 6 8 1.33333
200544 10 30 3
101131 2 2 1
100326 13 31 2.38462
200487 4 4 1
101059 2 9 4.5
200480 9 24 2.66667
100786 6 17 2.83333
301288 2 3 1.5
100799 8 22 2.75
100115 4 6 1.5
201451 12 12 1
101156 1 1 1
200722 13 15 1.15385
201603 12 14 1.16667
101181 11 23 2.09091
200418 7 27 3.85714
201454 8 8 1
201570 1 1 1
201477 7 8 1.14286
201517 11 25 2.27273
200060 16 16 1
200499 4 4 1
200468 10 13 1.3
200381 2 2 1
201417 9 22 2.44444
201404 10 17 1.7
200918 1 1 1
200777 8 8 1
300944 12 15 1.25
101210 11 13 1.18182
300573 1 1 1
300872 3 19 6.33333
201555 11 15 1.36364
200041 13 15 1.15385
301407 1 1 1
200303 3 3 1
301336 1 1 1
876 8 8 1
430 9 15 1.66667
300550 4 4 1
301235 5 11 2.2
1258 3 3 1
300728 6 10 1.66667
300912 6 24 4
300980 13 13 1
301282 1 1 1
407 8 8 1
729 1 1 1
300836 13 19 1.46154
301129 12 16 1.33333
1251 12 15 1.25
200085 8 14 1.75
300321 1 1 1
780 9 18 2
300592 2 2 1
100588 1 1 1
101245 9 15 1.66667
423 2 2 1
300686 10 32 3.2
734 1 1 1
1337 2 2 1
100754 4 6 1.5
300696 1 1 1
300217 10 10 1
300987 12 23 1.91667
100484 1 1 1
119 16 18 1.125
300623 8 8 1
300765 3 3 1
849 11 20 1.81818
100259 12 24 2
300097 12 16 1.33333
300552 4 4 1
300345 10 16 1.6
101195 7 16 2.28571
100440 3 12 4
300254 6 16 2.66667
100086 3 4 1.33333
773 2 2 1
300261 10 36 3.6
1155 1 1 1
308 9 36 4
300020 14 29 2.07143
200185 4 22 5.5
783 14 22 1.57143
200955 2 9 4.5
100650 10 17 1.7
101072 12 15 1.25
100530 13 62 4.76923
300170 15 39 2.6
201141 1 1 1
760 2 3 1.5
700 6 6 1
101345 4 24 6
101473 7 8 1.14286
100295 8 12 1.5
688 1 1 1
101444 6 8 1.33333
100972 7 16 2.28571
200108 1 1 1
101269 5 5 1
100183 2 2 1
200278 15 41 2.73333
100232 5 9 1.8
100928 5 5 1
200243 10 25 2.5
201155 7 36 5.14286
100885 12 19 1.58333
201278 1 1 1
200678 1 1 1
100918 7 7 1
101174 9 9 1
200032 7 9 1.28571
201290 6 11 1.83333
101281 7 22 3.14286
301263 6 6 1
200808 5 5 1
201535 7 9 1.28571
200952 6 6 1
201168 9 13 1.44444
100672 12 12 1
100529 11 51 4.63636
101522 11 14 1.27273
100358 11 11 1
201162 8 11 1.375
301242 6 12 2
201304 1 1 1
101146 6 6 1
301279 8 16 2
201482 6 6 1
101463 4 6 1.5
101018 10 21 2.1
200702 10 36 3.6
300530 5 6 1.2
201467 9 19 2.11111
101259 3 13 4.33333
201436 6 6 1
300112 4 4 1
301239 1 1 1
300509 10 17 1.7
300984 5 9 1.8
200474 12 46 3.83333
300411 12 12 1
922 6 10 1.66667
300619 7 10 1.42857
1333 13 22 1.69231
1212 1 1 1
300930 12 32 2.66667
300714 12 15 1.25
301154 10 16 1.6
300756 9 9 1
301106 10 32 3.2
514 11 12 1.09091
300189 10 13 1.3
283 9 9 1
1309 13 29 2.23077
797 13 30 2.30769
999 4 4 1
316 5 5 1
300176 2 15 7.5
301199 7 7 1
200146 7 8 1.14286
300402 1 1 1
300601 3 8 2.66667
301168 8 22 2.75
1326 14 32 2.28571
300426 2 2 1
200176 5 6 1.2
301332 13 13 1
200128 7 8 1.14286
300784 12 14 1.16667
100721 7 39 5.57143
300720 2 2 1
300805 2 2 1
100228 3 3 1
200133 9 9 1
1219 5 12 2.4
301027 1 1 1
100400 12 49 4.08333
270 6 12 2
101198 12 17 1.41667
1466 4 6 1.5
100202 9 9 1
100322 1 1 1
297 7 7 1
100857 9 13 1.44444
101502 3 3 1
300 7 19 2.71429
100275 6 13 2.16667
201102 4 17 4.25
100266 14 31 2.21429
100386 13 13 1
200375 12 23 1.91667
200275 4 11 2.75
200528 6 6 1
200219 1 1 1
100216 4 4 1
101389 9 16 1.77778
200573 10 36 3.6
201207 9 29 3.22222
201297 2 7 3.5
100933 12 13 1.08333
100487 1 1 1
201375 13 29 2.23077
101329 4 19 4.75
200619 1 1 1
200927 6 7 1.16667
100736 14 35 2.5
200293 2 5 2.5
100419 1 1 1
201080 12 12 1
100714 2 2 1
100505 8 13 1.625
101416 1 1 1
200650 12 29 2.41667
201186 9 25 2.77778
100008 64 75 1.17188
100892 8 12 1.5
100630 11 13 1.18182
201358 7 15 2.14286
101527 6 6 1
301177 2 3 1.5
200830 1 1 1
301414 2 3 1.5
200537 8 30 3.75
200628 5 5 1
200556 2 2 1
200647 12 22 1.83333
300288 3 10 3.33333
300564 2 35 17.5
1250 4 10 2.5
301207 11 14 1.27273
201283 9 9 1
301160 6 6 1
200523 13 52 4
301165 7 14 2
200044 10 22 2.2
300951 4 4 1
301392 2 19 9.5
300328 12 16 1.33333
997 13 16 1.23077
300864 3 9 3
941 3 3 1
301184 9 9 1
200684 5 12 2.4
300006 159 160 1.00629
850 11 15 1.36364
584 10 13 1.3
300590 4 6 1.5
683 9 31 3.44444
511 3 5 1.66667
885 3 41 13.6667
301015 11 11 1
1418 8 8 1
472 8 9 1.125
829 1 1 1
301413 10 15 1.5
193 4 4 1
354 2 3 1.5
306 7 7 1
300943 4 4 1
301435 6 9 1.5
300317 1 1 1
147 13 13 1
301163 6 8 1.33333
43 11 13 1.18182
12 48 72 1.5
254 1 1 1
1232 8 15 1.875
211 12 12 1
300500 1 1 1
842 8 8 1
301068 1 1 1
301043 5 17 3.4
300334 6 15 2.5
301108 1 1 1
1088 11 22 2
100074 1 1 1
770 12 27 2.25
122 8 10 1.25
301420 6 6 1
100071 4 4 1
1340 14 15 1.07143
403 4 7 1.75
986 10 22 2.2
29 31 65 2.09677
100367 7 7 1
914 10 14 1.4
1280 4 16 4
100726 4 19 4.75
100745 5 5 1
100491 7 36 5.14286
1276 12 14 1.16667
200779 14 25 1.78571
15 53 70 1.32075
201587 1 1 1
200849 10 14 1.4
100763 12 20 1.66667
200092 5 32 6.4
201531 6 10 1.66667
201164 12 30 2.5
100466 4 11 2.75
200562 13 27 2.07692
101241 1 1 1
101069 10 13 1.3
200246 12 12 1
201583 2 2 1
101182 12 12 1
101206 6 22 3.66667
101457 11 15 1.36364
100578 11 23 2.09091
200877 5 18 3.6
101528 7 7 1
100395 6 6 1
101231 11 11 1
200972 1 1 1
100574 7 11 1.57143
100372 3 3 1
200005 83 109 1.31325
100110 14 16 1.14286
200514 12 24 2
201012 1 1 1
200597 4 4 1
100030 15 20 1.33333
100381 11 45 4.09091
200792 10 21 2.1
200752 10 52 5.2
200564 3 3 1
200346 14 38 2.71429
200648 10 10 1
200059 9 18 2
201007 7 12 1.71429
101215 8 29 3.625
201403 11 25 2.27273
101087 8 8 1
201522 1 1 1
301450 5 7 1.4
101280 10 11 1.1
1290 12 17 1.41667
1298 14 35 2.5
1509 4 6 1.5
1344 11 21 1.90909
301270 1 1 1
300890 2 2 1
300356 12 28 2.33333
950 10 26 2.6
1430 5 7 1.4
300732 4 4 1
1167 5 5 1
301308 5 14 2.8
158 13 13 1
372 6 14 2.33333
300363 9 9 1
301060 1 1 1
300801 1 1 1
1385 11 38 3.45455
300583 9 9 1
1283 4 4 1
200181 13 38 2.92308
956 8 20 2.5
1436 5 10 2
100056 2 3 1.5
200178 8 11 1.375
300604 7 14 2
738 4 11 2.75
523 8 8 1
300706 7 8 1.14286
300093 2 2 1
723 4 7 1.75
301484 9 11 1.22222
300855 3 3 1
300966 1 1 1
300846 14 26 1.85714
100777 7 7 1
100148 3 3 1
150 6 12 2
597 2 19 9.5
1136 2 2 1
300854 15 42 2.8
301050 6 18 3
840 9 13 1.44444
257 2 2 1
100342 9 29 3.22222
949 11 16 1.45455
680 3 3 1
100370 1 1 1
100212 13 21 1.61538
300144 11 11 1
528 2 2 1
100325 2 9 4.5
16 70 74 1.05714
100024 12 22 1.83333
765 5 5 1
200118 9 20 2.22222
101291 10 10 1
100043 19 60 3.15789
618 4 4 1
200115 12 16 1.33333
100278 4 8 2
101106 10 10 1
200724 3 3 1
200874 13 23 1.76923
200823 13 13 1
101398 6 7 1.16667
201493 1 1 1
129 3 3 1
100264 14 48 3.42857
201351 5 12 2.4
101058 8 8 1
200100 14 17 1.21429
100364 7 8 1.14286
200488 9 11 1.22222
200382 6 6 1
201295 9 9 1
200641 1 1 1
101088 8 18 2.25
100134 2 2 1
200813 4 6 1.5
200856 10 13 1.3
201117 10 13 1.3
101084 11 33 3
200666 1 1 1
101509 1 1 1
100876 7 8 1.14286
100801 7 18 2.57143
101115 12 12 1
200237 4 12 3
200047 10 16 1.6
101445 5 6 1.2
201130 5 5 1
100314 3 9 3
101319 5 21 4.2
201189 5 5 1
201167 2 3 1.5
200578 6 6 1
100022 7 10 1.42857
100968 1 1 1
101097 1 1 1
201379 12 18 1.5
300365 10 18 1.8
300633 7 16 2.28571
200677 5 5 1
201323 13 30 2.30769
300636 6 22 3.66667
201396 3 5 1.66667
100946 4 23 5.75
200524 1 1 1
300226 2 6 3
300832 8 8 1
201228 13 14 1.07692
300570 13 21 1.61538
1322 5 5 1
200364 1 1 1
300058 20 56 2.8
301208 13 14 1.07692
1100 7 7 1
300976 3 14 4.66667
300782 6 25 4.16667
1093 10 10 1
300341 11 19 1.72727
300787 4 13 3.25
300134 11 11 1
301189 7 13 1.85714
300447 9 21 2.33333
537 5 5 1
200080 16 57 3.5625
300908 4 17 4.25
811 10 28 2.8
300270 5 10 2
300438 3 3 1
980 3 19 6.33333
300031 16 17 1.0625
636 1 1 1
955 3 3 1
300023 11 22 2
300597 9 9 1
961 1 1 1
264 6 7 1.16667
1458 7 7 1
300791 13 42 3.23077
300958 5 16 3.2
301020 9 13 1.44444
300342 13 24 1.84615
1353 7 17 2.42857
100238 13 14 1.07692
475 3 3 1
186 3 3 1
452 7 13 1.85714
478 10 11 1.1
1400 3 3 1
300348 2 8 4
300232 1 1 1
201058 10 12 1.2
100552 10 12 1.2
465 6 31 5.16667
42 1 1 1
420 13 17 1.30769
334 12 34 2.83333
101365 4 4 1
200747 13 36 2.76923
200716 13 21 1.61538
8 76 86 1.13158
101289 2 2 1
101315 13 26 2
100427 5 21 4.2
100541 7 11 1.57143
101353 9 10 1.11111
100499 3 3 1
100171 2 8 4
101169 1 1 1
201067 5 5 1
100191 4 7 1.75
100881 12 20 1.66667
200401 8 9 1.125
100231 13 14 1.07692
100176 14 42 3
100333 13 14 1.07692
200709 7 19 2.71429
101254 8 13 1.625
200409 9 11 1.22222
201255 12 19 1.58333
100289 6 13 2.16667
200719 6 6 1
101149 4 24 6
201500 12 30 2.5
200639 3 7 2.33333
100182 6 24 4
201232 8 38 4.75
201547 1 1 1
200311 11 11 1
200030 9 19 2.11111
200542 7 13 1.85714
300360 2 2 1
300918 12 26 2.16667
201292 8 12 1.5
300915 7 8 1.14286
200357 4 4 1
301260 7 20 2.85714
301148 11 11 1
200630 12 31 2.58333
300839 6 13 2.16667
1464 2 2 1
200018 15 15 1
300293 1 1 1
300414 1 1 1
869 3 3 1
200659 10 13 1.3
1268 5 5 1
300012 98 145 1.47959
853 5 10 2
300298 1 1 1
1068 5 19 3.8
301427 11 27 2.45455
300472 1 1 1
300620 8 47 5.875
300809 12 24 2
7 101 145 1.43564
32 29 46 1.58621
223 13 16 1.23077
242 13 18 1.38462
245 13 16 1.23077
258 14 18 1.28571
262 11 49 4.45455
272 2 2 1
825 12 17 1.41667
1098 11 12 1.09091
1384 11 20 1.81818
100002 812 815 1.00369
100018 18 31 1.72222
200003 287 295 1.02787
200004 260 313 1.20385
200031 23 41 1.78261
200055 5 36 7.2
200150 11 18 1.63636
200157 7 25 3.57143
200203 9 11 1.22222
300003 440 485 1.10227
300008 121 146 1.20661
