2 xxx 37.00000000000000000000 4.81 .130
7 xxx 1.53810094624548808989 229.68 149.327
10 xxx 1.64145814455983829371 117.75 71.735
12 xxx 1226.17886178861788617886 301.64 .246
13 xxx 65.22807715251541061841 1640.16 25.145
15 xxx 10.06645705302272402458 140.87 13.994
17 xxx 3.62301036214079692340 271.32 74.888
18 xxx 4.70985260564418881052 542.90 115.269
24 xxx .36932091057535299202 7.69 20.822
27 xxx 1.54035690285970282983 20.63 13.393
31 xxx 10.10213843556555993247 359.03 35.540
34 xxx 943396.22641509433962264150 50000 .053
36 xxx 1.55549805693358743301 312.61 200.971
37 xxx 47212.38095238095238095238 1982.92 .042
38 xxx 1.02115547595823272622 63.86 62.537
43 xxx .54882899770049804378 50.36 91.759
44 xxx 1.74021804840424423088 333.92 191.884
45 xxx .12345679012345679012 2.75 22.275
46 xxx 24.31876138433515482695 400.53 16.470
47 xxx 5.28570397632965288301 366.22 69.285
49 xxx 6.42276804583665993518 547.04 85.172
50 xxx .95773240931510270337 30.68 32.034
53 xxx .42483660130718954248 1.30 3.060
54 xxx 2.68921634293369055592 8.03 2.986
55 xxx 18.01542676687096312760 1637.26 90.881
59 xxx .78642699836366097023 63.92 81.279
61 xxx 8.38085307956536236563 1583.47 188.939
64 xxx 1.40067166888539271451 92.59 66.104
67 xxx 147.99561217683850209952 35280.23 238.387
69 xxx 10.90558194774346793349 73.46 6.736
71 xxx 7565.44106521410198214555 50000 6.609
72 xxx .83963481356873376994 154.23 183.687
78 xxx 1.20995836519670320333 42.72 35.307
79 xxx 11.69379310344827586206 42.39 3.625
80 xxx 6.19089814974011717871 468.10 75.611
