1 xxx 20.29172170849845882870 1843.3 90.84
2 xxx 43478.26086956521739130434 50000 1.15
4 xxx 561.63094128611369990680 18078.9 32.19
7 xxx 9.31450223906303823630 270.4 29.03
10 xxx 2.51443656162349447285 152.4 60.61
11 xxx 3229.97416020671834625322 50000 15.48
12 xxx .07751937984496124031 0.1 1.29
13 xxx 219.38375350140056022408 3132.8 14.28
15 xxx 30.52845528455284552845 75.1 2.46
16 xxx 27.38689547581903276131 2457.7 89.74
17 xxx 7.22730042656916514320 237.2 32.82
18 xxx 38.60613810741687979539 603.8 15.64
19 xxx 26.85364208633093525179 2388.9 88.96
21 xxx 7032.34880450070323488045 50000 7.11
22 xxx 554.66856445709638064253 13639.3 24.59
24 xxx 2.28215767634854771784 27.5 12.05
27 xxx 42372.88135593220338983050 50000 1.18
28 xxx 2821.67042889390519187358 50000 17.72
29 xxx 368.81315925352216567087 50000 135.57
31 xxx 95.00976562500000000000 972.9 10.24
34 xxx .00092592592592592592 0.001 1.08
36 xxx 73.64611260053619302949 824.1 11.19
37 xxx .00094339622641509433 0.001 1.06
38 xxx 12.84116331096196868008 172.2 13.41
39 xxx 43.61772318936202608739 8594.0 197.03
40 xxx 76.76727561556791104050 1933.0 25.18
41 xxx 6.32372072853425845620 1749.9 276.72
42 xxx 11.58951330647824077131 1755.0 151.43
43 xxx 40.17647058823529411764 409.8 10.20
44 xxx 12.97375044947860481841 721.6 55.62
45 xxx 137.53488372093023255813 295.7 2.15
46 xxx 1406.22516556291390728476 2123.4 1.51
47 xxx 49.06748466257668711656 399.9 8.15
48 xxx 42.11959573273441886580 9001.8 213.72
49 xxx 19.53888718106363356901 635.6 32.53
50 xxx 8.55474452554744525547 58.6 6.85
51 xxx 12.92685018437526798730 1507.4 116.61
52 xxx 21.23933402705515088449 2041.1 96.10
53 xxx .58974358974358974358 2.3 3.90
54 xxx 97.60898282694848084544 738.9 7.57
55 xxx 55.94155844155844155844 861.5 15.40
56 xxx 55.82842724978973927670 1991.4 35.67
58 xxx 272.64300125415780576912 50000 183.39
59 xxx 5.44191919191919191919 86.2 15.84
60 xxx 51.32418001525553012967 3364.3 65.55
61 xxx 168.25780463242698892245 1670.8 9.93
62 xxx 250.46838407494145199063 3208.5 12.81
64 xxx 16.17875647668393782383 249.8 15.44
65 xxx 143.54589371980676328502 2971.4 20.70
67 xxx 219.63285389856169568508 5802.7 26.42
68 xxx 1709.99416569428238039673 29309.3 17.14
69 xxx 58.33333333333333333333 70.0 1.20
71 xxx 5265.18518518518518518518 7108.0 1.35
78 xxx 7.07774798927613941018 79.2 11.19
79 xxx 29.86769570011025358324 270.9 9.07
80 xxx 16.85450346420323325635 364.9 21.65
