0.00073
0.00073
0.00073
0.00073
0.00073
0.00085
0.00095
0.00098
0.00098
0.00098
0.00098
0.00098
0.00098
0.00098
0.00098
0.00098
0.00098
0.00098
0.00098
0.00098
0.00098
0.00098
0.00098
0.00098
0.00098
0.00098
0.00098
0.00098
0.00098
0.00098
0.00098
0.00098
0.00098
0.00098
0.00098
0.00098
0.00098
0.00098
0.00098
0.00104
0.00104
0.00104
0.00104
0.00107
0.00110
0.00110
0.00110
0.00110
0.00110
0.00110
0.00110
0.00116
0.00116
0.00119
0.00119
0.00119
0.00120
0.00120
0.00120
0.00122
0.00122
0.00122
0.00122
0.00122
0.00122
0.00122
0.00122
0.00122
0.00122
0.00122
0.00122
0.00122
0.00122
0.00122
0.00122
0.00122
0.00122
0.00122
0.00122
0.00122
0.00122
0.00122
0.00122
0.00122
0.00122
0.00122
0.00122
0.00122
0.00122
0.00122
0.00122
0.00122
0.00122
0.00122
0.00122
0.00122
0.00122
0.00122
0.00122
0.00122
0.00122
0.00122
0.00122
0.00122
0.00122
0.00122
0.00122
0.00122
0.00122
0.00122
0.00122
0.00122
0.00122
0.00122
0.00122
0.00122
0.00122
0.00122
0.00122
0.00122
0.00122
0.00122
0.00122
0.00122
0.00122
0.00122
0.00122
0.00122
0.00122
0.00122
0.00122
0.00122
0.00122
0.00122
0.00122
0.00122
0.00122
0.00122
0.00122
0.00122
0.00122
0.00122
0.00122
0.00122
0.00122
0.00122
0.00122
0.00122
0.00122
0.00122
0.00122
0.00122
0.00122
0.00122
0.00122
0.00122
0.00122
0.00122
0.00122
0.00122
0.00122
0.00122
0.00122
0.00122
0.00122
0.00122
0.00122
0.00122
0.00122
0.00122
0.00122
0.00122
0.00122
0.00122
0.00122
0.00122
0.00122
0.00122
0.00122
0.00122
0.00122
0.00122
0.00122
0.00122
0.00122
0.00122
0.00122
0.00122
0.00122
0.00128
0.00128
0.00128
0.00133
0.00134
0.00134
0.00134
0.00134
0.00134
0.00134
0.00134
0.00134
0.00134
0.00134
0.00134
0.00134
0.00134
0.00134
0.00134
0.00134
0.00134
0.00134
0.00134
0.00134
0.00134
0.00134
0.00134
0.00134
0.00134
0.00134
0.00134
0.00134
0.00134
0.00134
0.00134
0.00134
0.00134
0.00134
0.00134
0.00134
0.00134
0.00134
0.00134
0.00134
0.00134
0.00134
0.00134
0.00134
0.00134
0.00134
0.00134
0.00134
0.00134
0.00134
0.00134
0.00134
0.00134
0.00134
0.00134
0.00134
0.00134
0.00134
0.00134
0.00137
0.00137
0.00137
0.00140
0.00140
0.00140
0.00140
0.00140
0.00140
0.00140
0.00140
0.00140
0.00140
0.00140
0.00140
0.00140
0.00140
0.00140
0.00145
0.00145
0.00146
0.00146
0.00146
0.00146
0.00146
0.00146
0.00146
0.00146
0.00146
0.00146
0.00146
0.00146
0.00146
0.00146
0.00146
0.00146
0.00146
0.00146
0.00146
0.00146
0.00146
0.00146
0.00146
0.00146
0.00146
0.00146
0.00146
0.00146
0.00146
0.00146
0.00146
0.00146
0.00146
0.00146
0.00146
0.00146
0.00146
0.00146
0.00146
0.00146
0.00146
0.00146
0.00146
0.00146
0.00146
0.00146
0.00146
0.00146
0.00146
0.00146
0.00146
0.00146
0.00146
0.00146
0.00146
0.00146
0.00146
0.00146
0.00146
0.00146
0.00146
0.00146
0.00146
0.00146
0.00146
0.00146
0.00146
0.00146
0.00146
0.00146
0.00146
0.00146
0.00146
0.00146
0.00146
0.00146
0.00146
0.00146
0.00146
0.00146
0.00146
0.00146
0.00146
0.00146
0.00146
0.00146
0.00146
0.00146
0.00146
0.00146
0.00146
0.00146
0.00146
0.00146
0.00146
0.00146
0.00146
0.00146
0.00146
0.00146
0.00146
0.00146
0.00146
0.00146
0.00146
0.00146
0.00146
0.00146
0.00146
0.00146
0.00146
0.00146
0.00146
0.00146
0.00146
0.00146
0.00146
0.00146
0.00146
0.00146
0.00146
0.00146
0.00146
0.00146
0.00146
0.00146
0.00146
0.00146
0.00146
0.00146
0.00146
0.00146
0.00146
0.00146
0.00146
0.00146
0.00146
0.00146
0.00146
0.00146
0.00146
0.00146
0.00146
0.00146
0.00146
0.00146
0.00146
0.00146
0.00146
0.00146
0.00146
0.00146
0.00146
0.00146
0.00146
0.00146
0.00146
0.00146
0.00146
0.00146
0.00146
0.00146
0.00146
0.00146
0.00146
0.00146
0.00146
0.00146
0.00146
0.00146
0.00146
0.00146
0.00146
0.00146
0.00146
0.00146
0.00146
0.00146
0.00146
0.00146
0.00146
0.00146
0.00146
0.00146
0.00146
0.00146
0.00146
0.00146
0.00146
0.00146
0.00146
0.00146
0.00146
0.00146
0.00146
0.00146
0.00146
0.00146
0.00146
0.00146
0.00146
0.00146
0.00146
0.00146
0.00146
0.00146
0.00146
0.00146
0.00146
0.00146
0.00146
0.00146
0.00146
0.00146
0.00146
0.00146
0.00146
0.00146
0.00146
0.00146
0.00146
0.00146
0.00146
0.00146
0.00146
0.00146
0.00146
0.00146
0.00146
0.00146
0.00146
0.00146
0.00146
0.00146
0.00146
0.00146
0.00146
0.00146
0.00146
0.00146
0.00146
0.00146
0.00146
0.00146
0.00146
0.00146
0.00146
0.00146
0.00146
0.00146
0.00146
0.00146
0.00146
0.00146
0.00146
0.00146
0.00146
0.00146
0.00146
0.00146
0.00146
0.00146
0.00146
0.00146
0.00146
0.00146
0.00146
0.00146
0.00146
0.00146
0.00146
0.00146
0.00146
0.00146
0.00146
0.00146
0.00146
0.00146
0.00146
0.00146
0.00146
0.00146
0.00146
0.00146
0.00146
0.00146
0.00146
0.00146
0.00146
0.00149
0.00150
0.00150
0.00150
0.00150
0.00151
0.00151
0.00153
0.00153
0.00153
0.00153
0.00153
0.00153
0.00153
0.00153
0.00153
0.00153
0.00153
0.00153
0.00153
0.00153
0.00153
0.00153
0.00153
0.00153
0.00153
0.00154
0.00155
0.00156
0.00156
0.00156
0.00156
0.00156
0.00157
0.00159
0.00159
0.00159
0.00159
0.00159
0.00159
0.00159
0.00159
0.00159
0.00159
0.00159
0.00159
0.00159
0.00159
0.00159
0.00159
0.00159
0.00159
0.00159
0.00159
0.00159
0.00159
0.00159
0.00159
0.00159
0.00159
0.00159
0.00159
0.00159
0.00159
0.00159
0.00159
0.00159
0.00159
0.00159
0.00159
0.00159
0.00159
0.00159
0.00159
0.00159
0.00159
0.00159
0.00159
0.00159
0.00159
0.00159
0.00159
0.00159
0.00159
0.00159
0.00159
0.00159
0.00159
0.00159
0.00159
0.00159
0.00159
0.00159
0.00159
0.00159
0.00159
0.00159
0.00159
0.00159
0.00159
0.00159
0.00159
0.00159
0.00159
0.00159
0.00159
0.00159
0.00159
0.00159
0.00159
0.00159
0.00159
0.00159
0.00159
0.00162
0.00162
0.00162
0.00164
0.00164
0.00165
0.00165
0.00165
0.00165
0.00165
0.00165
0.00165
0.00165
0.00165
0.00165
0.00165
0.00165
0.00165
0.00165
0.00165
0.00165
0.00165
0.00165
0.00165
0.00165
0.00165
0.00165
0.00165
0.00165
0.00165
0.00165
0.00166
0.00166
0.00166
0.00166
0.00168
0.00168
0.00168
0.00168
0.00168
0.00168
0.00169
0.00169
0.00171
0.00171
0.00171
0.00171
0.00171
0.00171
0.00171
0.00171
0.00171
0.00171
0.00171
0.00171
0.00171
0.00171
0.00171
0.00171
0.00171
0.00171
0.00171
0.00171
0.00171
0.00171
0.00171
0.00171
0.00171
0.00171
0.00171
0.00171
0.00171
0.00171
0.00171
0.00171
0.00171
0.00171
0.00171
0.00171
0.00171
0.00171
0.00171
0.00171
0.00171
0.00171
0.00171
0.00171
0.00171
0.00171
0.00171
0.00171
0.00171
0.00171
0.00171
0.00171
0.00171
0.00171
0.00171
0.00171
0.00171
0.00171
0.00171
0.00171
0.00171
0.00171
0.00171
0.00171
0.00171
0.00171
0.00171
0.00171
0.00171
0.00171
0.00171
0.00171
0.00171
0.00171
0.00171
0.00171
0.00171
0.00171
0.00171
0.00171
0.00171
0.00171
0.00171
0.00171
0.00171
0.00171
0.00171
0.00171
0.00171
0.00171
0.00171
0.00171
0.00171
0.00171
0.00171
0.00171
0.00171
0.00171
0.00171
0.00171
0.00171
0.00171
0.00171
0.00171
0.00171
0.00171
0.00171
0.00171
0.00171
0.00171
0.00171
0.00171
0.00171
0.00171
0.00171
0.00171
0.00171
0.00171
0.00171
0.00171
0.00171
0.00171
0.00171
0.00171
0.00171
0.00171
0.00171
0.00171
0.00171
0.00171
0.00171
0.00171
0.00171
0.00171
0.00171
0.00171
0.00171
0.00171
0.00171
0.00171
0.00171
0.00171
0.00171
0.00171
0.00171
0.00171
0.00171
0.00171
0.00171
0.00171
0.00171
0.00171
0.00171
0.00171
0.00171
0.00171
0.00171
0.00171
0.00171
0.00171
0.00171
0.00171
0.00171
0.00171
0.00171
0.00171
0.00171
0.00171
0.00171
0.00171
0.00171
0.00171
0.00171
0.00171
0.00171
0.00171
0.00171
0.00171
0.00171
0.00171
0.00171
0.00171
0.00171
0.00171
0.00171
0.00171
0.00171
0.00171
0.00171
0.00171
0.00171
0.00171
0.00171
0.00171
0.00171
0.00171
0.00171
0.00171
0.00171
0.00171
0.00171
0.00171
0.00171
0.00171
0.00171
0.00171
0.00171
0.00171
0.00171
0.00171
0.00171
0.00171
0.00171
0.00171
0.00171
0.00171
0.00171
0.00171
0.00171
0.00171
0.00171
0.00171
0.00171
0.00171
0.00171
0.00171
0.00171
0.00171
0.00171
0.00171
0.00171
0.00171
0.00171
0.00171
0.00171
0.00171
0.00171
0.00171
0.00171
0.00171
0.00171
0.00171
0.00171
0.00171
0.00171
0.00171
0.00171
0.00171
0.00171
0.00171
0.00171
0.00171
0.00171
0.00171
0.00171
0.00171
0.00171
0.00171
0.00171
0.00171
0.00171
0.00171
0.00171
0.00171
0.00171
0.00171
0.00171
0.00171
0.00171
0.00171
0.00171
0.00171
0.00171
0.00171
0.00171
0.00171
0.00171
0.00171
0.00171
0.00171
0.00171
0.00171
0.00171
0.00171
0.00171
0.00171
0.00171
0.00171
0.00171
0.00171
0.00171
0.00171
0.00171
0.00171
0.00171
0.00171
0.00171
0.00171
0.00171
0.00171
0.00171
0.00171
0.00171
0.00171
0.00171
0.00171
0.00171
0.00171
0.00171
0.00171
0.00171
0.00171
0.00171
0.00171
0.00171
0.00171
0.00171
0.00171
0.00171
0.00171
0.00171
0.00171
0.00171
0.00171
0.00171
0.00171
0.00171
0.00171
0.00171
0.00171
0.00171
0.00171
0.00171
0.00171
0.00171
0.00171
0.00171
0.00171
0.00171
0.00171
0.00171
0.00171
0.00171
0.00171
0.00171
0.00171
0.00171
0.00171
0.00171
0.00171
0.00171
0.00171
0.00171
0.00171
0.00171
0.00171
0.00171
0.00171
0.00171
0.00171
0.00171
0.00171
0.00171
0.00171
0.00171
0.00171
0.00171
0.00171
0.00171
0.00171
0.00171
0.00171
0.00171
0.00171
0.00171
0.00171
0.00171
0.00171
0.00171
0.00171
0.00171
0.00171
0.00171
0.00171
0.00171
0.00171
0.00171
0.00171
0.00171
0.00171
0.00171
0.00171
0.00171
0.00171
0.00171
0.00171
0.00171
0.00171
0.00171
0.00171
0.00171
0.00171
0.00171
0.00171
0.00171
0.00171
0.00171
0.00171
0.00171
0.00171
0.00171
0.00171
0.00171
0.00171
0.00171
0.00171
0.00171
0.00171
0.00171
0.00171
0.00171
0.00171
0.00171
0.00171
0.00171
0.00171
0.00171
0.00171
0.00171
0.00171
0.00171
0.00171
0.00171
0.00171
0.00171
0.00171
0.00171
0.00171
0.00171
0.00171
0.00171
0.00171
0.00171
0.00171
0.00171
0.00171
0.00171
0.00171
0.00171
0.00171
0.00171
0.00171
0.00171
0.00171
0.00171
0.00171
0.00171
0.00171
0.00171
0.00171
0.00171
0.00171
0.00171
0.00171
0.00171
0.00171
0.00171
0.00171
0.00171
0.00171
0.00171
0.00171
0.00171
0.00171
0.00171
0.00171
0.00171
0.00171
0.00171
0.00171
0.00171
0.00171
0.00171
0.00171
0.00171
0.00171
0.00171
0.00171
0.00171
0.00171
0.00171
0.00171
0.00171
0.00171
0.00171
0.00171
0.00171
0.00171
0.00171
0.00171
0.00172
0.00174
0.00174
0.00174
0.00174
0.00174
0.00174
0.00174
0.00175
0.00176
0.00177
0.00177
0.00177
0.00177
0.00177
0.00177
0.00177
0.00177
0.00177
0.00177
0.00177
0.00177
0.00177
0.00177
0.00177
0.00177
0.00177
0.00177
0.00177
0.00177
0.00177
0.00177
0.00177
0.00177
0.00177
0.00177
0.00177
0.00177
0.00177
0.00177
0.00177
0.00177
0.00177
0.00177
0.00177
0.00177
0.00177
0.00177
0.00177
0.00177
0.00177
0.00177
0.00179
0.00179
0.00179
0.00180
0.00180
0.00180
0.00180
0.00180
0.00180
0.00180
0.00180
0.00180
0.00180
0.00180
0.00180
0.00181
0.00182
0.00182
0.00182
0.00182
0.00182
0.00183
0.00183
0.00183
0.00183
0.00183
0.00183
0.00183
0.00183
0.00183
0.00183
0.00183
0.00183
0.00183
0.00183
0.00183
0.00183
0.00183
0.00183
0.00183
0.00183
0.00183
0.00183
0.00183
0.00183
0.00183
0.00183
0.00183
0.00183
0.00183
0.00183
0.00183
0.00183
0.00183
0.00183
0.00183
0.00183
0.00183
0.00183
0.00183
0.00183
0.00183
0.00183
0.00183
0.00183
0.00183
0.00183
0.00183
0.00183
0.00183
0.00183
0.00183
0.00183
0.00183
0.00183
0.00183
0.00183
0.00183
0.00183
0.00183
0.00183
0.00183
0.00183
0.00183
0.00183
0.00183
0.00183
0.00183
0.00183
0.00183
0.00183
0.00183
0.00183
0.00183
0.00183
0.00183
0.00183
0.00183
0.00183
0.00183
0.00183
0.00183
0.00183
0.00183
0.00183
0.00183
0.00183
0.00183
0.00183
0.00183
0.00183
0.00183
0.00183
0.00183
0.00183
0.00183
0.00183
0.00183
0.00183
0.00183
0.00183
0.00183
0.00183
0.00183
0.00183
0.00183
0.00183
0.00183
0.00183
0.00183
0.00183
0.00183
0.00183
0.00183
0.00183
0.00183
0.00183
0.00183
0.00183
0.00183
0.00183
0.00183
0.00183
0.00183
0.00183
0.00183
0.00183
0.00183
0.00183
0.00183
0.00183
0.00183
0.00183
0.00183
0.00183
0.00183
0.00183
0.00183
0.00183
0.00183
0.00183
0.00183
0.00183
0.00183
0.00183
0.00183
0.00183
0.00183
0.00183
0.00183
0.00183
0.00183
0.00183
0.00183
0.00183
0.00183
0.00183
0.00183
0.00183
0.00183
0.00183
0.00183
0.00183
0.00183
0.00183
0.00183
0.00183
0.00183
0.00183
0.00183
0.00183
0.00183
0.00183
0.00183
0.00183
0.00183
0.00184
0.00185
0.00185
0.00185
0.00186
0.00186
0.00186
0.00186
0.00186
0.00186
0.00186
0.00186
0.00186
0.00187
0.00188
0.00188
0.00188
0.00189
0.00189
0.00189
0.00189
0.00189
0.00189
0.00189
0.00189
0.00189
0.00189
0.00189
0.00189
0.00189
0.00189
0.00189
0.00189
0.00189
0.00189
0.00189
0.00189
0.00189
0.00189
0.00189
0.00189
0.00189
0.00189
0.00189
0.00189
0.00191
0.00191
0.00191
0.00192
0.00192
0.00192
0.00192
0.00192
0.00193
0.00194
0.00194
0.00194
0.00195
0.00195
0.00195
0.00195
0.00195
0.00195
0.00195
0.00195
0.00195
0.00195
0.00195
0.00195
0.00195
0.00195
0.00195
0.00195
0.00195
0.00195
0.00195
0.00195
0.00195
0.00195
0.00195
0.00195
0.00195
0.00195
0.00195
0.00195
0.00195
0.00195
0.00195
0.00195
0.00195
0.00195
0.00195
0.00195
0.00195
0.00195
0.00195
0.00195
0.00195
0.00195
0.00195
0.00195
0.00195
0.00195
0.00195
0.00195
0.00195
0.00195
0.00195
0.00195
0.00195
0.00195
0.00195
0.00195
0.00195
0.00195
0.00195
0.00195
0.00195
0.00195
0.00195
0.00195
0.00195
0.00195
0.00195
0.00195
0.00195
0.00195
0.00195
0.00195
0.00195
0.00195
0.00195
0.00195
0.00195
0.00195
0.00195
0.00195
0.00195
0.00195
0.00195
0.00195
0.00195
0.00195
0.00195
0.00195
0.00195
0.00195
0.00195
0.00195
0.00195
0.00195
0.00195
0.00195
0.00195
0.00195
0.00195
0.00195
0.00195
0.00195
0.00195
0.00195
0.00195
0.00195
0.00195
0.00195
0.00195
0.00195
0.00195
0.00195
0.00195
0.00195
0.00195
0.00195
0.00195
0.00195
0.00195
0.00195
0.00195
0.00195
0.00195
0.00195
0.00195
0.00195
0.00195
0.00195
0.00195
0.00195
0.00195
0.00195
0.00195
0.00195
0.00195
0.00195
0.00195
0.00195
0.00195
0.00195
0.00195
0.00195
0.00195
0.00195
0.00195
0.00195
0.00195
0.00195
0.00195
0.00195
0.00195
0.00195
0.00195
0.00195
0.00195
0.00195
0.00195
0.00195
0.00195
0.00195
0.00195
0.00195
0.00195
0.00195
0.00195
0.00195
0.00195
0.00195
0.00195
0.00195
0.00195
0.00195
0.00195
0.00195
0.00195
0.00195
0.00195
0.00195
0.00195
0.00195
0.00195
0.00195
0.00195
0.00195
0.00195
0.00195
0.00195
0.00195
0.00195
0.00195
0.00195
0.00195
0.00195
0.00195
0.00195
0.00195
0.00195
0.00195
0.00195
0.00195
0.00195
0.00195
0.00195
0.00195
0.00195
0.00195
0.00195
0.00195
0.00195
0.00195
0.00195
0.00195
0.00195
0.00195
0.00195
0.00195
0.00195
0.00195
0.00195
0.00195
0.00195
0.00195
0.00195
0.00195
0.00195
0.00195
0.00195
0.00195
0.00195
0.00195
0.00195
0.00195
0.00195
0.00195
0.00195
0.00195
0.00195
0.00195
0.00195
0.00195
0.00195
0.00195
0.00195
0.00195
0.00195
0.00195
0.00195
0.00195
0.00195
0.00195
0.00195
0.00195
0.00195
0.00195
0.00195
0.00195
0.00195
0.00195
0.00195
0.00195
0.00195
0.00195
0.00195
0.00195
0.00195
0.00195
0.00195
0.00195
0.00195
0.00195
0.00195
0.00195
0.00195
0.00195
0.00195
0.00195
0.00195
0.00195
0.00195
0.00195
0.00195
0.00195
0.00195
0.00195
0.00195
0.00195
0.00195
0.00195
0.00195
0.00195
0.00195
0.00195
0.00195
0.00195
0.00195
0.00195
0.00195
0.00195
0.00195
0.00195
0.00195
0.00195
0.00195
0.00195
0.00195
0.00195
0.00195
0.00195
0.00195
0.00195
0.00195
0.00195
0.00195
0.00195
0.00195
0.00195
0.00195
0.00195
0.00195
0.00195
0.00195
0.00195
0.00195
0.00195
0.00195
0.00195
0.00195
0.00195
0.00195
0.00195
0.00195
0.00195
0.00195
0.00195
0.00195
0.00195
0.00195
0.00195
0.00195
0.00195
0.00195
0.00195
0.00195
0.00195
0.00195
0.00195
0.00195
0.00195
0.00195
0.00195
0.00195
0.00195
0.00195
0.00195
0.00195
0.00195
0.00195
0.00195
0.00195
0.00195
0.00195
0.00195
0.00195
0.00195
0.00195
0.00195
0.00195
0.00195
0.00195
0.00195
0.00195
0.00195
0.00195
0.00195
0.00195
0.00195
0.00195
0.00195
0.00195
0.00195
0.00195
0.00195
0.00195
0.00195
0.00195
0.00195
0.00195
0.00195
0.00195
0.00195
0.00195
0.00195
0.00195
0.00195
0.00195
0.00195
0.00195
0.00195
0.00195
0.00195
0.00195
0.00195
0.00195
0.00195
0.00195
0.00195
0.00195
0.00195
0.00195
0.00195
0.00195
0.00195
0.00195
0.00195
0.00195
0.00195
0.00195
0.00195
0.00195
0.00195
0.00195
0.00195
0.00195
0.00195
0.00195
0.00195
0.00195
0.00195
0.00195
0.00195
0.00195
0.00195
0.00195
0.00195
0.00195
0.00195
0.00195
0.00195
0.00195
0.00195
0.00195
0.00195
0.00195
0.00195
0.00195
0.00195
0.00195
0.00195
0.00195
0.00195
0.00195
0.00195
0.00195
0.00195
0.00195
0.00195
0.00195
0.00195
0.00195
0.00195
0.00195
0.00195
0.00195
0.00195
0.00195
0.00195
0.00195
0.00195
0.00195
0.00195
0.00195
0.00195
0.00195
0.00195
0.00195
0.00195
0.00195
0.00195
0.00195
0.00195
0.00195
0.00195
0.00195
0.00195
0.00195
0.00195
0.00195
0.00195
0.00195
0.00195
0.00195
0.00195
0.00195
0.00195
0.00195
0.00195
0.00195
0.00195
0.00195
0.00195
0.00195
0.00195
0.00195
0.00195
0.00195
0.00195
0.00195
0.00195
0.00195
0.00195
0.00195
0.00195
0.00195
0.00195
0.00195
0.00195
0.00195
0.00195
0.00195
0.00195
0.00195
0.00195
0.00195
0.00195
0.00195
0.00195
0.00195
0.00195
0.00195
0.00195
0.00195
0.00195
0.00195
0.00195
0.00195
0.00195
0.00195
0.00195
0.00195
0.00195
0.00195
0.00195
0.00195
0.00195
0.00195
0.00195
0.00195
0.00195
0.00195
0.00195
0.00195
0.00195
0.00195
0.00195
0.00195
0.00195
0.00195
0.00195
0.00195
0.00195
0.00195
0.00195
0.00195
0.00195
0.00195
0.00195
0.00195
0.00195
0.00195
0.00195
0.00195
0.00195
0.00195
0.00195
0.00195
0.00195
0.00195
0.00195
0.00195
0.00195
0.00195
0.00195
0.00195
0.00195
0.00195
0.00195
0.00195
0.00195
0.00195
0.00195
0.00195
0.00195
0.00195
0.00195
0.00195
0.00195
0.00195
0.00195
0.00195
0.00195
0.00195
0.00195
0.00195
0.00195
0.00195
0.00195
0.00195
0.00195
0.00195
0.00195
0.00195
0.00195
0.00195
0.00195
0.00195
0.00195
0.00195
0.00195
0.00195
0.00195
0.00195
0.00195
0.00195
0.00195
0.00195
0.00195
0.00195
0.00195
0.00195
0.00195
0.00195
0.00195
0.00195
0.00195
0.00195
0.00195
0.00195
0.00195
0.00195
0.00195
0.00195
0.00195
0.00195
0.00195
0.00195
0.00195
0.00195
0.00195
0.00195
0.00195
0.00195
0.00195
0.00195
0.00195
0.00195
0.00195
0.00195
0.00195
0.00195
0.00195
0.00195
0.00195
0.00195
0.00195
0.00195
0.00195
0.00195
0.00195
0.00195
0.00195
0.00195
0.00195
0.00195
0.00195
0.00195
0.00195
0.00195
0.00195
0.00195
0.00195
0.00195
0.00195
0.00195
0.00195
0.00195
0.00195
0.00195
0.00195
0.00195
0.00195
0.00195
0.00195
0.00195
0.00195
0.00195
0.00195
0.00196
0.00197
0.00197
0.00197
0.00198
0.00198
0.00198
0.00198
0.00198
0.00198
0.00198
0.00198
0.00198
0.00199
0.00200
0.00200
0.00200
0.00201
0.00201
0.00201
0.00201
0.00201
0.00201
0.00201
0.00201
0.00201
0.00201
0.00201
0.00201
0.00201
0.00201
0.00201
0.00201
0.00201
0.00201
0.00201
0.00201
0.00201
0.00201
0.00201
0.00201
0.00201
0.00201
0.00201
0.00201
0.00201
0.00201
0.00201
0.00201
0.00201
0.00201
0.00201
0.00202
0.00203
0.00204
0.00204
0.00204
0.00204
0.00204
0.00204
0.00204
0.00204
0.00204
0.00204
0.00205
0.00206
0.00206
0.00207
0.00208
0.00208
0.00208
0.00208
0.00208
0.00208
0.00208
0.00208
0.00208
0.00208
0.00208
0.00208
0.00208
0.00208
0.00208
0.00208
0.00208
0.00208
0.00208
0.00208
0.00208
0.00208
0.00208
0.00208
0.00208
0.00208
0.00208
0.00208
0.00208
0.00208
0.00208
0.00208
0.00208
0.00208
0.00208
0.00208
0.00208
0.00208
0.00208
0.00208
0.00208
0.00208
0.00208
0.00208
0.00208
0.00208
0.00208
0.00208
0.00208
0.00208
0.00208
0.00208
0.00208
0.00208
0.00208
0.00208
0.00208
0.00208
0.00208
0.00208
0.00208
0.00208
0.00208
0.00208
0.00208
0.00208
0.00208
0.00208
0.00208
0.00208
0.00208
0.00208
0.00208
0.00208
0.00208
0.00208
0.00208
0.00208
0.00208
0.00208
0.00208
0.00208
0.00208
0.00208
0.00208
0.00208
0.00208
0.00208
0.00208
0.00208
0.00208
0.00208
0.00208
0.00208
0.00208
0.00208
0.00208
0.00208
0.00208
0.00208
0.00208
0.00208
0.00208
0.00208
0.00208
0.00208
0.00208
0.00208
0.00208
0.00208
0.00208
0.00208
0.00208
0.00208
0.00208
0.00208
0.00208
0.00208
0.00208
0.00208
0.00208
0.00208
0.00208
0.00208
0.00208
0.00208
0.00208
0.00208
0.00208
0.00208
0.00208
0.00208
0.00208
0.00208
0.00208
0.00208
0.00208
0.00208
0.00208
0.00208
0.00208
0.00208
0.00208
0.00208
0.00208
0.00208
0.00208
0.00208
0.00208
0.00208
0.00208
0.00208
0.00208
0.00208
0.00208
0.00208
0.00208
0.00208
0.00208
0.00208
0.00208
0.00208
0.00208
0.00208
0.00208
0.00208
0.00208
0.00208
0.00208
0.00208
0.00208
0.00208
0.00208
0.00208
0.00208
0.00208
0.00208
0.00208
0.00208
0.00208
0.00208
0.00208
0.00208
0.00208
0.00209
0.00209
0.00209
0.00210
0.00211
0.00211
0.00211
0.00211
0.00211
0.00211
0.00211
0.00211
0.00211
0.00211
0.00211
0.00211
0.00211
0.00211
0.00211
0.00212
0.00212
0.00212
0.00212
0.00212
0.00212
0.00213
0.00214
0.00214
0.00214
0.00214
0.00214
0.00214
0.00214
0.00214
0.00214
0.00214
0.00214
0.00214
0.00214
0.00214
0.00214
0.00214
0.00214
0.00214
0.00214
0.00214
0.00214
0.00214
0.00214
0.00214
0.00214
0.00214
0.00214
0.00214
0.00214
0.00214
0.00214
0.00214
0.00214
0.00214
0.00214
0.00214
0.00214
0.00214
0.00214
0.00214
0.00214
0.00214
0.00214
0.00214
0.00214
0.00214
0.00214
0.00214
0.00214
0.00214
0.00214
0.00214
0.00214
0.00214
0.00214
0.00214
0.00214
0.00214
0.00214
0.00214
0.00214
0.00214
0.00214
0.00214
0.00215
0.00215
0.00215
0.00215
0.00215
0.00216
0.00216
0.00217
0.00217
0.00217
0.00217
0.00217
0.00217
0.00217
0.00217
0.00217
0.00217
0.00217
0.00218
0.00218
0.00218
0.00218
0.00218
0.00219
0.00219
0.00220
0.00220
0.00220
0.00220
0.00220
0.00220
0.00220
0.00220
0.00220
0.00220
0.00220
0.00220
0.00220
0.00220
0.00220
0.00220
0.00220
0.00220
0.00220
0.00220
0.00220
0.00220
0.00220
0.00220
0.00220
0.00220
0.00220
0.00220
0.00220
0.00220
0.00220
0.00220
0.00220
0.00220
0.00220
0.00220
0.00220
0.00220
0.00220
0.00220
0.00220
0.00220
0.00220
0.00220
0.00220
0.00220
0.00220
0.00220
0.00220
0.00220
0.00220
0.00220
0.00220
0.00220
0.00220
0.00220
0.00220
0.00220
0.00220
0.00220
0.00220
0.00220
0.00220
0.00220
0.00220
0.00220
0.00220
0.00220
0.00220
0.00220
0.00220
0.00220
0.00220
0.00220
0.00220
0.00220
0.00220
0.00220
0.00220
0.00220
0.00220
0.00220
0.00220
0.00220
0.00220
0.00220
0.00220
0.00220
0.00220
0.00220
0.00220
0.00220
0.00220
0.00220
0.00220
0.00220
0.00220
0.00220
0.00220
0.00220
0.00220
0.00220
0.00220
0.00220
0.00220
0.00220
0.00220
0.00220
0.00220
0.00220
0.00220
0.00220
0.00220
0.00220
0.00220
0.00220
0.00220
0.00220
0.00220
0.00220
0.00220
0.00220
0.00220
0.00220
0.00220
0.00220
0.00220
0.00220
0.00220
0.00220
0.00220
0.00220
0.00220
0.00220
0.00220
0.00220
0.00220
0.00220
0.00220
0.00220
0.00220
0.00220
0.00220
0.00220
0.00220
0.00220
0.00220
0.00220
0.00220
0.00220
0.00220
0.00220
0.00220
0.00220
0.00220
0.00220
0.00220
0.00220
0.00220
0.00220
0.00220
0.00220
0.00220
0.00220
0.00220
0.00220
0.00220
0.00220
0.00220
0.00220
0.00220
0.00220
0.00220
0.00220
0.00220
0.00220
0.00220
0.00220
0.00220
0.00220
0.00220
0.00220
0.00220
0.00220
0.00220
0.00220
0.00220
0.00220
0.00220
0.00220
0.00220
0.00220
0.00220
0.00220
0.00220
0.00220
0.00220
0.00220
0.00220
0.00220
0.00220
0.00220
0.00220
0.00220
0.00220
0.00220
0.00220
0.00220
0.00220
0.00220
0.00220
0.00220
0.00220
0.00220
0.00220
0.00220
0.00220
0.00220
0.00220
0.00220
0.00220
0.00220
0.00220
0.00220
0.00220
0.00220
0.00220
0.00220
0.00220
0.00220
0.00220
0.00220
0.00220
0.00220
0.00220
0.00220
0.00220
0.00220
0.00220
0.00220
0.00220
0.00220
0.00220
0.00220
0.00220
0.00220
0.00220
0.00220
0.00220
0.00220
0.00220
0.00220
0.00220
0.00220
0.00220
0.00220
0.00220
0.00220
0.00220
0.00220
0.00220
0.00220
0.00220
0.00220
0.00220
0.00220
0.00220
0.00220
0.00220
0.00220
0.00220
0.00220
0.00220
0.00220
0.00220
0.00220
0.00220
0.00220
0.00220
0.00220
0.00220
0.00220
0.00220
0.00220
0.00220
0.00220
0.00220
0.00220
0.00220
0.00220
0.00220
0.00220
0.00220
0.00220
0.00220
0.00220
0.00220
0.00220
0.00220
0.00220
0.00220
0.00220
0.00220
0.00220
0.00220
0.00220
0.00220
0.00220
0.00220
0.00220
0.00220
0.00220
0.00220
0.00220
0.00220
0.00220
0.00220
0.00220
0.00220
0.00220
0.00220
0.00220
0.00220
0.00220
0.00220
0.00220
0.00220
0.00220
0.00220
0.00220
0.00220
0.00220
0.00220
0.00220
0.00220
0.00220
0.00220
0.00220
0.00220
0.00220
0.00220
0.00220
0.00220
0.00220
0.00220
0.00220
0.00220
0.00220
0.00220
0.00220
0.00220
0.00220
0.00220
0.00220
0.00220
0.00220
0.00220
0.00220
0.00220
0.00220
0.00220
0.00220
0.00220
0.00220
0.00220
0.00220
0.00220
0.00220
0.00220
0.00220
0.00220
0.00220
0.00220
0.00220
0.00220
0.00220
0.00220
0.00220
0.00220
0.00220
0.00220
0.00220
0.00220
0.00220
0.00220
0.00220
0.00220
0.00220
0.00220
0.00220
0.00220
0.00220
0.00220
0.00220
0.00220
0.00220
0.00220
0.00220
0.00220
0.00220
0.00220
0.00220
0.00220
0.00220
0.00220
0.00220
0.00220
0.00220
0.00220
0.00220
0.00220
0.00220
0.00220
0.00220
0.00220
0.00220
0.00220
0.00220
0.00220
0.00220
0.00220
0.00220
0.00220
0.00220
0.00220
0.00220
0.00220
0.00220
0.00220
0.00220
0.00220
0.00220
0.00220
0.00220
0.00220
0.00220
0.00220
0.00220
0.00220
0.00220
0.00220
0.00220
0.00220
0.00220
0.00220
0.00220
0.00220
0.00220
0.00220
0.00220
0.00220
0.00220
0.00220
0.00220
0.00220
0.00220
0.00220
0.00220
0.00220
0.00220
0.00220
0.00220
0.00220
0.00220
0.00220
0.00220
0.00220
0.00220
0.00220
0.00220
0.00220
0.00220
0.00220
0.00220
0.00220
0.00220
0.00220
0.00220
0.00220
0.00220
0.00220
0.00220
0.00220
0.00220
0.00220
0.00220
0.00220
0.00220
0.00220
0.00220
0.00220
0.00220
0.00220
0.00220
0.00220
0.00220
0.00220
0.00220
0.00220
0.00220
0.00220
0.00220
0.00220
0.00220
0.00220
0.00220
0.00220
0.00220
0.00220
0.00220
0.00220
0.00220
0.00220
0.00220
0.00220
0.00220
0.00220
0.00220
0.00220
0.00220
0.00220
0.00220
0.00220
0.00220
0.00220
0.00220
0.00220
0.00220
0.00220
0.00220
0.00220
0.00220
0.00220
0.00220
0.00220
0.00220
0.00220
0.00220
0.00220
0.00220
0.00220
0.00220
0.00220
0.00220
0.00220
0.00220
0.00220
0.00220
0.00220
0.00220
0.00220
0.00220
0.00220
0.00220
0.00220
0.00220
0.00220
0.00220
0.00220
0.00220
0.00220
0.00220
0.00220
0.00220
0.00220
0.00220
0.00220
0.00220
0.00220
0.00220
0.00220
0.00220
0.00220
0.00220
0.00220
0.00220
0.00220
0.00220
0.00220
0.00220
0.00220
0.00220
0.00220
0.00220
0.00220
0.00220
0.00220
0.00220
0.00220
0.00220
0.00220
0.00220
0.00220
0.00220
0.00220
0.00220
0.00220
0.00220
0.00220
0.00221
0.00221
0.00221
0.00221
0.00221
0.00221
0.00223
0.00223
0.00223
0.00223
0.00223
0.00223
0.00223
0.00223
0.00223
0.00223
0.00223
0.00223
0.00224
0.00224
0.00224
0.00224
0.00224
0.00226
0.00226
0.00226
0.00226
0.00226
0.00226
0.00226
0.00226
0.00226
0.00226
0.00226
0.00226
0.00226
0.00226
0.00226
0.00226
0.00226
0.00226
0.00226
0.00226
0.00226
0.00226
0.00226
0.00226
0.00226
0.00226
0.00226
0.00226
0.00226
0.00226
0.00226
0.00226
0.00226
0.00226
0.00226
0.00226
0.00226
0.00226
0.00226
0.00226
0.00226
0.00226
0.00226
0.00226
0.00226
0.00226
0.00226
0.00226
0.00226
0.00226
0.00226
0.00226
0.00226
0.00226
0.00226
0.00227
0.00227
0.00227
0.00227
0.00227
0.00229
0.00229
0.00229
0.00229
0.00229
0.00229
0.00229
0.00229
0.00229
0.00229
0.00229
0.00229
0.00229
0.00229
0.00229
0.00229
0.00229
0.00229
0.00229
0.00230
0.00232
0.00232
0.00232
0.00232
0.00232
0.00232
0.00232
0.00232
0.00232
0.00232
0.00232
0.00232
0.00232
0.00232
0.00232
0.00232
0.00232
0.00232
0.00232
0.00232
0.00232
0.00232
0.00232
0.00232
0.00232
0.00232
0.00232
0.00232
0.00232
0.00232
0.00232
0.00232
0.00232
0.00232
0.00232
0.00232
0.00232
0.00232
0.00232
0.00232
0.00232
0.00232
0.00232
0.00232
0.00232
0.00232
0.00232
0.00232
0.00232
0.00232
0.00232
0.00232
0.00232
0.00232
0.00232
0.00232
0.00232
0.00232
0.00232
0.00232
0.00232
0.00232
0.00232
0.00232
0.00232
0.00232
0.00232
0.00232
0.00232
0.00232
0.00232
0.00232
0.00232
0.00232
0.00232
0.00232
0.00232
0.00232
0.00232
0.00232
0.00232
0.00232
0.00232
0.00232
0.00232
0.00232
0.00232
0.00232
0.00232
0.00232
0.00232
0.00232
0.00232
0.00232
0.00232
0.00232
0.00232
0.00232
0.00232
0.00232
0.00232
0.00232
0.00232
0.00232
0.00232
0.00232
0.00232
0.00232
0.00232
0.00232
0.00232
0.00232
0.00232
0.00232
0.00232
0.00232
0.00232
0.00232
0.00232
0.00232
0.00232
0.00232
0.00232
0.00232
0.00232
0.00232
0.00232
0.00232
0.00232
0.00232
0.00232
0.00232
0.00232
0.00232
0.00232
0.00232
0.00232
0.00232
0.00232
0.00232
0.00232
0.00232
0.00232
0.00232
0.00232
0.00232
0.00232
0.00232
0.00232
0.00232
0.00232
0.00232
0.00232
0.00232
0.00232
0.00232
0.00232
0.00232
0.00232
0.00232
0.00232
0.00232
0.00232
0.00232
0.00232
0.00232
0.00232
0.00232
0.00232
0.00232
0.00232
0.00232
0.00232
0.00232
0.00232
0.00232
0.00232
0.00232
0.00232
0.00232
0.00232
0.00232
0.00232
0.00232
0.00232
0.00232
0.00232
0.00232
0.00232
0.00232
0.00232
0.00232
0.00232
0.00232
0.00232
0.00232
0.00232
0.00233
0.00233
0.00233
0.00235
0.00235
0.00235
0.00235
0.00235
0.00235
0.00235
0.00235
0.00235
0.00235
0.00237
0.00237
0.00238
0.00238
0.00238
0.00238
0.00238
0.00238
0.00238
0.00238
0.00238
0.00238
0.00238
0.00238
0.00238
0.00238
0.00238
0.00238
0.00238
0.00238
0.00238
0.00238
0.00238
0.00238
0.00238
0.00238
0.00238
0.00238
0.00238
0.00238
0.00238
0.00238
0.00238
0.00238
0.00238
0.00238
0.00238
0.00238
0.00238
0.00238
0.00238
0.00240
0.00240
0.00240
0.00241
0.00241
0.00241
0.00241
0.00241
0.00241
0.00241
0.00241
0.00241
0.00241
0.00241
0.00241
0.00241
0.00241
0.00241
0.00242
0.00243
0.00243
0.00243
0.00244
0.00244
0.00244
0.00244
0.00244
0.00244
0.00244
0.00244
0.00244
0.00244
0.00244
0.00244
0.00244
0.00244
0.00244
0.00244
0.00244
0.00244
0.00244
0.00244
0.00244
0.00244
0.00244
0.00244
0.00244
0.00244
0.00244
0.00244
0.00244
0.00244
0.00244
0.00244
0.00244
0.00244
0.00244
0.00244
0.00244
0.00244
0.00244
0.00244
0.00244
0.00244
0.00244
0.00244
0.00244
0.00244
0.00244
0.00244
0.00244
0.00244
0.00244
0.00244
0.00244
0.00244
0.00244
0.00244
0.00244
0.00244
0.00244
0.00244
0.00244
0.00244
0.00244
0.00244
0.00244
0.00244
0.00244
0.00244
0.00244
0.00244
0.00244
0.00244
0.00244
0.00244
0.00244
0.00244
0.00244
0.00244
0.00244
0.00244
0.00244
0.00244
0.00244
0.00244
0.00244
0.00244
0.00244
0.00244
0.00244
0.00244
0.00244
0.00244
0.00244
0.00244
0.00244
0.00244
0.00244
0.00244
0.00244
0.00244
0.00244
0.00244
0.00244
0.00244
0.00244
0.00244
0.00244
0.00244
0.00244
0.00244
0.00244
0.00244
0.00244
0.00244
0.00244
0.00244
0.00244
0.00244
0.00244
0.00244
0.00244
0.00244
0.00244
0.00244
0.00244
0.00244
0.00244
0.00244
0.00244
0.00244
0.00244
0.00244
0.00244
0.00244
0.00244
0.00244
0.00244
0.00244
0.00244
0.00244
0.00244
0.00244
0.00244
0.00244
0.00244
0.00244
0.00244
0.00244
0.00244
0.00244
0.00244
0.00244
0.00244
0.00244
0.00244
0.00244
0.00244
0.00244
0.00244
0.00244
0.00244
0.00244
0.00244
0.00244
0.00244
0.00244
0.00244
0.00244
0.00244
0.00244
0.00244
0.00244
0.00244
0.00244
0.00244
0.00244
0.00244
0.00244
0.00244
0.00244
0.00244
0.00244
0.00244
0.00244
0.00244
0.00244
0.00244
0.00244
0.00244
0.00244
0.00244
0.00244
0.00244
0.00244
0.00244
0.00244
0.00244
0.00244
0.00244
0.00244
0.00244
0.00244
0.00244
0.00244
0.00244
0.00244
0.00244
0.00244
0.00244
0.00244
0.00244
0.00244
0.00244
0.00244
0.00244
0.00244
0.00244
0.00244
0.00244
0.00244
0.00244
0.00244
0.00244
0.00244
0.00244
0.00244
0.00244
0.00244
0.00244
0.00244
0.00244
0.00244
0.00244
0.00244
0.00244
0.00244
0.00244
0.00244
0.00244
0.00244
0.00244
0.00244
0.00244
0.00244
0.00244
0.00244
0.00244
0.00244
0.00244
0.00244
0.00244
0.00244
0.00244
0.00244
0.00244
0.00244
0.00244
0.00244
0.00244
0.00244
0.00244
0.00244
0.00244
0.00244
0.00244
0.00244
0.00244
0.00244
0.00244
0.00244
0.00244
0.00244
0.00244
0.00244
0.00244
0.00244
0.00244
0.00244
0.00244
0.00244
0.00244
0.00244
0.00244
0.00244
0.00244
0.00244
0.00244
0.00244
0.00244
0.00244
0.00244
0.00244
0.00244
0.00244
0.00244
0.00244
0.00244
0.00244
0.00244
0.00244
0.00244
0.00244
0.00244
0.00244
0.00244
0.00244
0.00244
0.00244
0.00244
0.00244
0.00244
0.00244
0.00244
0.00244
0.00244
0.00244
0.00244
0.00244
0.00244
0.00244
0.00244
0.00244
0.00244
0.00244
0.00244
0.00244
0.00244
0.00244
0.00244
0.00244
0.00244
0.00244
0.00244
0.00244
0.00244
0.00244
0.00244
0.00244
0.00244
0.00244
0.00244
0.00244
0.00244
0.00244
0.00244
0.00244
0.00244
0.00244
0.00244
0.00244
0.00244
0.00244
0.00244
0.00244
0.00244
0.00244
0.00244
0.00244
0.00244
0.00244
0.00244
0.00244
0.00244
0.00244
0.00244
0.00244
0.00244
0.00244
0.00244
0.00244
0.00244
0.00244
0.00244
0.00244
0.00244
0.00244
0.00244
0.00244
0.00244
0.00244
0.00244
0.00244
0.00244
0.00244
0.00244
0.00244
0.00244
0.00244
0.00244
0.00244
0.00244
0.00244
0.00244
0.00244
0.00244
0.00244
0.00244
0.00244
0.00244
0.00244
0.00244
0.00244
0.00244
0.00244
0.00244
0.00244
0.00244
0.00244
0.00244
0.00244
0.00244
0.00244
0.00244
0.00244
0.00244
0.00244
0.00244
0.00244
0.00244
0.00244
0.00244
0.00244
0.00244
0.00244
0.00244
0.00244
0.00245
0.00246
0.00246
0.00246
0.00246
0.00247
0.00247
0.00247
0.00247
0.00247
0.00247
0.00247
0.00248
0.00249
0.00249
0.00249
0.00249
0.00249
0.00250
0.00250
0.00250
0.00250
0.00250
0.00250
0.00250
0.00250
0.00250
0.00250
0.00250
0.00250
0.00250
0.00250
0.00250
0.00250
0.00250
0.00250
0.00250
0.00250
0.00250
0.00250
0.00250
0.00250
0.00250
0.00250
0.00250
0.00250
0.00250
0.00250
0.00250
0.00250
0.00250
0.00250
0.00250
0.00250
0.00250
0.00251
0.00251
0.00252
0.00253
0.00253
0.00253
0.00253
0.00253
0.00253
0.00253
0.00253
0.00253
0.00253
0.00253
0.00254
0.00255
0.00255
0.00255
0.00256
0.00256
0.00256
0.00256
0.00256
0.00256
0.00256
0.00256
0.00256
0.00256
0.00256
0.00256
0.00256
0.00256
0.00256
0.00256
0.00256
0.00256
0.00256
0.00256
0.00256
0.00256
0.00256
0.00256
0.00256
0.00256
0.00256
0.00256
0.00256
0.00256
0.00256
0.00256
0.00256
0.00256
0.00256
0.00256
0.00256
0.00256
0.00256
0.00256
0.00256
0.00256
0.00256
0.00256
0.00256
0.00256
0.00256
0.00256
0.00256
0.00256
0.00256
0.00256
0.00256
0.00256
0.00256
0.00256
0.00256
0.00256
0.00256
0.00256
0.00256
0.00256
0.00256
0.00256
0.00256
0.00256
0.00256
0.00256
0.00256
0.00256
0.00256
0.00256
0.00256
0.00256
0.00256
0.00256
0.00256
0.00256
0.00256
0.00256
0.00256
0.00256
0.00256
0.00256
0.00256
0.00256
0.00256
0.00256
0.00256
0.00256
0.00256
0.00256
0.00256
0.00256
0.00256
0.00256
0.00256
0.00256
0.00256
0.00256
0.00256
0.00256
0.00256
0.00256
0.00256
0.00256
0.00256
0.00256
0.00256
0.00256
0.00256
0.00256
0.00256
0.00256
0.00256
0.00256
0.00256
0.00257
0.00258
0.00258
0.00258
0.00258
0.00259
0.00259
0.00259
0.00259
0.00259
0.00259
0.00259
0.00259
0.00259
0.00259
0.00260
0.00261
0.00262
0.00262
0.00262
0.00262
0.00262
0.00262
0.00262
0.00262
0.00262
0.00262
0.00262
0.00262
0.00262
0.00262
0.00262
0.00262
0.00262
0.00262
0.00262
0.00262
0.00262
0.00262
0.00262
0.00262
0.00262
0.00262
0.00262
0.00262
0.00262
0.00262
0.00262
0.00262
0.00262
0.00262
0.00262
0.00262
0.00262
0.00262
0.00262
0.00262
0.00262
0.00262
0.00263
0.00264
0.00264
0.00266
0.00266
0.00266
0.00266
0.00266
0.00266
0.00267
0.00267
0.00267
0.00269
0.00269
0.00269
0.00269
0.00269
0.00269
0.00269
0.00269
0.00269
0.00269
0.00269
0.00269
0.00269
0.00269
0.00269
0.00269
0.00269
0.00269
0.00269
0.00269
0.00269
0.00269
0.00269
0.00269
0.00269
0.00269
0.00269
0.00269
0.00269
0.00269
0.00269
0.00269
0.00269
0.00269
0.00269
0.00269
0.00269
0.00269
0.00269
0.00269
0.00269
0.00269
0.00269
0.00269
0.00269
0.00269
0.00269
0.00269
0.00269
0.00269
0.00269
0.00269
0.00269
0.00269
0.00269
0.00269
0.00269
0.00269
0.00269
0.00269
0.00269
0.00269
0.00269
0.00269
0.00269
0.00269
0.00269
0.00269
0.00269
0.00269
0.00269
0.00269
0.00269
0.00269
0.00269
0.00269
0.00269
0.00269
0.00269
0.00269
0.00269
0.00269
0.00269
0.00269
0.00269
0.00269
0.00269
0.00269
0.00269
0.00269
0.00269
0.00269
0.00269
0.00269
0.00269
0.00269
0.00269
0.00269
0.00269
0.00269
0.00269
0.00269
0.00269
0.00269
0.00269
0.00269
0.00269
0.00269
0.00269
0.00269
0.00269
0.00269
0.00269
0.00269
0.00269
0.00269
0.00269
0.00269
0.00269
0.00269
0.00269
0.00269
0.00269
0.00269
0.00269
0.00269
0.00269
0.00269
0.00269
0.00269
0.00269
0.00269
0.00269
0.00269
0.00269
0.00269
0.00269
0.00269
0.00269
0.00269
0.00269
0.00269
0.00269
0.00269
0.00269
0.00269
0.00269
0.00269
0.00269
0.00269
0.00269
0.00269
0.00269
0.00269
0.00269
0.00269
0.00269
0.00269
0.00269
0.00269
0.00269
0.00269
0.00269
0.00269
0.00269
0.00269
0.00269
0.00269
0.00269
0.00269
0.00269
0.00269
0.00269
0.00269
0.00269
0.00269
0.00269
0.00269
0.00269
0.00269
0.00269
0.00269
0.00269
0.00269
0.00269
0.00269
0.00269
0.00269
0.00269
0.00269
0.00269
0.00269
0.00269
0.00269
0.00269
0.00269
0.00269
0.00270
0.00270
0.00272
0.00272
0.00272
0.00272
0.00272
0.00272
0.00272
0.00273
0.00275
0.00275
0.00275
0.00275
0.00275
0.00275
0.00275
0.00275
0.00275
0.00275
0.00275
0.00275
0.00275
0.00275
0.00275
0.00275
0.00275
0.00275
0.00275
0.00275
0.00276
0.00276
0.00276
0.00278
0.00278
0.00278
0.00278
0.00278
0.00279
0.00279
0.00279
0.00281
0.00281
0.00281
0.00281
0.00281
0.00281
0.00281
0.00281
0.00281
0.00281
0.00281
0.00281
0.00281
0.00281
0.00281
0.00281
0.00281
0.00281
0.00281
0.00281
0.00281
0.00281
0.00281
0.00281
0.00281
0.00281
0.00281
0.00281
0.00281
0.00281
0.00281
0.00281
0.00281
0.00281
0.00281
0.00281
0.00281
0.00281
0.00281
0.00281
0.00281
0.00281
0.00281
0.00281
0.00281
0.00281
0.00281
0.00281
0.00281
0.00281
0.00281
0.00284
0.00284
0.00284
0.00284
0.00284
0.00284
0.00284
0.00285
0.00287
0.00287
0.00287
0.00287
0.00287
0.00287
0.00287
0.00287
0.00287
0.00287
0.00287
0.00287
0.00287
0.00287
0.00287
0.00288
0.00288
0.00290
0.00290
0.00290
0.00290
0.00290
0.00291
0.00291
0.00293
0.00293
0.00293
0.00293
0.00293
0.00293
0.00293
0.00293
0.00293
0.00293
0.00293
0.00293
0.00293
0.00293
0.00293
0.00293
0.00293
0.00293
0.00293
0.00293
0.00293
0.00293
0.00293
0.00293
0.00293
0.00293
0.00293
0.00293
0.00293
0.00293
0.00293
0.00293
0.00293
0.00293
0.00293
0.00293
0.00293
0.00293
0.00293
0.00293
0.00293
0.00293
0.00293
0.00293
0.00293
0.00293
0.00293
0.00293
0.00293
0.00293
0.00293
0.00293
0.00293
0.00293
0.00293
0.00293
0.00293
0.00293
0.00293
0.00293
0.00293
0.00293
0.00293
0.00293
0.00293
0.00293
0.00293
0.00293
0.00293
0.00293
0.00293
0.00293
0.00293
0.00293
0.00293
0.00293
0.00293
0.00293
0.00293
0.00293
0.00293
0.00293
0.00293
0.00293
0.00293
0.00293
0.00293
0.00293
0.00293
0.00293
0.00293
0.00293
0.00294
0.00294
0.00294
0.00294
0.00295
0.00295
0.00296
0.00297
0.00297
0.00297
0.00299
0.00299
0.00299
0.00299
0.00299
0.00299
0.00299
0.00299
0.00299
0.00302
0.00303
0.00304
0.00305
0.00305
0.00305
0.00305
0.00305
0.00305
0.00305
0.00305
0.00305
0.00305
0.00305
0.00305
0.00305
0.00305
0.00305
0.00305
0.00305
0.00305
0.00305
0.00305
0.00305
0.00305
0.00305
0.00305
0.00305
0.00305
0.00305
0.00305
0.00305
0.00308
0.00310
0.00310
0.00311
0.00311
0.00311
0.00311
0.00311
0.00311
0.00311
0.00311
0.00311
0.00314
0.00315
0.00317
0.00317
0.00317
0.00317
0.00317
0.00317
0.00317
0.00317
0.00317
0.00317
0.00317
0.00317
0.00317
0.00317
0.00317
0.00317
0.00317
0.00317
0.00317
0.00317
0.00317
0.00317
0.00317
0.00317
0.00317
0.00317
0.00317
0.00317
0.00317
0.00317
0.00317
0.00317
0.00317
0.00317
0.00317
0.00317
0.00317
0.00317
0.00317
0.00317
0.00317
0.00317
0.00319
0.00319
0.00319
0.00320
0.00323
0.00323
0.00325
0.00326
0.00327
0.00327
0.00327
0.00330
0.00330
0.00330
0.00330
0.00330
0.00330
0.00330
0.00330
0.00330
0.00330
0.00330
0.00330
0.00330
0.00330
0.00331
0.00332
0.00333
0.00336
0.00336
0.00336
0.00336
0.00337
0.00339
0.00342
0.00342
0.00342
0.00342
0.00342
0.00342
0.00342
0.00342
0.00342
0.00342
0.00342
0.00342
0.00342
0.00342
0.00342
0.00342
0.00342
0.00342
0.00342
0.00342
0.00342
0.00342
0.00342
0.00342
0.00342
0.00342
0.00342
0.00342
0.00342
0.00342
0.00342
0.00342
0.00342
0.00342
0.00342
0.00342
0.00342
0.00342
0.00342
0.00342
0.00342
0.00342
0.00342
0.00342
0.00342
0.00342
0.00345
0.00348
0.00348
0.00348
0.00348
0.00353
0.00354
0.00354
0.00354
0.00354
0.00354
0.00354
0.00354
0.00354
0.00359
0.00360
0.00360
0.00360
0.00366
0.00366
0.00366
0.00366
0.00366
0.00366
0.00366
0.00366
0.00366
0.00366
0.00366
0.00366
0.00366
0.00366
0.00366
0.00366
0.00366
0.00366
0.00368
0.00374
0.00378
0.00378
0.00378
0.00378
0.00378
0.00378
0.00378
0.00381
0.00385
0.00385
0.00385
0.00385
0.00391
0.00391
0.00391
0.00391
0.00391
0.00391
0.00391
0.00391
0.00391
0.00391
0.00391
0.00391
0.00391
0.00391
0.00391
0.00391
0.00391
0.00391
0.00397
0.00400
0.00400
0.00401
0.00403
0.00403
0.00403
0.00403
0.00409
0.00412
0.00415
0.00415
0.00415
0.00415
0.00415
0.00415
0.00415
0.00415
0.00415
0.00415
0.00415
0.00415
0.00415
0.00415
0.00415
0.00419
0.00421
0.00421
0.00421
0.00421
0.00427
0.00427
0.00427
0.00427
0.00429
0.00433
0.00433
0.00433
0.00433
0.00436
0.00436
0.00436
0.00438
0.00439
0.00439
0.00439
0.00439
0.00439
0.00439
0.00439
0.00439
0.00439
0.00446
0.00446
0.00452
0.00452
0.00452
0.00452
0.00452
0.00458
0.00458
0.00461
0.00464
0.00464
0.00464
0.00464
0.00464
0.00464
0.00464
0.00464
0.00464
0.00464
0.00464
0.00464
0.00464
0.00464
0.00464
0.00467
0.00470
0.00474
0.00476
0.00476
0.00488
0.00488
0.00488
0.00488
0.00488
0.00488
0.00488
0.00488
0.00488
0.00488
0.00488
0.00488
0.00488
0.00488
0.00494
0.00494
0.00494
0.00496
0.00497
0.00500
0.00500
0.00500
0.00500
0.00510
0.00513
0.00513
0.00513
0.00513
0.00513
0.00513
0.00513
0.00513
0.00513
0.00513
0.00513
0.00513
0.00513
0.00513
0.00513
0.00513
0.00513
0.00513
0.00513
0.00513
0.00516
0.00519
0.00519
0.00523
0.00524
0.00525
0.00525
0.00525
0.00525
0.00525
0.00531
0.00537
0.00537
0.00537
0.00537
0.00537
0.00537
0.00537
0.00537
0.00537
0.00537
0.00537
0.00537
0.00537
0.00537
0.00537
0.00549
0.00549
0.00555
0.00555
0.00562
0.00562
0.00562
0.00562
0.00562
0.00562
0.00562
0.00562
0.00562
0.00562
0.00562
0.00562
0.00562
0.00562
0.00568
0.00571
0.00574
0.00574
0.00574
0.00574
0.00574
0.00574
0.00580
0.00586
0.00586
0.00586
0.00586
0.00586
0.00586
0.00586
0.00586
0.00586
0.00586
0.00586
0.00586
0.00586
0.00592
0.00598
0.00598
0.00598
0.00598
0.00610
0.00610
0.00610
0.00610
0.00610
0.00610
0.00610
0.00610
0.00610
0.00610
0.00610
0.00610
0.00610
0.00610
0.00610
0.00620
0.00623
0.00623
0.00623
0.00623
0.00623
0.00623
0.00623
0.00623
0.00623
0.00635
0.00635
0.00635
0.00635
0.00635
0.00635
0.00635
0.00635
0.00635
0.00635
0.00635
0.00635
0.00635
0.00641
0.00647
0.00647
0.00647
0.00647
0.00653
0.00653
0.00653
0.00658
0.00659
0.00659
0.00659
0.00659
0.00659
0.00659
0.00659
0.00659
0.00659
0.00659
0.00659
0.00659
0.00659
0.00659
0.00659
0.00659
0.00659
0.00659
0.00659
0.00659
0.00659
0.00665
0.00665
0.00671
0.00671
0.00674
0.00681
0.00684
0.00684
0.00684
0.00684
0.00684
0.00684
0.00684
0.00684
0.00684
0.00684
0.00684
0.00684
0.00684
0.00684
0.00684
0.00685
0.00690
0.00696
0.00696
0.00696
0.00696
0.00696
0.00696
0.00708
0.00708
0.00708
0.00708
0.00708
0.00708
0.00708
0.00708
0.00708
0.00708
0.00708
0.00708
0.00708
0.00708
0.00708
0.00708
0.00708
0.00708
0.00714
0.00720
0.00720
0.00720
0.00726
0.00726
0.00732
0.00732
0.00732
0.00732
0.00732
0.00732
0.00732
0.00732
0.00732
0.00732
0.00732
0.00732
0.00732
0.00732
0.00732
0.00745
0.00757
0.00757
0.00757
0.00757
0.00757
0.00757
0.00757
0.00757
0.00757
0.00757
0.00757
0.00757
0.00757
0.00757
0.00757
0.00757
0.00757
0.00757
0.00757
0.00757
0.00757
0.00757
0.00757
0.00757
0.00769
0.00772
0.00775
0.00778
0.00781
0.00781
0.00781
0.00781
0.00781
0.00781
0.00781
0.00781
0.00781
0.00781
0.00781
0.00781
0.00781
0.00781
0.00781
0.00781
0.00781
0.00781
0.00793
0.00793
0.00800
0.00806
0.00806
0.00806
0.00806
0.00806
0.00806
0.00806
0.00806
0.00806
0.00806
0.00806
0.00806
0.00809
0.00812
0.00818
0.00818
0.00818
0.00821
0.00822
0.00824
0.00829
0.00830
0.00830
0.00830
0.00830
0.00830
0.00830
0.00830
0.00830
0.00830
0.00830
0.00830
0.00830
0.00830
0.00833
0.00836
0.00842
0.00842
0.00842
0.00842
0.00842
0.00848
0.00850
0.00854
0.00854
0.00854
0.00854
0.00854
0.00854
0.00854
0.00854
0.00854
0.00854
0.00854
0.00854
0.00854
0.00854
0.00854
0.00854
0.00854
0.00854
0.00854
0.00854
0.00854
0.00859
0.00859
0.00865
0.00867
0.00867
0.00867
0.00867
0.00867
0.00876
0.00877
0.00879
0.00879
0.00879
0.00879
0.00879
0.00879
0.00879
0.00879
0.00879
0.00879
0.00879
0.00879
0.00879
0.00885
0.00885
0.00885
0.00891
0.00891
0.00892
0.00903
0.00903
0.00903
0.00903
0.00903
0.00903
0.00903
0.00903
0.00903
0.00903
0.00903
0.00906
0.00908
0.00909
0.00912
0.00916
0.00916
0.00916
0.00916
0.00916
0.00916
0.00922
0.00922
0.00923
0.00928
0.00928
0.00928
0.00928
0.00928
0.00928
0.00928
0.00928
0.00928
0.00928
0.00928
0.00940
0.00940
0.00940
0.00940
0.00943
0.00945
0.00946
0.00946
0.00946
0.00946
0.00952
0.00952
0.00952
0.00952
0.00952
0.00952
0.00952
0.00952
0.00952
0.00952
0.00952
0.00956
0.00957
0.00958
0.00964
0.00964
0.00964
0.00969
0.00970
0.00977
0.00977
0.00977
0.00977
0.00977
0.00977
0.00977
0.00977
0.00977
0.00977
0.00977
0.00977
0.00977
0.00977
0.00981
0.00989
0.00989
0.00989
0.00989
0.00989
0.00989
0.00989
0.01001
0.01001
0.01001
0.01001
0.01001
0.01001
0.01001
0.01001
0.01001
0.01001
0.01001
0.01001
0.01001
0.01001
0.01001
0.01001
0.01001
0.01001
0.01001
0.01004
0.01013
0.01013
0.01013
0.01013
0.01016
0.01022
0.01025
0.01025
0.01025
0.01025
0.01025
0.01025
0.01025
0.01025
0.01025
0.01025
0.01025
0.01025
0.01025
0.01025
0.01025
0.01025
0.01025
0.01025
0.01025
0.01025
0.01030
0.01031
0.01035
0.01038
0.01038
0.01038
0.01041
0.01044
0.01047
0.01050
0.01050
0.01050
0.01050
0.01050
0.01050
0.01050
0.01050
0.01050
0.01050
0.01050
0.01050
0.01050
0.01050
0.01050
0.01050
0.01050
0.01050
0.01050
0.01050
0.01050
0.01050
0.01050
0.01050
0.01050
0.01050
0.01050
0.01050
0.01050
0.01056
0.01056
0.01062
0.01062
0.01062
0.01066
0.01070
0.01074
0.01074
0.01074
0.01074
0.01074
0.01074
0.01074
0.01074
0.01074
0.01074
0.01074
0.01074
0.01074
0.01074
0.01074
0.01074
0.01080
0.01080
0.01086
0.01086
0.01086
0.01086
0.01086
0.01086
0.01086
0.01086
0.01086
0.01086
0.01089
0.01099
0.01099
0.01099
0.01099
0.01099
0.01099
0.01099
0.01099
0.01099
0.01099
0.01099
0.01099
0.01099
0.01099
0.01111
0.01111
0.01111
0.01111
0.01111
0.01111
0.01111
0.01114
0.01115
0.01117
0.01123
0.01123
0.01123
0.01123
0.01123
0.01123
0.01123
0.01123
0.01123
0.01123
0.01123
0.01123
0.01123
0.01123
0.01123
0.01123
0.01123
0.01123
0.01123
0.01126
0.01129
0.01135
0.01135
0.01135
0.01135
0.01135
0.01135
0.01147
0.01147
0.01147
0.01147
0.01147
0.01147
0.01147
0.01147
0.01147
0.01147
0.01147
0.01147
0.01147
0.01147
0.01147
0.01147
0.01147
0.01147
0.01147
0.01147
0.01147
0.01149
0.01160
0.01160
0.01160
0.01160
0.01160
0.01160
0.01164
0.01166
0.01166
0.01166
0.01169
0.01172
0.01172
0.01172
0.01172
0.01172
0.01172
0.01172
0.01172
0.01172
0.01172
0.01172
0.01172
0.01172
0.01172
0.01172
0.01172
0.01172
0.01172
0.01172
0.01172
0.01172
0.01172
0.01172
0.01172
0.01172
0.01178
0.01178
0.01178
0.01184
0.01184
0.01184
0.01184
0.01187
0.01190
0.01196
0.01196
0.01196
0.01196
0.01196
0.01196
0.01196
0.01196
0.01196
0.01196
0.01196
0.01196
0.01196
0.01196
0.01196
0.01196
0.01196
0.01196
0.01196
0.01196
0.01196
0.01196
0.01196
0.01196
0.01196
0.01196
0.01196
0.01196
0.01196
0.01202
0.01202
0.01204
0.01205
0.01205
0.01207
0.01208
0.01208
0.01208
0.01208
0.01208
0.01208
0.01208
0.01208
0.01208
0.01208
0.01208
0.01210
0.01212
0.01215
0.01215
0.01215
0.01215
0.01215
0.01221
0.01221
0.01221
0.01221
0.01221
0.01221
0.01221
0.01221
0.01221
0.01221
0.01221
0.01221
0.01221
0.01221
0.01221
0.01221
0.01221
0.01221
0.01221
0.01221
0.01221
0.01221
0.01221
0.01225
0.01227
0.01233
0.01233
0.01233
0.01233
0.01233
0.01233
0.01233
0.01233
0.01233
0.01236
0.01239
0.01239
0.01239
0.01242
0.01245
0.01245
0.01245
0.01245
0.01245
0.01245
0.01245
0.01245
0.01245
0.01245
0.01245
0.01245
0.01245
0.01245
0.01245
0.01245
0.01245
0.01245
0.01248
0.01250
0.01251
0.01253
0.01254
0.01257
0.01257
0.01257
0.01257
0.01257
0.01257
0.01257
0.01257
0.01260
0.01263
0.01263
0.01268
0.01270
0.01270
0.01270
0.01270
0.01270
0.01270
0.01270
0.01270
0.01270
0.01270
0.01270
0.01270
0.01270
0.01270
0.01270
0.01270
0.01270
0.01270
0.01270
0.01276
0.01276
0.01282
0.01282
0.01282
0.01282
0.01288
0.01288
0.01294
0.01294
0.01294
0.01294
0.01294
0.01294
0.01294
0.01294
0.01294
0.01294
0.01294
0.01294
0.01294
0.01294
0.01294
0.01294
0.01294
0.01294
0.01294
0.01294
0.01294
0.01295
0.01297
0.01303
0.01306
0.01306
0.01306
0.01306
0.01312
0.01312
0.01312
0.01314
0.01318
0.01318
0.01318
0.01318
0.01318
0.01318
0.01318
0.01318
0.01318
0.01318
0.01318
0.01318
0.01318
0.01318
0.01318
0.01318
0.01321
0.01324
0.01330
0.01331
0.01331
0.01331
0.01337
0.01343
0.01343
0.01343
0.01343
0.01343
0.01347
0.01355
0.01367
0.01367
0.01367
0.01367
0.01367
0.01377
0.01382
0.01385
0.01385
0.01392
0.01392
0.01392
0.01392
0.01392
0.01392
0.01392
0.01404
0.01404
0.01410
0.01410
0.01416
0.01416
0.01416
0.01416
0.01427
0.01431
0.01433
0.01447
0.01453
0.01465
0.01465
0.01489
0.01509
0.01514
0.01514
0.01514
0.01514
0.01514
0.01523
0.01526
0.01535
0.01538
0.01538
0.01538
0.01538
0.01538
0.01538
0.01544
0.01562
0.01562
0.01562
0.01562
0.01562
0.01569
0.01575
0.01575
0.01575
0.01587
0.01587
0.01587
0.01587
0.01599
0.01599
0.01611
0.01611
0.01611
0.01611
0.01611
0.01611
0.01611
0.01620
0.01624
0.01624
0.01636
0.01636
0.01636
0.01636
0.01642
0.01648
0.01648
0.01660
0.01660
0.01660
0.01671
0.01672
0.01674
0.01685
0.01685
0.01685
0.01685
0.01709
0.01709
0.01709
0.01709
0.01709
0.01718
0.01733
0.01733
0.01733
0.01733
0.01733
0.01733
0.01746
0.01755
0.01758
0.01758
0.01758
0.01782
0.01782
0.01782
0.01782
0.01782
0.01782
0.01782
0.01782
0.01785
0.01788
0.01788
0.01794
0.01807
0.01807
0.01807
0.01807
0.01831
0.01831
0.01831
0.01831
0.01831
0.01842
0.01855
0.01855
0.01868
0.01880
0.01892
0.01898
0.01904
0.01913
0.01929
0.01944
0.01953
0.01953
0.01953
0.01965
0.01967
0.01978
0.01978
0.01978
0.01978
0.01978
0.01978
0.01978
0.01978
0.01978
0.01982
0.02002
0.02002
0.02002
0.02026
0.02026
0.02026
0.02032
0.02032
0.02043
0.02051
0.02057
0.02063
0.02069
0.02075
0.02075
0.02081
0.02087
0.02094
0.02100
0.02100
0.02124
0.02124
0.02124
0.02124
0.02130
0.02136
0.02136
0.02136
0.02148
0.02148
0.02167
0.02197
0.02197
0.02200
0.02216
0.02222
0.02234
0.02246
0.02246
0.02258
0.02264
0.02283
0.02295
0.02295
0.02307
0.02319
0.02319
0.02319
0.02319
0.02322
0.02332
0.02332
0.02344
0.02344
0.02344
0.02350
0.02350
0.02356
0.02368
0.02405
0.02466
0.02466
0.02466
0.02478
0.02505
0.02515
0.02522
0.02547
0.02563
0.02588
0.02625
0.02661
0.02661
0.02710
0.02808
0.02826
0.02832
0.02979
0.03003
0.03027
0.03091
0.03149
0.03235
0.03235
0.03244
0.03262
0.03265
0.03296
0.03320
0.03407
0.03442
0.03564
0.03650
0.03674
0.03711
0.04010
0.04053
0.04590
0.04822
0.04871
0.05530
0.05779
0.05782
0.07217
0.11044
