301051 10 58 5.8
301378 3 12 4
301344 1 1 1
1140 9 16 1.77778
301466 3 4 1.33333
777 4 8 2
900 13 19 1.46154
301194 5 10 2
1208 1 1 1
1017 1 1 1
969 4 9 2.25
301404 8 8 1
301038 4 14 3.5
1215 6 23 3.83333
301428 11 42 3.81818
609 10 12 1.2
553 3 32 10.6667
368 1 1 1
300926 10 30 3
825 12 12 1
300655 12 33 2.75
1166 6 33 5.5
300792 7 7 1
937 4 15 3.75
117 2 14 7
978 1 1 1
200930 7 7 1
200705 6 6 1
200809 5 5 1
106 15 33 2.2
699 1 1 1
100049 12 15 1.25
489 2 2 1
103 7 20 2.85714
201564 7 7 1
387 9 12 1.33333
201433 8 8 1
200796 5 6 1.2
101491 11 24 2.18182
100563 9 16 1.77778
201486 1 1 1
200895 1 1 1
201520 3 18 6
101351 12 21 1.75
100923 3 9 3
100757 9 25 2.77778
200807 8 19 2.375
201382 4 6 1.5
201492 1 1 1
200967 1 1 1
301304 12 13 1.08333
301502 9 10 1.11111
301088 8 8 1
200784 5 17 3.4
201573 1 1 1
301023 2 2 1
1503 3 3 1
301072 10 22 2.2
300382 8 8 1
300996 1 1 1
301294 10 11 1.1
300769 5 5 1
1126 14 36 2.57143
1439 9 9 1
1211 9 34 3.77778
1028 3 3 1
1316 5 58 11.6
300928 12 26 2.16667
300277 4 4 1
1304 7 7 1
300517 2 15 7.5
300651 15 66 4.4
315 10 21 2.1
1255 3 5 1.66667
342 3 10 3.33333
705 11 34 3.09091
300882 4 10 2.5
300210 5 17 3.4
300856 6 57 9.5
1467 5 5 1
301070 1 1 1
300291 6 27 4.5
300225 15 33 2.2
300148 9 29 3.22222
1032 12 25 2.08333
300685 5 7 1.4
300444 5 19 3.8
1297 7 53 7.57143
301442 3 6 2
300033 3 4 1.33333
301036 5 50 10
300157 13 49 3.76923
300674 10 22 2.2
301358 8 22 2.75
1424 1 1 1
300164 5 8 1.6
155 15 69 4.6
874 7 10 1.42857
100861 15 75 5
300229 7 7 1
100682 1 1 1
351 3 12 4
300759 7 35 5
1091 9 9 1
394 1 1 1
963 5 29 5.8
100010 64 118 1.84375
1267 3 3 1
300466 1 1 1
100817 13 19 1.46154
1230 6 20 3.33333
300703 7 7 1
100305 12 13 1.08333
507 6 7 1.16667
629 1 1 1
300432 4 4 1
100729 1 1 1
230 11 13 1.18182
839 10 33 3.3
100256 11 37 3.36364
201010 1 1 1
100567 5 9 1.8
678 2 3 1.5
200089 13 22 1.69231
300205 6 8 1.33333
581 6 6 1
100653 7 26 3.71429
100839 11 11 1
525 6 6 1
201251 3 14 4.66667
101260 3 11 3.66667
284 5 11 2.2
100718 13 30 2.30769
101403 2 11 5.5
201041 1 1 1
200214 7 23 3.28571
201442 13 25 1.92308
200567 6 6 1
100012 59 105 1.77966
101103 5 16 3.2
100140 4 8 2
200693 10 10 1
101278 10 11 1.1
200834 10 10 1
200764 3 5 1.66667
100476 12 27 2.25
200671 8 31 3.875
200974 12 51 4.25
201424 5 47 9.4
200781 3 3 1
201471 4 24 6
100017 33 46 1.39394
201390 8 8 1
201367 8 47 5.875
201559 5 9 1.8
100797 3 5 1.66667
300357 9 9 1
200712 1 1 1
100161 1 1 1
100207 3 5 1.66667
200682 1 1 1
201103 1 1 1
200242 5 23 4.6
200642 7 7 1
200897 10 24 2.4
101309 9 13 1.44444
101133 1 1 1
101094 5 16 3.2
300556 5 10 2
301335 6 12 2
300946 3 4 1.33333
300750 12 39 3.25
300347 5 10 2
300575 6 9 1.5
200548 3 3 1
847 12 24 2
300700 7 21 3
300819 3 3 1
301521 7 7 1
300285 5 15 3
702 10 31 3.1
301069 5 9 1.8
625 2 23 11.5
300306 5 9 1.8
630 6 16 2.66667
726 5 42 8.4
300933 3 3 1
681 11 15 1.36364
276 6 6 1
1014 1 1 1
301054 1 1 1
300324 8 8 1
684 13 40 3.07692
300312 1 1 1
1401 4 13 3.25
301372 3 3 1
70 23 24 1.04348
1149 1 1 1
22 27 45 1.66667
1382 7 21 3
1494 5 5 1
300775 4 8 2
269 11 41 3.72727
222 3 6 2
100388 13 51 3.92308
100429 8 8 1
301397 4 4 1
291 12 20 1.66667
1257 1 1 1
562 6 13 2.16667
1339 12 22 1.83333
100670 1 1 1
312 1 1 1
100365 14 30 2.14286
100486 8 19 2.375
1285 9 12 1.33333
201089 6 13 2.16667
200737 1 1 1
1275 3 14 4.66667
100442 10 14 1.4
100834 11 15 1.36364
100421 11 34 3.09091
100640 4 14 3.5
201161 3 5 1.66667
201150 4 49 12.25
100705 9 21 2.33333
310 15 16 1.06667
200915 5 54 10.8
100758 5 8 1.6
201206 3 23 7.66667
13 70 71 1.01429
201284 5 15 3
100544 8 19 2.375
100868 1 1 1
100761 6 6 1
200758 12 38 3.16667
200024 3 9 3
200755 5 7 1.4
200284 14 14 1
200471 1 1 1
100634 1 1 1
200212 11 11 1
100102 15 18 1.2
200946 4 28 7
200280 7 27 3.85714
100003 119 190 1.59664
200239 10 21 2.1
200263 5 15 3
200319 12 28 2.33333
200802 5 52 10.4
201566 2 2 1
201293 1 1 1
201026 3 3 1
100403 1 1 1
100899 7 43 6.14286
101324 12 32 2.66667
201223 12 15 1.25
200512 4 25 6.25
100376 8 13 1.625
201114 5 46 9.2
200810 13 13 1
101263 11 11 1
101377 1 1 1
100896 8 32 4
201165 13 64 4.92308
100349 2 2 1
200902 13 25 1.92308
200441 11 15 1.36364
101426 10 10 1
201473 7 7 1
201306 8 8 1
200531 12 28 2.33333
301084 8 17 2.125
301048 2 2 1
100906 11 11 1
100986 7 34 4.85714
100953 7 30 4.28571
300772 8 19 2.375
200322 6 15 2.5
300683 12 17 1.41667
1190 9 18 2
300511 12 47 3.91667
693 4 4 1
661 6 7 1.16667
301384 3 3 1
246 4 8 2
300257 3 9 3
301526 1 1 1
300731 1 1 1
301307 9 10 1.11111
1366 9 29 3.22222
300186 9 40 4.44444
300973 7 27 3.85714
799 5 7 1.4
200129 2 4 2
300654 1 1 1
479 1 1 1
137 1 1 1
300741 1 1 1
200157 8 14 1.75
300876 14 44 3.14286
518 4 5 1.25
301078 8 8 1
300206 2 2 1
300955 7 7 1
300262 9 9 1
1473 1 1 1
260 12 23 1.91667
300094 12 26 2.16667
622 9 27 3
220 7 8 1.14286
1043 1 1 1
550 3 3 1
300305 3 12 4
830 8 17 2.125
1391 3 13 4.33333
287 2 2 1
100297 11 11 1
100230 1 1 1
100098 4 13 3.25
100375 7 10 1.42857
201147 2 2 1
101395 8 18 2.25
717 1 1 1
1005 3 20 6.66667
200958 11 11 1
602 2 2 1
100960 13 15 1.15385
200148 5 5 1
100112 6 20 3.33333
100512 8 8 1
101031 11 12 1.09091
100457 3 4 1.33333
200498 10 37 3.7
100306 12 29 2.41667
200511 10 10 1
201156 7 7 1
201265 12 40 3.33333
201349 4 52 13
201125 8 16 2
201112 5 9 1.8
200690 6 9 1.5
101044 5 43 8.6
201197 3 3 1
100750 10 14 1.4
101421 6 6 1
100166 6 6 1
200599 7 7 1
101317 8 24 3
301298 7 9 1.28571
200727 10 28 2.8
200875 6 19 3.16667
301058 6 6 1
200996 5 5 1
200799 11 23 2.09091
301110 8 8 1
201551 8 8 1
101320 13 20 1.53846
300937 5 6 1.2
200767 13 17 1.30769
201480 10 25 2.5
201406 10 10 1
300392 7 20 2.85714
200547 11 43 3.90909
300940 1 1 1
200516 10 42 4.2
201289 8 8 1
301034 4 9 2.25
301472 4 4 1
300162 6 6 1
808 13 36 2.76923
1485 2 2 1
301322 2 12 6
301432 6 8 1.33333
1462 9 16 1.77778
300692 8 9 1.125
965 6 16 2.66667
1064 5 5 1
943 5 29 5.8
861 6 26 4.33333
301522 4 4 1
1160 4 23 5.75
301087 10 36 3.6
635 3 5 1.66667
1334 5 16 3.2
200125 10 10 1
300778 4 4 1
300900 8 9 1.125
1054 2 2 1
389 8 17 2.125
100829 1 1 1
300744 2 2 1
44 32 35 1.09375
1456 2 2 1
100518 11 16 1.45455
620 2 6 3
1507 11 16 1.45455
300546 5 25 5
854 2 7 3.5
237 11 11 1
538 7 26 3.71429
100446 6 11 1.83333
26 20 23 1.15
444 8 8 1
100732 6 23 3.83333
476 4 9 2.25
100914 8 12 1.5
100179 7 7 1
200094 4 7 1.75
200976 2 4 2
101359 10 15 1.5
470 9 12 1.33333
201137 6 8 1.33333
615 7 29 4.14286
100911 12 24 2
101266 9 38 4.22222
100920 4 29 7.25
101152 2 3 1.5
201129 2 31 15.5
178 12 39 3.25
201340 12 12 1
201268 10 30 3
100690 1 1 1
200496 6 7 1.16667
200031 22 50 2.27273
101284 7 7 1
200369 6 6 1
301310 6 50 8.33333
100406 5 10 2
100886 2 5 2.5
200207 4 18 4.5
200348 9 16 1.77778
100696 12 14 1.16667
201542 10 24 2.4
200943 9 12 1.33333
100595 7 9 1.28571
101472 3 4 1.33333
201466 6 6 1
200717 6 6 1
300378 12 51 4.25
200846 8 10 1.25
200253 13 45 3.46154
101295 9 11 1.22222
201263 12 46 3.83333
201280 2 7 3.5
201191 1 1 1
101501 2 3 1.5
100913 1 1 1
101397 1 1 1
201237 11 19 1.72727
200339 7 9 1.28571
200341 3 6 2
101138 1 1 1
101279 1 1 1
200591 3 3 1
300551 6 8 1.33333
300739 6 8 1.33333
300580 3 21 7
200011 36 62 1.72222
300857 9 12 1.33333
1082 10 24 2.4
200050 16 31 1.9375
1235 9 38 4.22222
301343 9 19 2.11111
1471 9 14 1.55556
300450 10 10 1
300192 5 7 1.4
1194 13 43 3.30769
301396 1 1 1
486 5 12 2.4
301144 7 34 4.85714
57 9 11 1.22222
301104 8 16 2
1059 9 24 2.66667
300366 4 7 1.75
300493 10 17 1.7
300999 6 25 4.16667
300077 9 25 2.77778
1199 7 22 3.14286
300470 5 7 1.4
301119 5 26 5.2
300970 10 28 2.8
300887 1 1 1
1444 2 21 10.5
495 5 45 9
300907 2 15 7.5
300508 5 5 1
1056 11 43 3.90909
300026 22 30 1.36364
300502 8 19 2.375
300481 12 14 1.16667
1092 2 2 1
1476 8 16 2
200086 3 33 11
626 6 6 1
1193 11 11 1
100891 8 8 1
1046 6 6 1
100841 8 9 1.125
1236 11 11 1
100447 2 21 10.5
200079 1 1 1
983 6 7 1.16667
18 68 80 1.17647
200413 6 21 3.5
201395 4 4 1
201371 11 31 2.81818
200668 7 27 3.85714
200373 1 1 1
200971 4 33 8.25
101350 2 11 5.5
201495 1 1 1
100666 11 26 2.36364
101459 5 10 2
201302 11 15 1.36364
101404 8 7 0.875
201097 9 13 1.44444
100215 6 9 1.5
100847 2 18 9
201144 3 3 1
101194 12 22 1.83333
200546 10 46 4.6
100449 5 5 1
200701 10 10 1
200815 3 3 1
200008 13 15 1.15385
101302 2 2 1
100620 1 1 1
201079 1 1 1
301440 8 8 1
200193 1 1 1
201311 3 4 1.33333
301247 13 36 2.76923
200062 7 21 3
301179 6 22 3.66667
101248 1 1 1
200291 2 2 1
301018 3 6 2
300612 1 1 1
300515 3 3 1
301381 10 26 2.6
200627 4 23 5.75
301368 11 14 1.27273
200392 8 11 1.375
301449 13 32 2.46154
300834 4 9 2.25
300380 10 25 2.5
492 5 47 9.4
388 11 13 1.18182
1102 13 30 2.30769
365 10 27 2.7
348 4 4 1
300755 7 21 3
221 4 5 1.25
214 9 9 1
1336 6 41 6.83333
301416 10 22 2.2
301094 2 29 14.5
300011 166 250 1.50602
300691 1 1 1
574 2 19 9.5
300982 1 1 1
1500 12 14 1.16667
200082 10 11 1.1
300979 5 5 1
304 12 12 1
300540 2 2 1
301170 11 11 1
958 4 12 3
145 3 3 1
301131 2 2 1
274 12 15 1.25
300046 22 36 1.63636
300680 11 32 2.90909
41 13 22 1.69231
301203 6 30 5
300396 9 11 1.22222
300824 9 9 1
300878 11 11 1
300286 15 55 3.66667
300727 1 1 1
541 5 5 1
200064 15 23 1.53333
689 6 7 1.16667
768 1 1 1
101469 4 8 2
100235 8 22 2.75
300464 6 13 2.16667
100310 9 12 1.33333
201204 9 11 1.22222
201201 6 18 3
607 1 1 1
201430 10 10 1
201008 7 7 1
895 10 35 3.5
101312 6 6 1
201460 6 29 4.83333
100751 9 31 3.44444
100138 5 29 5.8
200289 6 10 1.66667
520 6 9 1.5
546 10 18 1.8
353 7 7 1
200933 13 23 1.76923
200612 5 5 1
100825 3 5 1.66667
100716 1 1 1
100658 6 22 3.66667
200960 1 1 1
100887 4 11 2.75
100393 7 16 2.28571
101273 1 1 1
100131 1 1 1
100572 13 67 5.15385
201299 12 12 1
200763 13 13 1
200594 5 7 1.4
101209 1 1 1
200229 11 39 3.54545
201136 11 20 1.81818
200040 11 11 1
201469 1 1 1
201142 3 24 8
200624 3 3 1
101151 2 3 1.5
300410 1 1 1
200899 2 2 1
200989 12 12 1
200312 11 11 1
201070 9 11 1.22222
100980 14 45 3.21429
200240 6 10 1.66667
200674 11 33 3
301316 4 4 1
201512 7 7 1
301419 1 1 1
201321 6 12 2
300484 5 5 1
1442 3 4 1.33333
200452 9 13 1.44444
1373 6 10 1.66667
1073 6 6 1
1027 12 18 1.5
1408 2 3 1.5
300860 10 17 1.7
200014 13 39 3
1180 14 29 2.07143
1179 2 2 1
933 7 7 1
301000 11 12 1.09091
301064 1 1 1
300330 14 68 4.85714
804 1 1 1
1423 2 2 1
1354 2 15 7.5
301354 1 1 1
1243 5 32 6.4
1428 10 21 2.1
1165 13 42 3.23077
74 10 24 2.4
1311 11 11 1
910 1 1 1
455 9 25 2.77778
1388 7 7 1
300622 6 7 1.16667
300178 8 30 3.75
300344 6 15 2.5
62 19 22 1.15789
300709 8 14 1.75
301371 2 9 4.5
1074 1 1 1
300640 4 12 3
982 1 1 1
301007 1 1 1
1183 5 8 1.6
300145 6 6 1
782 5 31 6.2
301099 1 1 1
362 16 94 5.875
100747 2 6 3
301361 5 7 1.4
100524 11 11 1
100804 4 7 1.75
301475 1 1 1
300565 5 51 10.2
721 7 11 1.57143
300964 7 16 2.28571
100463 7 9 1.28571
1173 13 18 1.38462
590 7 21 3
289 16 46 2.875
1496 1 1 1
300041 2 2 1
242 12 18 1.5
100723 4 4 1
1109 5 5 1
714 13 35 2.69231
100360 13 24 1.84615
100435 4 12 3
300182 1 1 1
796 7 18 2.57143
100769 15 18 1.2
300212 9 14 1.55556
319 15 21 1.4
903 13 46 3.53846
98 13 23 1.76923
100731 13 38 2.92308
100092 14 74 5.28571
201063 5 46 9.2
50 2 2 1
200926 12 18 1.5
200257 13 13 1
200854 8 16 2
200697 4 4 1
200355 1 1 1
101292 4 5 1.25
101316 11 14 1.27273
200606 10 10 1
100243 4 5 1.25
200821 1 1 1
201187 8 44 5.5
201339 6 52 8.66667
101204 3 4 1.33333
201342 6 15 2.5
101171 10 10 1
201003 2 24 12
100701 2 2 1
200622 11 30 2.72727
101460 2 2 1
200743 1 1 1
200588 5 5 1
200261 1 1 1
100617 7 21 3
200013 30 33 1.1
101381 5 18 3.6
301229 8 36 4.5
300383 6 15 2.5
201084 12 14 1.16667
201312 2 4 2
200600 1 1 1
101261 12 14 1.16667
301076 13 27 2.07692
100019 16 24 1.5
200576 11 14 1.27273
101068 11 13 1.18182
201377 2 2 1
301347 4 26 6.5
201353 4 14 3.5
200004 303 368 1.21452
201217 10 10 1
200235 1 1 1
300434 12 39 3.25
1384 10 14 1.4
300886 1 1 1
300678 2 2 1
1405 11 49 4.45455
200603 1 1 1
200636 5 14 2.8
301162 3 24 8
200660 6 7 1.16667
301159 7 9 1.28571
300852 1 1 1
300490 5 5 1
1030 6 9 1.5
300060 20 50 2.5
301314 11 14 1.27273
1137 1 1 1
301146 10 16 1.6
1395 1 1 1
474 3 7 2.33333
1364 12 21 1.75
1453 11 20 1.81818
300431 6 12 2
745 11 19 1.72727
300763 1 1 1
300268 9 18 2
300436 1 1 1
52 26 45 1.73077
300029 5 11 2.2
561 9 15 1.66667
300248 2 2 1
1152 1 1 1
300319 2 3 1.5
300487 4 4 1
1518 5 5 1
1435 4 4 1
300452 12 43 3.58333
300844 3 3 1
329 12 30 2.5
1426 5 7 1.4
940 11 18 1.63636
200165 2 4 2
754 11 38 3.45455
1041 10 13 1.3
1051 3 6 2
101432 3 3 1
778 12 16 1.33333
100638 11 13 1.18182
101405 7 15 2.14286
100062 6 6 1
100811 1 1 1
100844 7 16 2.28571
101505 9 10 1.11111
101393 1 1 1
88 4 4 1
356 12 33 2.75
200745 14 45 3.21429
47 9 25 2.77778
201017 2 2 1
200924 7 12 1.71429
200388 1 1 1
200748 1 1 1
101419 8 14 1.75
100313 11 10 0.909091
101425 1 1 1
100497 1 1 1
100210 5 5 1
100722 7 7 1
101056 1 1 1
101530 12 16 1.33333
200585 3 3 1
200406 1 1 1
100474 11 38 3.45455
301278 4 4 1
200058 7 9 1.28571
100471 4 17 4.25
101233 1 1 1
101002 2 6 3
301226 6 6 1
200688 2 5 2.5
301285 11 11 1
201014 6 10 1.66667
200559 9 11 1.22222
201173 3 5 1.66667
200358 2 28 14
100292 15 29 1.93333
101386 8 8 1
200269 11 11 1
200850 14 29 2.07143
101124 12 15 1.25
101080 5 6 1.2
200794 8 32 4
301399 9 9 1
200608 1 1 1
301180 8 40 5
101267 2 2 1
200581 6 9 1.5
200621 10 67 6.7
200028 4 7 1.75
301489 11 22 2
301093 4 7 1.75
1443 5 6 1.2
200211 9 27 3
301116 7 10 1.42857
300504 3 12 4
1488 1 1 1
201335 3 61 20.3333
300117 12 41 3.41667
1145 9 9 1
300646 2 3 1.5
300048 14 28 2
200665 10 10 1
300952 11 47 4.27273
818 3 3 1
300904 10 10 1
739 11 11 1
300593 5 27 5.4
300879 8 8 1
512 5 5 1
300296 13 29 2.23077
301120 7 37 5.28571
390 1 1 1
300479 12 26 2.16667
367 12 26 2.16667
300242 1 1 1
301456 4 5 1.25
1479 2 7 3.5
301340 11 15 1.36364
300803 2 18 9
81 2 5 2.5
593 3 3 1
200152 2 10 5
100058 1 1 1
101226 11 12 1.09091
300539 6 7 1.16667
434 9 13 1.44444
344 9 30 3.33333
300606 3 4 1.33333
301161 4 4 1
100803 10 11 1.1
300461 8 9 1.125
100483 2 2 1
300829 1 1 1
300532 4 39 9.75
170 4 15 3.75
100378 5 6 1.2
300948 10 29 2.9
67 23 23 1
300332 2 7 3.5
300526 1 1 1
300630 8 8 1
964 5 10 2
361 5 5 1
201133 3 22 7.33333
201159 2 2 1
100399 4 6 1.5
100190 11 11 1
201051 3 22 7.33333
675 1 1 1
530 4 13 3.25
380 1 1 1
201514 7 21 3
200526 1 1 1
64 6 13 2.16667
100599 1 1 1
200454 4 4 1
100533 3 3 1
201106 1 1 1
101148 10 17 1.7
200994 12 12 1
201389 1 1 1
100693 8 12 1.5
101401 8 15 1.875
200771 1 1 1
200222 16 43 2.6875
200026 7 16 2.28571
201034 9 9 1
200570 3 3 1
100983 3 4 1.33333
201507 2 2 1
101276 4 4 1
200232 5 13 2.6
101139 8 8 1
200482 4 4 1
200327 3 5 1.66667
100139 11 11 1
100964 10 45 4.5
201077 9 18 2
200773 1 1 1
300586 6 6 1
301350 2 4 2
100995 2 5 2.5
100915 7 10 1.42857
300974 11 25 2.27273
201510 10 22 2.2
301424 10 18 1.8
300921 15 39 2.6
301061 9 42 4.66667
200586 1 1 1
301506 4 4 1
300911 1 1 1
301251 7 11 1.57143
300942 12 14 1.16667
301133 4 15 3.75
1482 4 7 1.75
300074 5 10 2
300369 4 4 1
459 12 35 2.91667
300625 2 18 9
1359 3 18 6
1261 1 1 1
300611 4 4 1
301125 1 1 1
1039 6 10 1.66667
1264 2 2 1
1216 11 23 2.09091
301176 9 23 2.55556
301136 5 65 13
300203 8 8 1
301192 2 3 1.5
300208 10 14 1.4
300875 1 1 1
300405 6 10 1.66667
100677 4 12 3
100082 10 27 2.7
300084 4 14 3.5
300125 2 2 1
300672 10 13 1.3
177 2 2 1
153 1 1 1
100680 8 32 4
800 13 52 4
6 90 113 1.25556
36 11 20 1.81818
61 6 24 4
300008 124 156 1.25806
101488 12 38 3.16667
751 12 11 0.916667
100299 9 9 1
100091 9 14 1.55556
101066 12 19 1.58333
200859 8 17 2.125
201219 6 47 7.83333
101114 11 27 2.45455
201366 9 10 1.11111
200555 3 15 5
100753 3 11 3.66667
200635 3 3 1
100970 4 44 11
101050 10 16 1.6
200845 5 22 4.4
101109 2 2 1
101497 5 7 1.4
201585 3 3 1
100971 5 5 1
100940 6 8 1.33333
201332 2 3 1.5
101011 10 20 2
200832 7 11 1.57143
100335 10 12 1.2
200430 10 29 2.9
100957 7 9 1.28571
101043 10 11 1.1
100281 3 10 3.33333
200882 8 8 1
101366 9 24 2.66667
101141 15 41 2.73333
301492 4 4 1
100943 1 1 1
300870 7 17 2.42857
200735 1 1 1
201239 14 62 4.42857
300735 4 10 2.5
301313 4 22 5.5
1478 4 5 1.25
201240 11 17 1.54545
300281 9 12 1.33333
301053 1 1 1
200618 3 3 1
1288 9 26 2.88889
901 10 12 1.2
300614 1 1 1
954 6 21 3.5
300451 11 16 1.45455
301367 8 8 1
300702 7 15 2.14286
1010 12 29 2.41667
300416 11 30 2.72727
1035 1 1 1
300121 9 17 1.88889
301474 2 3 1.5
100078 8 8 1
300960 5 6 1.2
300034 9 12 1.33333
919 12 13 1.08333
301487 7 11 1.57143
34 21 30 1.42857
301151 11 12 1.09091
300545 4 7 1.75
300390 2 3 1.5
300811 8 15 1.875
936 10 17 1.7
300938 6 6 1
439 3 5 1.66667
226 6 6 1
1142 7 18 2.57143
300467 3 3 1
506 6 6 1
300689 3 3 1
859 10 30 3
1117 2 2 1
1019 1 1 1
301497 10 10 1
100564 1 1 1
1350 12 19 1.58333
1226 13 13 1
300169 6 11 1.83333
716 7 47 6.71429
200159 7 7 1
54 4 4 1
501 11 48 4.36364
1186 9 25 2.77778
100835 5 5 1
803 3 23 7.66667
456 2 3 1.5
300669 1 1 1
301024 11 11 1
601 9 18 2
101186 5 12 2.4
1031 2 25 12.5
100118 8 8 1
793 11 25 2.27273
100660 6 10 1.66667
336 7 30 4.28571
1356 9 21 2.33333
1103 7 12 1.71429
1207 2 3 1.5
300015 71 117 1.64789
100692 6 52 8.66667
200841 11 47 4.27273
201042 2 2 1
300278 13 13 1
300241 5 8 1.6
817 5 71 14.2
100996 10 22 2.2
100015 31 31 1
100547 1 1 1
239 2 14 7
100573 5 5 1
21 55 67 1.21818
200868 1 1 1
200978 11 11 1
201594 7 7 1
101409 10 17 1.7
200707 1 1 1
101451 10 19 1.9
100453 7 8 1.14286
100749 7 33 4.71429
201386 8 13 1.625
101125 8 37 4.625
200492 3 4 1.33333
101165 10 69 6.9
201364 10 14 1.4
201099 1 1 1
101422 1 1 1
200506 8 16 2
101378 8 8 1
200565 2 3 1.5
301267 5 18 3.6
100775 1 1 1
201610 6 7 1.16667
200695 3 8 2.66667
100646 10 12 1.2
201458 10 21 2.1
100808 1 1 1
100643 1 1 1
101014 9 19 2.11111
101453 5 16 3.2
200428 8 10 1.25
201524 4 4 1
301293 4 31 7.75
200768 10 14 1.4
200522 11 16 1.45455
101129 10 22 2.2
301097 5 6 1.2
101017 6 6 1
200367 2 2 1
101442 6 12 2
200384 1 1 1
101288 8 28 3.5
200485 12 55 4.58333
201606 3 3 1
200966 9 30 3.33333
301107 2 2 1
200265 9 9 1
301044 9 48 5.33333
200343 9 15 1.66667
300518 2 2 1
301345 12 13 1.08333
300180 7 17 2.42857
300924 11 13 1.18182
984 12 25 2.08333
1420 12 28 2.33333
1312 13 37 2.84615
200439 4 4 1
776 5 60 12
301083 6 6 1
1158 6 14 2.33333
673 8 9 1.125
1016 12 38 3.16667
300859 9 33 3.66667
301249 6 6 1
301074 8 46 5.75
301167 12 21 1.75
730 2 4 2
301477 6 6 1
300428 9 25 2.77778
864 1 1 1
171 5 6 1.2
1097 4 5 1.25
300239 9 15 1.66667
300780 2 2 1
300197 8 45 5.625
1459 11 23 2.09091
301103 8 14 1.75
200150 10 10 1
428 3 3 1
844 4 6 1.5
261 1 1 1
1241 1 1 1
772 2 51 25.5
293 7 11 1.57143
301488 4 5 1.25
300014 90 123 1.36667
453 4 5 1.25
301408 8 17 2.125
100063 1 1 1
300314 3 13 4.33333
100569 7 16 2.28571
504 2 2 1
1380 1 1 1
1369 11 13 1.18182
300150 2 2 1
300260 1 1 1
1222 2 4 2
100515 1 1 1
488 7 9 1.28571
1510 8 11 1.375
100622 3 19 6.33333
300816 1 1 1
1342 10 20 2
100587 3 3 1
416 11 19 1.72727
300815 13 18 1.38462
300088 1 1 1
548 1 1 1
100494 7 44 6.28571
376 11 39 3.54545
82 18 24 1.33333
1205 13 34 2.61538
201000 6 6 1
100103 9 10 1.11111
100039 13 23 1.76923
101183 10 11 1.1
200203 9 27 3
100610 11 12 1.09091
706 2 2 1
101175 1 1 1
200283 2 10 5
101228 7 16 2.28571
307 10 24 2.4
48 7 20 2.85714
101282 13 43 3.30769
379 7 7 1
142 7 31 4.42857
101222 9 41 4.55556
100536 7 14 2
100673 2 4 2
200297 10 25 2.5
201316 4 4 1
100624 12 33 2.75
200652 10 42 4.2
201073 8 10 1.25
200721 1 1 1
101140 11 11 1
201445 10 33 3.3
101096 10 20 2
101236 2 32 16
101203 4 61 15.25
200731 9 19 2.11111
100984 6 6 1
201308 7 7 1
200620 10 10 1
100612 10 19 1.9
201246 1 1 1
200295 10 11 1.1
200350 6 20 3.33333
201011 4 38 9.5
201463 8 17 2.125
201325 1 1 1
101415 2 5 2.5
200751 8 25 3.125
201394 12 11 0.916667
201083 1 1 1
101256 1 1 1
200416 2 2 1
301211 8 47 5.875
200250 11 24 2.18182
101028 12 46 3.83333
200309 3 9 3
200540 1 1 1
1417 9 19 2.11111
200434 6 6 1
300752 2 63 31.5
301172 9 22 2.44444
301254 3 4 1.33333
1049 5 14 2.8
1399 7 7 1
301227 3 38 12.6667
300439 9 18 2
300486 9 19 2.11111
300425 1 1 1
300496 1 1 1
301327 9 11 1.22222
300862 1 1 1
300153 9 9 1
301079 1 1 1
1474 6 8 1.33333
200174 11 49 4.45455
301443 9 20 2.22222
300812 5 9 1.8
1306 13 22 1.69231
300165 7 8 1.14286
992 5 6 1.2
1045 5 5 1
301089 1 1 1
100601 2 13 6.5
301391 13 53 4.07692
200088 3 3 1
711 1 1 1
300717 5 24 4.8
100619 1 1 1
655 6 8 1.33333
200144 10 22 2.2
657 6 5 0.833333
300267 9 17 1.88889
200138 1 1 1
392 1 1 1
1001 8 9 1.125
259 6 22 3.66667
300443 8 8 1
918 1 1 1
300222 1 1 1
1431 11 24 2.18182
300193 5 5 1
130 9 23 2.55556
110 8 8 1
200141 2 2 1
100633 3 3 1
101495 1 1 1
101514 9 11 1.22222
101414 4 12 3
1196 7 7 1
200188 13 30 2.30769
101534 13 16 1.23077
100060 4 4 1
101015 6 15 2.5
100615 2 5 2.5
100655 6 6 1
100054 12 31 2.58333
200595 3 3 1
100560 1 1 1
101322 8 10 1.25
200596 2 2 1
100992 5 5 1
100345 4 4 1
100554 1 1 1
100023 1 1 1
101521 1 1 1
100584 10 11 1.1
100522 4 5 1.25
200903 3 4 1.33333
100581 15 66 4.4
100629 5 43 8.6
100669 9 24 2.66667
201267 11 19 1.72727
101433 6 15 2.5
100741 6 13 2.16667
201119 13 57 4.38462
100258 11 11 1
101108 1 1 1
201596 1 1 1
101326 9 37 4.11111
200231 5 7 1.4
200925 3 8 2.66667
200663 9 17 1.88889
301100 1 1 1
301004 1 1 1
200245 11 25 2.27273
101300 1 1 1
301459 3 3 1
300972 2 2 1
301234 9 11 1.22222
201328 6 7 1.16667
200344 7 7 1
300350 5 6 1.2
301460 7 7 1
300214 11 44 4
301380 1 1 1
300794 9 14 1.55556
300320 8 12 1.5
569 1 1 1
707 3 5 1.66667
300874 11 12 1.09091
300200 12 19 1.58333
578 4 30 7.5
935 6 6 1
484 9 9 1
301483 3 3 1
616 1 1 1
333 16 20 1.25
544 5 7 1.4
1338 8 8 1
670 10 10 1
300482 8 22 2.75
1324 2 4 2
907 8 8 1
200163 1 1 1
300037 19 63 3.31579
100067 17 17 1
200132 5 5 1
638 14 47 3.35714
101192 1 1 1
200122 8 30 3.75
300255 1 1 1
124 4 6 1.5
897 1 1 1
100 16 17 1.0625
100137 5 10 2
78 20 24 1.2
709 4 4 1
1345 6 8 1.33333
100651 2 3 1.5
201101 7 22 3.14286
300524 10 29 2.9
201045 1 1 1
300122 12 12 1
1274 5 48 9.6
201214 5 24 4.8
100317 15 21 1.4
100822 3 3 1
300070 15 25 1.66667
101429 2 2 1
300808 13 18 1.38462
100133 2 3 1.5
101070 1 1 1
200084 13 14 1.07692
100739 4 4 1
201568 1 1 1
640 12 43 3.58333
201157 3 3 1
200187 5 20 4
100188 6 6 1
100334 8 22 2.75
100592 1 1 1
201291 6 8 1.33333
198 1 1 1
101330 2 4 2
200486 7 13 1.85714
200804 1 1 1
201588 7 9 1.28571
200782 9 9 1
200217 2 2 1
100514 4 4 1
201227 1 1 1
100506 4 6 1.5
101348 1 1 1
100396 4 4 1
100888 10 26 2.6
201243 1 1 1
200447 8 24 3
100976 1 1 1
201300 8 37 4.625
101078 1 1 1
200949 2 6 3
100609 5 5 1
200590 5 5 1
201221 13 19 1.46154
101019 9 9 1
200527 9 9 1
301201 8 40 5
200552 9 9 1
101022 12 14 1.16667
101060 12 15 1.25
201322 11 24 2.18182
201234 3 3 1
300725 7 12 1.71429
101372 9 10 1.11111
300354 1 1 1
201443 12 21 1.75
301153 1 1 1
201580 8 10 1.25
1036 3 11 3.66667
301491 2 2 1
300394 4 4 1
301385 2 12 6
200655 2 3 1.5
300137 7 9 1.28571
200691 6 17 2.83333
200038 1 1 1
300800 4 15 3.75
1386 10 10 1
1480 5 5 1
1244 5 5 1
146 12 32 2.66667
189 11 41 3.72727
794 3 21 7
301357 10 22 2.2
181 10 10 1
300089 15 22 1.46667
1135 2 2 1
300388 9 23 2.55556
100070 18 25 1.38889
118 14 14 1
882 4 4 1
49 18 20 1.11111
25 48 69 1.4375
300553 4 23 5.75
100840 6 30 5
447 2 3 1.5
1315 10 17 1.7
300694 3 3 1
161 5 23 4.6
862 3 3 1
279 10 15 1.5
100641 5 5 1
300172 2 2 1
471 1 1 1
101218 6 26 4.33333
300236 4 4 1
836 2 2 1
100040 2 3 1.5
100294 8 18 2.25
100147 10 22 2.2
331 16 38 2.375
100034 5 21 4.2
1129 11 47 4.27273
300185 10 16 1.6
989 8 8 1
101456 11 27 2.45455
533 1 1 1
100884 6 8 1.33333
201479 1 1 1
200574 3 3 1
201336 6 16 2.66667
101407 8 16 2
133 11 15 1.36364
200320 14 23 1.64286
200378 10 15 1.5
101507 4 4 1
100303 4 12 3
200156 7 7 1
201488 1 1 1
201139 6 17 2.83333
200036 19 34 1.78947
100872 10 12 1.2
200886 8 8 1
201546 5 12 2.4
200301 2 2 1
100656 3 14 4.66667
101465 2 3 1.5
100865 9 14 1.55556
201496 9 24 2.66667
201474 6 6 1
200541 2 3 1.5
201121 9 9 1
100853 8 8 1
200371 1 1 1
201418 3 19 6.33333
101436 7 11 1.57143
201031 7 17 2.42857
200458 9 10 1.11111
200538 1 1 1
300361 11 20 1.81818
301510 4 7 1.75
100870 1 1 1
300408 6 8 1.33333
200045 12 13 1.08333
100938 8 17 2.125
200529 6 8 1.33333
301301 8 50 6.25
101176 5 14 2.8
100941 15 25 1.66667
200465 1 1 1
1132 4 14 3.5
300352 6 10 1.66667
1367 5 5 1
200317 8 14 1.75
301187 2 3 1.5
301115 12 40 3.33333
300246 1 1 1
200494 5 7 1.4
301095 1 1 1
300799 8 42 5.25
300211 9 21 2.33333
301388 10 32 3.2
1188 12 16 1.33333
195 3 3 1
658 6 6 1
652 10 11 1.1
300167 1 1 1
300536 12 35 2.91667
300080 10 12 1.2
300906 7 10 1.42857
301365 6 11 1.83333
540 11 38 3.45455
300676 2 2 1
300017 40 40 1
1110 1 1 1
300576 4 36 9
948 6 24 4
100469 6 6 1
300183 15 47 3.13333
300143 8 8 1
300947 3 4 1.33333
887 11 13 1.18182
905 1 1 1
563 10 33 3.3
300738 7 31 4.42857
200117 10 10 1
101384 5 5 1
1061 11 25 2.27273
100417 5 16 3.2
1098 11 19 1.72727
100116 10 10 1
1058 1 1 1
100712 6 6 1
923 11 33 3
217 9 21 2.33333
200817 7 9 1.28571
300420 7 8 1.14286
200922 1 1 1
85 24 35 1.45833
516 4 4 1
100550 1 1 1
100356 10 21 2.1
200074 14 22 1.57143
100523 3 17 5.66667
712 7 24 3.42857
200822 1 1 1
101143 11 33 3
100752 10 10 1
100924 3 7 2.33333
200233 5 8 1.6
100814 6 6 1
100263 14 44 3.14286
200190 1 1 1
200180 8 8 1
100167 9 15 1.66667
200983 12 12 1
100111 12 25 2.08333
101327 1 1 1
101185 8 22 2.75
100807 12 29 2.41667
100418 4 5 1.25
200953 10 25 2.5
100143 2 2 1
100559 5 11 2.2
100285 1 1 1
100648 3 16 5.33333
201313 6 6 1
100382 3 3 1
200053 1 1 1
100197 12 28 2.33333
100241 6 26 4.33333
200420 10 13 1.3
200009 15 17 1.13333
201185 12 46 3.83333
100695 1 1 1
200501 3 3 1
201305 6 61 10.1667
201544 1 1 1
100788 9 9 1
100154 8 8 1
200347 1 1 1
201001 4 4 1
200404 4 6 1.5
100157 8 16 2
200644 8 18 2.25
100338 7 27 3.85714
201276 10 15 1.5
101435 2 2 1
100227 2 2 1
201595 5 5 1
200904 4 20 5
200646 11 13 1.18182
201039 11 11 1
100945 2 2 1
301331 3 6 2
200873 12 22 1.83333
300835 10 37 3.7
300776 13 13 1
301209 1 1 1
1067 1 1 1
200432 10 24 2.4
200584 10 10 1
300923 11 11 1
200440 8 12 1.5
300010 51 84 1.64706
406 7 11 1.57143
505 5 8 1.6
301439 7 11 1.57143
300705 2 2 1
300488 12 38 3.16667
300218 6 8 1.33333
564 11 40 3.63636
200110 2 4 2
301008 3 5 1.66667
301421 9 13 1.44444
300888 3 4 1.33333
300346 3 11 3.66667
300542 8 14 1.75
300554 6 13 2.16667
595 2 2 1
51 28 80 2.85714
1516 9 10 1.11111
100537 2 2 1
300562 2 3 1.5
1412 10 11 1.1
300118 6 12 2
300052 4 4 1
867 6 6 1
100556 4 4 1
300061 2 3 1.5
300813 10 18 1.8
300209 10 36 3.6
100409 3 3 1
100498 6 8 1.33333
200213 7 7 1
101168 3 8 2.66667
100740 1 1 1
100880 3 3 1
200973 7 14 2
100700 13 23 1.76923
201203 9 9 1
201030 6 18 3
201560 6 8 1.33333
100479 11 12 1.09091
200502 11 16 1.45455
101173 9 32 3.55556
200123 13 36 2.76923
100253 10 10 1
201036 8 8 1
200935 8 10 1.25
200879 5 49 9.8
200398 3 7 2.33333
100016 18 24 1.33333
100146 7 7 1
200251 13 13 1
200521 1 1 1
101264 11 18 1.63636
200241 2 2 1
200205 4 4 1
101323 9 9 1
100703 12 17 1.41667
101361 6 6 1
200466 1 1 1
201464 2 5 2.5
200356 13 14 1.07692
100961 8 17 2.125
201392 5 23 4.6
201285 5 5 1
101344 5 25 5
301206 11 11 1
200017 6 6 1
100903 10 11 1.1
301321 9 13 1.44444
301395 3 3 1
301134 7 8 1.14286
200248 4 4 1
200337 7 15 2.14286
301480 5 8 1.6
201557 4 8 2
301324 9 31 3.44444
301041 11 16 1.45455
200497 10 14 1.4
1392 6 11 1.83333
301315 13 21 1.61538
301188 1 1 1
300645 7 7 1
300140 9 42 4.66667
301225 11 45 4.09091
300605 7 21 3
300561 2 2 1
300256 4 9 2.25
100052 11 20 1.81818
300748 3 3 1
300264 1 1 1
321 12 12 1
722 6 7 1.16667
200113 2 2 1
300842 7 23 3.28571
301183 5 10 2
30 35 71 2.02857
1363 9 9 1
643 8 30 3.75
86 4 4 1
100369 13 28 2.15385
300642 1 1 1
1284 1 1 1
300730 9 23 2.55556
100193 11 11 1
300423 6 7 1.16667
300826 4 4 1
496 1 1 1
868 4 15 3.75
100662 6 18 3
200136 4 8 2
300190 4 4 1
128 10 33 3.3
201053 2 2 1
200130 6 8 1.33333
201127 2 2 1
200825 7 10 1.42857
100265 14 16 1.14286
101144 11 18 1.63636
101529 3 3 1
58 13 36 2.76923
101412 4 7 1.75
201049 4 8 2
200096 16 20 1.25
23 15 25 1.66667
101111 4 21 5.25
100509 1 1 1
200881 10 10 1
200937 6 15 2.5
95 12 23 1.91667
201374 2 42 21
201212 3 5 1.66667
101191 1 1 1
100764 1 1 1
100877 11 18 1.63636
100967 5 5 1
201438 3 15 5
100832 8 8 1
100320 6 6 1
201257 6 7 1.16667
200220 4 4 1
201529 8 23 2.875
100720 2 2 1
200273 6 13 2.16667
201032 1 1 1
101180 10 24 2.4
100930 1 1 1
301233 6 10 1.66667
201004 3 3 1
101212 5 7 1.4
201170 2 2 1
100988 7 15 2.14286
200380 2 4 2
301287 9 31 3.44444
301305 3 19 6.33333
101137 13 16 1.23077
101163 13 21 1.61538
100298 1 1 1
301231 1 1 1
100875 7 14 2
300838 6 25 4.16667
101100 1 1 1
301445 1 1 1
200478 5 5 1
300591 7 21 3
1310 6 24 4
300068 1 1 1
1070 12 15 1.25
300473 10 15 1.5
300963 7 17 2.42857
301375 11 32 2.90909
704 6 21 3.5
1314 6 6 1
300271 7 8 1.14286
300318 9 27 3
1287 1 1 1
300087 13 15 1.15385
300670 12 17 1.41667
441 3 25 8.33333
300822 1 1 1
301431 10 27 2.7
300199 13 55 4.23077
1171 12 13 1.08333
200166 11 43 3.90909
665 1 1 1
300274 11 23 2.09091
1020 8 8 1
748 9 13 1.44444
300936 15 60 4
301057 3 23 7.66667
1415 5 6 1.2
1455 12 30 2.5
200087 9 30 3.33333
301017 5 5 1
301317 3 4 1.33333
994 3 7 2.33333
628 8 21 2.625
300634 10 10 1
229 5 8 1.6
300914 8 24 3
300250 8 8 1
838 14 18 1.28571
300233 2 7 3.5
300228 5 21 4.2
200120 11 14 1.27273
677 2 2 1
766 10 25 2.5
100080 3 11 3.66667
100596 7 7 1
694 1 1 1
100649 1 1 1
1125 5 5 1
490 1 1 1
100542 11 23 2.09091
201068 11 26 2.36364
418 10 22 2.2
201362 1 1 1
100636 11 22 2
101525 11 14 1.27273
100979 4 16 4
93 10 34 3.4
101038 11 11 1
375 11 15 1.36364
100668 13 37 2.84615
200135 4 9 2.25
101360 10 19 1.9
101064 12 24 2
101481 10 11 1.1
100605 6 52 8.66667
167 11 13 1.18182
200857 11 13 1.18182
201108 7 10 1.42857
201600 11 12 1.09091
100057 5 9 1.8
101112 12 47 3.91667
201211 8 13 1.625
201222 7 7 1
201415 15 61 4.06667
101048 11 25 2.27273
201022 8 19 2.375
200509 4 6 1.5
201044 6 46 7.66667
201359 6 6 1
100969 9 17 1.88889
200837 3 17 5.66667
100271 1 1 1
300395 1 1 1
100218 9 27 3
100189 1 1 1
201331 1 1 1
200002 259 287 1.10811
101391 4 15 3.75
100935 5 23 4.6
201202 3 3 1
200919 1 1 1
101286 7 11 1.57143
200450 10 10 1
201327 10 14 1.4
100905 11 32 2.90909
201229 1 1 1
201434 8 8 1
101123 3 5 1.66667
101314 13 23 1.76923
201273 1 1 1
913 1 1 1
819 4 4 1
744 9 53 5.88889
301195 2 2 1
1512 10 10 1
300055 18 19 1.05556
301444 8 12 1.5
100076 19 53 2.78947
300032 26 61 2.34615
72 8 13 1.625
300253 1 1 1
437 11 21 1.90909
300109 12 12 1
203 1 1 1
1077 8 48 6
100553 4 4 1
1224 5 78 15.6
300463 10 22 2.2
100108 14 72 5.14286
100833 9 22 2.44444
100373 11 12 1.09091
100107 12 12 1
141 12 20 1.66667
100286 9 24 2.66667
1294 9 9 1
100201 3 3 1
101062 6 7 1.16667
201411 1 1 1
200844 3 3 1
100659 3 4 1.33333
201356 5 81 16.2
757 8 26 3.25
300016 40 51 1.275
100121 14 59 4.21429
201303 4 22 5.5
100101 8 38 4.75
101461 6 6 1
100141 1 1 1
411 9 10 1.11111
201247 5 31 6.2
101042 2 2 1
201592 10 13 1.3
200801 8 8 1
100882 1 1 1
100199 4 7 1.75
201562 3 6 2
200424 9 26 2.88889
100898 1 1 1
101130 11 26 2.36364
200483 9 12 1.33333
100517 1 1 1
101053 3 5 1.66667
200387 2 2 1
201391 10 11 1.1
200331 9 31 3.44444
201578 1 1 1
101376 8 8 1
301220 5 5 1
101024 4 7 1.75
101083 6 7 1.16667
201413 7 23 3.28571
201381 8 11 1.375
100341 5 15 3
101071 2 12 6
100912 10 14 1.4
100169 3 3 1
100895 3 3 1
100755 1 1 1
201236 13 18 1.38462
201572 12 48 4
201416 9 19 2.11111
100916 7 22 3.14286
101487 1 1 1
201598 5 5 1
101482 1 1 1
101166 1 1 1
200704 10 10 1
101075 1 1 1
101252 4 12 3
200296 4 5 1.25
301123 3 6 2
1515 11 12 1.09091
300653 3 9 3
1319 5 6 1.2
300065 21 48 2.28571
301046 7 7 1
300932 3 3 1
1113 13 29 2.23077
300523 8 24 3
1451 7 16 2.28571
300710 11 13 1.18182
300327 10 30 3
462 4 4 1
300045 12 34 2.83333
301283 11 11 1
301198 9 23 2.55556
1378 8 24 3
300459 7 19 2.71429
300774 4 9 2.25
571 1 1 1
419 7 22 3.14286
300617 3 3 1
613 8 11 1.375
1090 6 6 1
962 1 1 1
100038 15 23 1.53333
300871 8 19 2.375
100527 10 31 3.1
301463 11 15 1.36364
880 9 13 1.44444
200102 14 16 1.14286
301049 11 74 6.72727
100105 9 20 2.22222
100434 11 25 2.27273
644 7 23 3.28571
200134 3 3 1
100097 6 27 4.5
1387 4 7 1.75
100611 14 40 2.85714
300195 14 72 5.14286
503 4 4 1
100249 12 50 4.16667
300021 24 54 2.25
100454 10 23 2.3
300083 6 16 2.66667
201184 3 18 6
852 8 11 1.375
100762 12 56 4.66667
201047 10 20 2
201502 10 10 1
100779 10 20 2
245 12 17 1.41667
201409 14 41 2.92857
100521 2 4 2
200828 1 1 1
200407 13 18 1.38462
101237 5 5 1
200913 6 6 1
200281 13 19 1.46154
100489 8 22 2.75
100793 7 10 1.42857
201028 7 8 1.14286
100862 2 3 1.5
101196 6 6 1
100613 5 8 1.6
200940 1 1 1
201427 5 17 3.4
101040 14 43 3.07143
100377 11 44 4
101452 7 7 1
100805 2 2 1
100354 10 10 1
100380 4 4 1
100384 3 4 1.33333
200683 1 1 1
101157 12 24 2
301276 4 23 5.75
200056 5 5 1
201193 5 36 7.2
201571 11 14 1.27273
101492 11 22 2
101513 3 3 1
101489 1 1 1
201050 5 17 3.4
200435 2 5 2.5
300398 6 6 1
301191 2 2 1
200396 6 21 3.5
301499 9 9 1
200258 3 12 4
200042 1 1 1
200893 12 12 1
301411 1 1 1
201552 7 7 1
200554 1 1 1
100950 2 48 24
200426 1 1 1
1329 11 11 1
1468 11 11 1
300599 4 8 2
1461 6 6 1
300843 6 6 1
300133 11 11 1
300107 13 13 1
300337 4 8 2
200616 8 36 4.5
991 10 45 4.5
301500 1 1 1
775 6 10 1.66667
300469 9 9 1
69 14 15 1.07143
737 4 9 2.25
651 1 1 1
301496 12 15 1.25
300409 7 16 2.28571
200172 7 26 3.71429
300056 12 11 0.916667
100044 11 13 1.18182
301486 2 2 1
875 11 14 1.27273
1130 13 15 1.15385
789 8 9 1.125
878 11 14 1.27273
101238 9 15 1.66667
300071 9 19 2.11111
1506 11 14 1.27273
598 5 5 1
313 7 23 3.28571
100413 7 20 2.85714
1253 2 4 2
1448 7 8 1.14286
1012 8 8 1
100087 8 14 1.75
653 3 30 10
100765 14 14 1
300323 12 45 3.75
100028 10 20 2
1465 1 1 1
100590 1 1 1
1271 10 32 3.2
101247 11 21 1.90909
100273 15 25 1.66667
101346 3 25 8.33333
916 8 30 3.75
100072 20 62 3.1
100894 4 10 2.5
101092 3 12 4
872 3 4 1.33333
201508 8 25 3.125
108 10 14 1.4
100069 10 18 1.8
426 2 16 8
100094 1 1 1
100724 8 13 1.625
200968 1 1 1
101006 2 25 12.5
200236 3 22 7.33333
100667 4 12 3
100477 12 61 5.08333
200462 7 9 1.28571
200593 4 5 1.25
200352 13 27 2.07692
100223 5 25 5
100104 12 14 1.16667
100710 5 5 1
200417 8 11 1.375
100798 9 22 2.44444
200361 8 9 1.125
100021 34 73 2.14706
200901 2 2 1
100213 11 31 2.81818
201064 5 19 3.8
201091 11 11 1
201540 8 8 1
200340 1 1 1
201060 8 8 1
101034 12 29 2.41667
200787 3 13 4.33333
200403 9 9 1
201057 12 27 2.25
301255 9 9 1
201344 13 14 1.07692
101369 9 24 2.66667
201176 2 2 1
301295 3 3 1
201319 1 1 1
301406 6 11 1.83333
200022 23 23 1
200680 8 34 4.25
200476 10 10 1
200342 9 10 1.11111
300713 10 11 1.1
200615 1 1 1
300754 11 11 1
1078 6 27 4.5
300362 7 7 1
828 10 15 1.5
373 11 11 1
300374 6 8 1.33333
746 5 5 1
301390 7 22 3.14286
300245 2 20 10
300558 2 2 1
301515 8 8 1
200091 12 29 2.41667
1296 11 26 2.36364
200068 3 8 2.66667
101 1 1 1
300295 8 8 1
300851 1 1 1
491 6 10 1.66667
300095 1 1 1
1042 8 34 4.25
300092 1 1 1
100583 8 17 2.125
300920 8 14 1.75
300304 6 6 1
121 5 11 2.2
300019 37 70 1.89189
200073 15 15 1
398 1 1 1
300895 6 11 1.83333
300042 10 21 2.1
233 8 10 1.25
100744 15 49 3.26667
740 11 12 1.09091
300171 9 37 4.11111
100443 8 9 1.125
100330 4 12 3
300514 8 64 8
200095 16 16 1
743 10 15 1.5
100773 1 1 1
300292 16 51 3.1875
300273 8 14 1.75
100748 11 13 1.18182
1279 11 32 2.90909
200184 11 13 1.18182
200885 5 46 9.2
300456 2 2 1
199 10 10 1
100709 6 12 2
300161 5 5 1
391 5 11 2.2
200819 2 4 2
100126 7 9 1.28571
100635 6 8 1.33333
101304 4 13 3.25
201264 1 1 1
201494 5 9 1.8
200351 1 1 1
201536 12 25 2.08333
205 7 8 1.14286
101388 8 16 2
201369 3 12 4
90 1 1 1
201567 8 17 2.125
101484 6 6 1
101250 2 2 1
200921 1 1 1
101478 8 13 1.625
100737 7 39 5.57143
101430 3 14 4.66667
100119 13 13 1
100159 9 10 1.11111
100626 8 20 2.5
200479 5 7 1.4
200442 1 1 1
201075 1 1 1
200370 11 14 1.27273
101098 2 2 1
200579 9 36 4
101355 11 16 1.45455
101026 13 13 1
101179 1 1 1
100632 9 14 1.55556
301299 11 16 1.45455
201421 9 13 1.44444
200469 9 12 1.33333
100987 9 27 3
200379 4 5 1.25
201402 4 4 1
101394 9 12 1.33333
200669 9 19 2.11111
200324 1 1 1
200761 13 35 2.69231
101283 14 34 2.42857
300626 1 1 1
201397 1 1 1
301156 1 1 1
200778 1 1 1
1347 10 11 1.1
200473 2 14 7
301035 7 14 2
301323 7 24 3.42857
300063 19 21 1.10526
300340 6 9 1.5
301277 4 4 1
851 4 10 2.5
300998 1 1 1
300916 12 25 2.08333
976 2 4 2
409 3 8 2.66667
301021 1 1 1
300177 15 49 3.26667
300760 1 1 1
200106 4 4 1
234 1 1 1
856 6 31 5.16667
301028 7 7 1
832 3 3 1
301025 8 9 1.125
973 10 10 1
300820 4 40 10
300520 6 9 1.5
522 2 2 1
1328 6 17 2.83333
301429 6 6 1
300788 9 9 1
586 1 1 1
771 11 23 2.09091
164 11 51 4.63636
301010 1 1 1
300104 1 1 1
100855 2 2 1
831 10 11 1.1
325 8 29 3.625
206 9 9 1
100163 11 38 3.45455
1291 3 3 1
300531 12 21 1.75
201111 11 13 1.18182
100055 13 13 1
614 5 8 1.6
101073 6 27 4.5
809 6 13 2.16667
758 1 1 1
101178 7 28 4
485 8 18 2.25
761 4 9 2.25
201093 10 20 2
482 6 6 1
201199 6 6 1
100780 11 11 1
100742 2 5 2.5
200260 10 14 1.4
200195 7 7 1
200043 21 37 1.7619
201169 6 15 2.5
301265 1 1 1
201472 3 18 6
100631 7 8 1.14286
200209 11 12 1.09091
101448 2 11 5.5
100336 4 4 1
101012 6 14 2.33333
201253 11 38 3.45455
301085 11 40 3.63636
201224 6 12 2
201250 8 19 2.375
200455 2 7 3.5
301512 11 13 1.18182
200389 7 10 1.42857
200333 5 14 2.8
201365 1 1 1
300299 1 1 1
300413 6 43 7.16667
301393 2 12 6
300302 1 1 1
300897 9 9 1
951 11 14 1.27273
535 1 1 1
301009 1 1 1
1327 2 2 1
301190 6 38 6.33333
467 1 1 1
719 7 37 5.28571
300837 4 15 3.75
412 4 8 2
169 7 8 1.14286
300322 8 15 1.875
100083 17 52 3.05882
301113 10 14 1.4
468 1 1 1
113 2 6 3
300335 2 2 1
253 8 22 2.75
1295 13 15 1.15385
302 1 1 1
300266 4 4 1
300662 15 45 3
301319 1 1 1
10 96 112 1.16667
301359 8 36 4.5
358 6 24 4
733 9 14 1.55556
301523 1 1 1
301468 10 20 2
300221 2 2 1
300968 10 31 3.1
100823 1 1 1
100534 8 8 1
100681 11 43 3.90909
100551 1 1 1
300138 8 29 3.625
301349 5 5 1
100688 5 34 6.8
300935 9 15 1.66667
1396 11 13 1.18182
300945 10 19 1.9
405 7 7 1
300880 8 15 1.875
445 1 1 1
100800 13 34 2.61538
477 6 6 1
300073 20 20 1
100540 3 3 1
100006 28 49 1.75
899 5 38 7.6
182 1 1 1
300001 43 43 1
1151 5 13 2.6
100088 3 9 3
1332 11 21 1.90909
100593 1 1 1
17 1 1 1
100674 11 18 1.63636
100027 22 62 2.81818
1122 11 44 4
200986 3 9 3
1176 12 19 1.58333
921 6 12 2
835 1 1 1
101466 2 2 1
100818 11 17 1.54545
200805 4 4 1
100948 1 1 1
100390 5 5 1
100279 7 7 1
998 13 50 3.84615
100717 11 35 3.18182
201055 7 9 1.28571
201118 9 9 1
200101 6 9 1.5
200672 1 1 1
100934 5 6 1.2
100165 11 42 3.81818
100109 4 4 1
100511 10 27 2.7
100026 9 10 1.11111
101341 8 15 1.875
100250 13 15 1.15385
101510 6 6 1
301281 7 18 2.57143
200326 15 77 5.13333
201590 13 38 2.92308
201078 7 24 3.42857
201100 9 12 1.33333
201470 1 1 1
100937 3 3 1
200633 8 12 1.5
201398 4 33 8.25
200681 3 6 2
201504 9 26 2.88889
200611 2 13 6.5
301273 12 12 1
201461 3 6 2
200938 14 45 3.21429
100990 3 5 1.66667
101086 1 1 1
200256 16 36 2.25
301329 4 25 6.25
100947 1 1 1
301031 3 3 1
200656 12 27 2.25
300850 6 6 1
301256 14 23 1.64286
788 2 2 1
200051 4 8 2
200661 7 12 1.71429
1168 4 7 1.75
300367 1 1 1
1389 4 11 2.75
399 12 30 2.5
301237 7 11 1.57143
883 4 9 2.25
301147 3 3 1
301274 1 1 1
301379 7 12 1.71429
827 13 27 2.07692
1449 4 7 1.75
300708 7 18 2.57143
401 14 65 4.64286
560 12 15 1.25
605 3 3 1
784 6 10 1.66667
100051 9 9 1
300457 2 3 1.5
1504 1 1 1
443 11 11 1
1209 5 54 10.8
300661 13 27 2.07692
300967 14 27 1.92857
300448 9 11 1.22222
301213 10 10 1
300102 7 18 2.57143
300358 2 2 1
300091 7 10 1.42857
1089 1 1 1
1450 4 7 1.75
300587 5 11 2.2
300259 11 27 2.45455
100437 4 6 1.5
1246 5 19 3.8
300280 16 26 1.625
715 3 3 1
1281 3 3 1
100664 11 14 1.27273
100842 12 33 2.75
718 9 18 2
200888 1 1 1
100187 8 56 7
545 9 13 1.44444
175 11 21 1.90909
568 6 21 3.5
300238 11 10 0.909091
865 1 1 1
200932 9 20 2.22222
101155 3 3 1
200168 1 1 1
100205 9 11 1.22222
100177 8 30 3.75
200900 2 2 1
100998 4 4 1
201275 6 6 1
200865 9 10 1.11111
201271 1 1 1
101207 4 4 1
201499 8 18 2.25
200907 9 23 2.55556
101299 12 42 3.5
200368 12 13 1.08333
100579 8 8 1
200827 5 6 1.2
100414 6 12 2
100836 11 15 1.36364
200910 11 18 1.63636
201452 7 13 1.85714
100470 4 7 1.75
100565 11 18 1.63636
201490 1 1 1
201148 1 1 1
200046 16 18 1.125
100854 4 4 1
201393 1 1 1
100525 12 12 1
100621 9 9 1
100144 11 76 6.90909
100922 10 11 1.1
100867 4 5 1.25
100776 10 10 1
201553 9 15 1.66667
101375 8 13 1.625
101000 12 21 1.75
200580 4 5 1.25
201569 8 8 1
301505 2 4 2
201526 3 20 6.66667
301403 2 22 11
200411 11 11 1
200631 7 18 2.57143
300637 5 9 1.8
300746 12 19 1.58333
200020 10 10 1
200057 8 32 4
301464 8 10 1.25
536 9 22 2.44444
810 3 17 5.66667
1015 12 54 4.5
890 8 25 3.125
301150 2 2 1
648 13 36 2.76923
1085 3 6 2
200179 3 5 1.66667
301202 7 8 1.14286
583 3 11 3.66667
218 13 19 1.46154
301518 6 6 1
871 12 14 1.16667
610 13 46 3.53846
66 2 2 1
824 4 5 1.25
1487 8 11 1.375
591 3 5 1.66667
301524 3 3 1
873 1 1 1
300303 2 3 1.5
301181 11 24 2.18182
300336 13 35 2.69231
539 5 5 1
300578 2 2 1
1114 1 1 1
100768 9 22 2.44444
301415 3 3 1
596 2 2 1
947 3 39 13
450 3 16 5.33333
100728 2 5 2.5
97 12 47 3.91667
604 1 1 1
100296 14 62 4.42857
100760 5 5 1
892 2 2 1
300677 1 1 1
521 3 4 1.33333
200931 12 31 2.58333
1004 9 22 2.44444
408 2 2 1
101408 6 6 1
431 1 1 1
929 3 15 5
200714 5 6 1.2
201441 9 27 3
87 17 25 1.47059
101119 1 1 1
201074 1 1 1
100426 1 1 1
100782 12 36 3
101352 1 1 1
76 14 38 2.71429
619 2 3 1.5
101099 13 25 1.92308
201449 4 13 3.25
201066 7 26 3.71429
101102 2 3 1.5
101511 1 1 1
101333 8 23 2.875
100332 13 29 2.23077
201519 6 8 1.33333
101380 3 36 12
100136 1 1 1
200012 21 35 1.66667
100389 7 7 1
201131 7 20 2.85714
200795 1 1 1
201196 8 19 2.375
201383 1 1 1
200909 15 71 4.73333
100343 2 6 3
200798 1 1 1
101305 1 1 1
101406 9 26 2.88889
201400 7 40 5.71429
301369 9 12 1.33333
301454 9 13 1.44444
200015 25 31 1.24
301401 9 9 1
300569 9 32 3.55556
300381 12 17 1.41667
200423 1 1 1
300682 11 29 2.63636
301261 13 17 1.30769
300931 7 7 1
300159 8 12 1.5
1127 3 6 2
301417 6 6 1
300231 3 5 1.66667
300307 3 4 1.33333
911 4 9 2.25
300934 2 2 1
1360 6 38 6.33333
624 11 20 1.81818
63 5 10 2
300403 1 1 1
300372 4 9 2.25
300688 1 1 1
301284 3 8 2.66667
300030 36 170 4.72222
300681 11 27 2.45455
300397 5 32 6.4
300007 14 19 1.35714
968 8 21 2.625
300175 7 41 5.85714
140 4 4 1
100431 2 2 1
666 2 2 1
301157 4 5 1.25
100493 8 20 2.5
300957 12 22 1.83333
301398 9 9 1
301352 1 1 1
301423 3 3 1
28 30 32 1.06667
301495 11 13 1.18182
908 3 6 2
300495 8 8 1
646 5 8 1.6
100099 14 74 5.28571
747 10 10 1
100539 7 8 1.14286
633 3 5 1.66667
100735 11 19 1.72727
300796 9 10 1.11111
1446 9 9 1
101440 7 7 1
100252 7 18 2.57143
100451 5 9 1.8
1181 5 5 1
582 1 1 1
926 13 51 3.92308
101383 6 18 3
698 3 3 1
201355 10 11 1.1
588 7 15 2.14286
100124 5 13 2.6
201287 9 11 1.22222
100307 11 12 1.09091
100819 14 61 4.35714
200 9 28 3.11111
200274 1 1 1
201343 1 1 1
200204 4 11 2.75
200728 7 7 1
100401 13 17 1.30769
101135 2 50 25
101434 5 11 2.2
200006 100 141 1.41
201182 7 7 1
100795 3 5 1.66667
200740 1 1 1
100255 2 3 1.5
101255 9 25 2.77778
100707 1 1 1
100699 7 7 1
201038 3 3 1
101055 2 2 1
301217 3 3 1
200872 7 7 1
100245 9 33 3.66667
201357 10 21 2.1
201447 1 1 1
100127 6 10 1.66667
201163 12 39 3.25
201092 12 34 2.83333
201602 5 7 1.4
200871 13 25 1.92308
200266 13 14 1.07692
201052 11 12 1.09091
101363 1 1 1
101090 7 20 2.85714
201513 2 8 4
200587 2 9 4.5
101504 4 4 1
200197 6 30 5
300992 9 12 1.33333
201218 14 27 1.92857
101371 9 13 1.44444
1321 8 39 4.875
301073 1 1 1
201554 9 14 1.55556
1299 2 4 2
300865 5 32 6.4
301223 1 1 1
1269 11 18 1.63636
1331 1 1 1
301355 1 1 1
300476 4 4 1
300135 5 5 1
438 8 8 1
215 1 1 1
300005 217 233 1.07373
798 14 20 1.42857
1141 3 3 1
80 11 11 1
946 9 9 1
959 6 6 1
136 1 1 1
1383 5 5 1
802 13 13 1
301032 4 12 3
300149 6 8 1.33333
557 1 1 1
837 2 2 1
815 11 19 1.72727
497 12 19 1.58333
1407 4 4 1
494 6 8 1.33333
154 5 7 1.4
100860 2 4 2
350 6 24 4
300343 3 3 1
300512 6 16 2.66667
791 13 13 1
100357 5 17 3.4
100848 15 55 3.66667
209 5 10 2
200171 1 1 1
100639 9 16 1.77778
300458 6 6 1
300804 11 16 1.45455
1390 2 2 1
1286 1 1 1
686 14 60 4.28571
200097 9 19 2.11111
979 11 44 4
1502 5 8 1.6
100508 8 8 1
300289 6 8 1.33333
820 1 1 1
300227 8 9 1.125
201178 12 26 2.16667
200957 3 23 7.66667
100598 6 6 1
101221 8 31 3.875
100652 4 4 1
932 8 24 3
201018 13 13 1
201021 10 19 1.9
100351 1 1 1
100869 10 10 1
101339 5 6 1.2
200770 7 16 2.28571
101402 9 14 1.55556
201309 13 50 3.84615
201575 7 10 1.42857
200071 1 1 1
201506 6 19 3.16667
100339 5 5 1
101277 13 32 2.46154
100771 2 4 2
100645 5 24 4.8
101357 8 20 2.5
100955 6 9 1.5
100423 6 9 1.5
101336 1 1 1
301252 1 1 1
101128 11 46 4.18182
100958 6 6 1
100501 11 11 1
101387 11 14 1.27273
101081 7 10 1.42857
100149 3 3 1
100237 9 18 2
101358 1 1 1
100994 11 66 6
201337 13 22 1.69231
200962 9 26 2.88889
200029 7 9 1.28571
301059 6 8 1.33333
300364 6 6 1
100927 9 9 1
300919 12 39 3.25
101308 9 20 2.22222
101332 5 7 1.4
101132 8 8 1
200288 4 7 1.75
301080 1 1 1
101067 1 1 1
301224 10 28 2.8
200738 1 1 1
101211 11 24 2.18182
200328 3 11 3.66667
200354 13 32 2.46154
200453 4 4 1
300294 5 14 2.8
300997 9 14 1.55556
300751 2 2 1
701 1 1 1
301271 10 18 1.8
300757 12 14 1.16667
300130 4 31 7.75
301469 1 1 1
300329 10 30 3
300584 5 5 1
301245 2 9 4.5
301387 2 2 1
487 4 14 3.5
942 10 21 2.1
292 8 44 5.5
300789 12 26 2.16667
300220 16 42 2.625
860 13 15 1.15385
904 14 43 3.07143
301139 1 1 1
127 13 32 2.46154
301437 8 10 1.25
300247 1 1 1
385 5 7 1.4
457 3 20 6.66667
1221 11 48 4.36364
695 10 18 1.8
300377 11 15 1.36364
300845 1 1 1
301066 2 10 5
301013 8 9 1.125
100589 4 7 1.75
300903 8 27 3.375
551 7 16 2.28571
300989 1 1 1
300240 6 6 1
425 1 1 1
236 12 23 1.91667
231 1 1 1
300235 5 5 1
300096 10 10 1
101538 3 3 1
100257 5 5 1
200861 12 19 1.58333
101224 1 1 1
679 10 10 1
300051 2 4 2
977 10 38 3.8
413 5 5 1
421 3 5 1.66667
894 9 23 2.55556
100481 3 3 1
493 4 4 1
266 2 2 1
100324 8 24 3
846 12 31 2.58333
201387 5 5 1
440 9 9 1
322 13 55 4.23077
200255 7 36 5.14286
558 1 1 1
100198 4 4 1
201282 10 15 1.5
100113 2 15 7.5
100277 2 5 2.5
201548 6 11 1.83333
200998 5 6 1.2
100824 7 15 2.14286
100385 4 11 2.75
201476 9 16 1.77778
100123 12 23 1.91667
200583 10 19 1.9
100308 6 19 3.16667
200835 1 1 1
200518 9 9 1
200710 1 1 1
201485 1 1 1
200294 6 13 2.16667
201425 1 1 1
200196 10 10 1
200916 5 18 3.6
201597 10 10 1
201301 2 3 1.5
100282 10 29 2.9
100173 4 10 2.5
200405 10 28 2.8
301259 13 48 3.69231
200429 2 2 1
100715 13 13 1
201104 1 1 1
101294 2 13 6.5
200992 4 4 1
200824 11 19 1.72727
101037 11 25 2.27273
101147 2 4 2
101307 3 39 13
301175 1 1 1
300917 2 2 1
300574 5 27 5.4
300773 7 20 2.85714
200224 4 5 1.25
300873 8 9 1.125
201561 4 4 1
300985 2 23 11.5
1470 7 14 2
300284 14 20 1.42857
764 14 25 1.78571
300841 3 63 21
300258 2 2 1
1262 7 25 3.57143
300939 1 1 1
631 7 7 1
1023 11 12 1.09091
300339 6 10 1.66667
1202 1 1 1
300108 11 12 1.09091
300883 7 7 1
599 5 5 1
1198 11 15 1.36364
300582 1 1 1
300742 11 30 2.72727
1335 10 13 1.3
500 10 44 4.4
300995 11 12 1.09091
896 4 33 8.25
300535 1 1 1
301446 6 6 1
927 3 5 1.66667
781 12 15 1.25
928 6 12 2
100528 8 8 1
210 2 3 1.5
960 14 45 3.21429
100462 7 7 1
735 1 1 1
301389 11 18 1.63636
300697 13 24 1.84615
816 11 11 1
300585 1 1 1
201094 9 41 4.55556
855 6 6 1
572 5 7 1.4
509 12 45 3.75
200831 3 11 3.66667
318 13 54 4.15385
201146 1 1 1
201090 2 8 4
448 4 4 1
100792 1 1 1
1154 11 18 1.63636
132 11 11 1
100185 11 11 1
201210 9 9 1
201589 12 18 1.5
201140 12 36 3
100545 10 28 2.8
201533 1 1 1
577 11 27 2.45455
101153 4 25 6.25
201128 3 3 1
101503 6 6 1
200759 4 13 3.25
100570 4 38 9.5
101458 5 10 2
200653 5 28 5.6
201160 8 20 2.5
4 160 288 1.8
200160 1 1 1
201269 5 23 4.6
100433 2 15 7.5
100580 7 7 1
200733 2 2 1
201192 6 14 2.33333
200685 10 10 1
200947 2 2 1
100577 6 6 1
201154 1 1 1
100843 1 1 1
100407 4 8 2
101227 6 8 1.33333
201027 12 19 1.58333
100221 12 14 1.16667
100616 4 4 1
200814 9 21 2.33333
200667 12 30 2.5
201384 3 3 1
100162 13 65 5
100315 11 14 1.27273
201272 9 18 2
100009 42 55 1.30952
101298 10 11 1.1
201455 1 1 1
301111 3 9 3
101494 3 6 2
200061 2 5 2.5
201550 2 2 1
201405 1 1 1
301253 4 45 11.25
201288 1 1 1
300407 7 13 1.85714
1371 2 4 2
300510 7 7 1
1481 3 4 1.33333
1379 12 29 2.41667
300823 10 10 1
1484 4 4 1
200605 9 11 1.22222
200658 7 12 1.71429
300867 10 15 1.5
1307 5 36 7.2
300013 146 197 1.34932
300529 4 5 1.25
300891 10 10 1
877 10 23 2.3
300276 1 1 1
300492 11 39 3.54545
632 12 29 2.41667
1419 3 3 1
1440 6 6 1
200162 9 10 1.11111
200103 12 15 1.25
1025 1 1 1
888 7 9 1.28571
1445 7 7 1
301402 5 11 2.2
300022 36 52 1.44444
115 11 29 2.63636
100594 11 13 1.18182
339 3 3 1
100033 37 93 2.51351
300790 1 1 1
300040 9 22 2.44444
100520 10 19 1.9
101515 7 9 1.28571
100093 6 28 4.66667
100445 10 10 1
1491 11 21 1.90909
1218 10 53 5.3
300465 8 30 3.75
1398 1 1 1
1421 6 22 3.66667
891 11 14 1.27273
200127 9 22 2.44444
100441 3 3 1
201183 9 16 1.77778
1106 2 2 1
1277 5 5 1
101199 1 1 1
197 8 47 5.875
1184 10 31 3.1
200929 8 18 2.25
100321 13 14 1.07692
200981 1 1 1
100459 1 1 1
200532 5 5 1
100973 11 11 1
200093 4 4 1
200109 2 5 2.5
101117 9 11 1.22222
201604 8 8 1
100424 7 9 1.28571
100274 10 29 2.9
200775 10 23 2.3
200757 1 1 1
201541 2 4 2
201279 2 7 3.5
201296 11 21 1.90909
201126 8 16 2
101045 11 41 3.72727
101368 7 7 1
200394 12 13 1.08333
101160 13 44 3.38462
100785 10 21 2.1
101303 5 46 9.2
100951 5 14 2.8
200990 3 3 1
101150 9 39 4.33333
101159 6 6 1
200308 12 37 3.08333
200793 12 32 2.66667
201315 3 3 1
300353 7 8 1.14286
101516 6 6 1
101428 11 26 2.36364
301127 2 2 1
301178 1 1 1
201483 10 24 2.4
200676 3 10 3.33333
300743 1 1 1
301503 2 2 1
200703 5 9 1.8
301376 2 2 1
301418 1 1 1
200010 12 15 1.25
300795 1 1 1
200493 10 18 1.8
301238 5 5 1
301033 12 26 2.16667
200475 7 14 2
300429 1 1 1
996 2 2 1
300489 4 4 1
845 7 8 1.14286
300990 4 4 1
120 1 1 1
909 9 15 1.66667
300219 12 12 1
300237 14 18 1.28571
543 1 1 1
301383 8 14 1.75
192 4 21 5.25
639 7 7 1
305 14 20 1.42857
957 3 7 2.33333
301130 5 42 8.4
275 1 1 1
300718 11 11 1
786 7 21 3
300263 15 47 3.13333
300665 8 13 1.625
200147 13 31 2.38462
300173 2 7 3.5
100448 10 44 4.4
656 7 31 4.42857
300785 8 23 2.875
1457 7 7 1
589 6 8 1.33333
300777 12 40 3.33333
100075 15 15 1
1393 1 1 1
123 14 18 1.28571
1499 2 2 1
92 4 34 8.5
483 7 20 2.85714
938 6 13 2.16667
201188 11 24 2.18182
200078 11 50 4.54545
300265 2 4 2
611 6 11 1.83333
100767 9 9 1
271 15 37 2.46667
311 8 17 2.125
100679 12 52 4.33333
100566 7 11 1.57143
100500 5 19 3.8
201138 11 40 3.63636
298 4 4 1
200848 10 13 1.3
415 11 21 1.90909
200066 2 7 3.5
301 3 5 1.66667
201072 11 11 1
56 1 1 1
200961 1 1 1
100628 8 10 1.25
201040 5 5 1
38 18 17 0.944444
100548 8 8 1
200383 10 11 1.1
200400 5 5 1
101420 4 4 1
200513 12 56 4.66667
101476 1 1 1
101253 3 3 1
201015 11 32 2.90909
200457 3 4 1.33333
201527 1 1 1
201081 9 15 1.66667
201174 10 10 1
200198 2 6 3
100327 7 10 1.42857
101127 10 11 1.1
200847 2 3 1.5
301441 2 5 2.5
200504 1 1 1
200988 4 6 1.5
200582 1 1 1
200490 6 7 1.16667
200557 12 69 5.75
300507 1 1 1
301382 10 25 2.5
300275 8 8 1
301438 5 6 1.2
301334 10 41 4.1
200433 4 9 2.25
301451 6 6 1
300863 12 12 1
301141 7 9 1.28571
300163 4 4 1
300781 3 5 1.66667
300201 1 1 1
972 6 11 1.83333
300722 3 4 1.33333
300283 6 8 1.33333
805 5 9 1.8
301353 7 39 5.57143
301430 10 19 1.9
763 14 27 1.92857
1003 3 3 1
300733 2 3 1.5
301014 2 2 1
585 3 7 2.33333
301309 11 29 2.63636
300621 1 1 1
473 9 16 1.77778
100066 19 45 2.36842
300076 4 18 4.5
300315 7 7 1
301412 6 6 1
100089 9 14 1.55556
944 2 2 1
301455 9 20 2.22222
1410 7 12 1.71429
300072 9 11 1.22222
863 14 50 3.57143
1437 4 4 1
637 1 1 1
300427 7 7 1
708 12 41 3.41667
300224 8 8 1
300216 6 6 1
300596 10 10 1
300418 9 9 1
300525 10 17 1.7
300123 10 22 2.2
100859 6 6 1
301005 1 1 1
300869 1 1 1
100391 5 9 1.8
100549 8 8 1
1162 1 1 1
243 5 11 2.2
987 2 2 1
1197 3 9 3
990 4 25 6.25
627 1 1 1
1050 10 24 2.4
300311 11 11 1
101535 2 2 1
100061 6 21 3.5
100004 103 159 1.54369
100810 4 4 1
101041 1 1 1
812 3 4 1.33333
100784 1 1 1
100873 10 10 1
102 15 33 2.2
9 12 21 1.75
100196 9 12 1.33333
101337 13 13 1
201179 5 5 1
100694 13 21 1.61538
100362 5 15 3
101354 2 2 1
200391 10 11 1.1
101270 7 41 5.85714
101272 13 46 3.53846
101335 8 17 2.125
200789 7 13 1.85714
200292 13 13 1
101382 6 7 1.16667
201361 8 31 3.875
100031 16 31 1.9375
301289 6 7 1.16667
200928 11 17 1.54545
201134 5 17 3.4
200816 5 5 1
101438 1 1 1
201539 5 11 2.2
300588 2 3 1.5
301490 7 11 1.57143
300704 4 104 26
300375 11 11 1
300499 9 15 1.66667
301448 8 9 1.125
1249 9 9 1
924 9 13 1.44444
300114 3 3 1
300848 1 1 1
1178 11 13 1.18182
300454 1 1 1
300059 24 30 1.25
1422 9 9 1
732 11 27 2.45455
617 11 19 1.72727
285 3 3 1
300386 9 20 2.22222
1069 2 5 2.5
300036 4 4 1
300430 9 9 1
300909 10 24 2.4
31 32 36 1.125
200083 3 7 2.33333
300881 11 14 1.27273
300762 7 11 1.57143
160 1 1 1
1086 1 1 1
125 13 21 1.61538
1278 13 31 2.38462
100746 4 29 7.25
301362 8 23 2.875
100456 1 1 1
1303 5 7 1.4
301338 4 4 1
917 10 10 1
200099 15 23 1.53333
100713 5 5 1
300223 10 12 1.2
200076 16 33 2.0625
101244 7 7 1
300609 3 3 1
402 6 11 1.83333
300959 9 15 1.66667
841 7 14 2
201132 2 3 1.5
300766 1 1 1
37 12 12 1
100671 8 26 3.25
100398 3 23 7.66667
300174 12 12 1
100311 1 1 1
200896 12 19 1.58333
100743 12 17 1.41667
988 11 30 2.72727
200191 8 17 2.125
201009 2 44 22
464 3 3 1
100420 1 1 1
200298 13 38 2.92308
100956 6 32 5.33333
101364 5 23 4.6
357 6 7 1.16667
200271 11 21 1.90909
201385 10 14 1.4
200365 1 1 1
201565 5 5 1
200277 14 38 2.71429
100465 9 9 1
200221 5 5 1
200173 12 14 1.16667
200304 1 1 1
200025 14 19 1.35714
200566 8 31 3.875
201120 10 11 1.1
100852 7 10 1.42857
201096 7 9 1.28571
200285 6 12 2
100846 13 37 2.84615
101532 5 5 1
200399 9 24 2.66667
201326 3 3 1
200689 8 10 1.25
101225 5 20 4
100300 2 2 1
100288 11 13 1.18182
101343 12 30 2.5
200905 5 5 1
101328 6 6 1
200299 6 12 2
201534 2 8 4
201558 2 8 4
200023 15 21 1.4
101373 11 34 3.09091
201215 5 5 1
100318 6 6 1
301513 9 9 1
101142 2 2 1
301351 1 1 1
200310 1 1 1
200313 8 23 2.875
301507 8 11 1.375
301280 1 1 1
301197 3 8 2.66667
101313 11 12 1.09091
200290 4 16 4
301508 10 11 1.1
1404 1 1 1
696 11 11 1
300701 5 25 5
1052 6 6 1
1124 11 28 2.54545
513 7 8 1.14286
300198 7 7 1
301212 6 18 3
300478 1 1 1
1260 3 11 3.66667
300894 8 28 3.5
1452 6 8 1.33333
300132 3 5 1.66667
300983 12 32 2.66667
642 11 19 1.72727
1362 6 12 2
300602 1 1 1
301467 1 1 1
301006 10 11 1.1
300371 3 3 1
1368 11 11 1
1033 3 14 4.66667
300668 7 9 1.28571
300025 6 9 1.5
265 10 31 3.1
300445 5 6 1.2
300847 1 1 1
301485 4 4 1
1174 7 28 4
32 29 38 1.31034
149 11 12 1.09091
290 14 26 1.85714
300301 1 1 1
256 8 26 3.25
395 3 3 1
100410 7 9 1.28571
1133 13 18 1.38462
300442 3 8 2.66667
60 21 46 2.19048
100485 5 8 1.6
116 1 1 1
100783 10 23 2.3
172 1 1 1
201088 3 3 1
200776 11 11 1
200858 14 22 1.57143
101190 9 10 1.11111
100704 4 4 1
46 23 33 1.43478
100966 5 32 6.4
100291 4 8 2
201208 7 41 5.85714
469 9 43 4.77778
100048 19 23 1.21053
101216 9 53 5.88889
201107 3 5 1.66667
101105 13 18 1.38462
190 6 10 1.66667
200386 5 5 1
200995 10 12 1.2
100687 6 7 1.16667
200964 6 16 2.66667
101242 8 50 6.25
201231 12 28 2.33333
100719 2 2 1
100820 4 6 1.5
100180 2 3 1.5
100791 4 18 4.5
201347 7 17 2.42857
100013 28 47 1.67857
100438 2 2 1
100562 7 25 3.57143
100473 7 8 1.14286
201419 11 28 2.54545
200730 9 9 1
200640 8 8 1
200262 11 22 2
101170 8 11 1.375
200765 10 10 1
100405 13 79 6.07692
200491 12 56 4.66667
101454 11 20 1.81818
200975 8 11 1.375
201324 5 5 1
100293 9 12 1.33333
200268 13 33 2.53846
301292 15 35 2.33333
200884 3 7 2.33333
200806 11 13 1.18182
100939 5 29 5.8
200842 8 9 1.125
200276 12 36 3
301215 10 14 1.4
201410 2 9 4.5
200048 3 3 1
200649 5 26 5.2
201556 2 4 2
301493 10 11 1.1
200530 5 9 1.8
201516 3 3 1
101310 2 14 7
101334 4 7 1.75
201329 7 10 1.42857
300141 4 8 2
300400 4 4 1
300941 2 2 1
301504 13 19 1.46154
300560 13 41 3.15385
301290 4 7 1.75
300639 4 38 9.5
301520 8 8 1
300417 9 24 2.66667
301240 5 62 12.4
1302 4 4 1
703 1 1 1
300783 1 1 1
974 3 3 1
300090 12 14 1.16667
301471 2 2 1
300961 5 6 1.2
301121 4 22 5.5
1170 4 19 4.75
301296 6 6 1
366 13 62 4.76923
300698 1 1 1
300243 8 21 2.625
807 7 25 3.57143
1138 5 10 2
567 10 34 3.4
1365 4 32 8
1414 2 3 1.5
1217 13 20 1.53846
1254 10 14 1.4
300202 11 11 1
1156 9 21 2.33333
527 11 24 2.18182
228 4 10 2.5
647 6 6 1
728 12 38 3.16667
676 3 9 3
200065 4 6 1.5
301394 6 8 1.33333
300053 19 48 2.52632
826 1 1 1
100246 4 9 2.25
1427 4 5 1.25
801 2 2 1
100439 10 14 1.4
100152 3 17 5.66667
532 8 23 2.875
101462 8 10 1.25
100816 2 4 2
1416 5 5 1
100815 5 53 10.6
200951 1 1 1
27 23 46 2
100733 7 9 1.28571
168 9 33 3.66667
101257 8 8 1
201491 1 1 1
101450 8 12 1.5
200200 6 19 3.16667
200226 7 8 1.14286
101258 2 44 22
101020 1 1 1
100047 10 10 1
201388 11 11 1
201098 4 4 1
200561 1 1 1
100145 7 8 1.14286
201317 12 18 1.5
200505 1 1 1
200444 4 8 2
101275 4 55 13.75
100492 12 16 1.33333
101027 1 1 1
200372 5 5 1
201420 5 5 1
200569 7 9 1.28571
200692 1 1 1
201277 6 6 1
201180 5 27 5.4
101013 8 8 1
100214 5 5 1
100261 8 8 1
201254 4 4 1
100192 7 36 5.14286
101293 4 17 4.25
100678 3 4 1.33333
200359 3 7 2.33333
301262 5 13 2.6
101285 5 5 1
200985 14 26 1.85714
201115 7 11 1.57143
101101 9 15 1.66667
200923 3 4 1.33333
200336 10 10 1
101271 2 12 6
101311 12 17 1.41667
200609 3 10 3.33333
200264 5 7 1.4
200419 7 8 1.14286
201478 2 2 1
100925 14 50 3.57143
201448 10 10 1
300734 13 41 3.15385
300986 10 18 1.8
300649 1 1 1
300962 2 2 1
1409 8 16 2
300603 8 10 1.25
300424 1 1 1
300749 2 3 1.5
300853 5 17 3.4
300120 2 3 1.5
300449 6 8 1.33333
300103 9 9 1
148 5 6 1.2
749 13 13 1
300767 14 14 1
300110 7 10 1.42857
301055 11 30 2.72727
300771 2 2 1
100568 8 9 1.125
1517 5 5 1
300737 4 4 1
196 2 25 12.5
300460 8 25 3.125
1293 7 16 2.28571
301128 5 49 9.8
300168 9 14 1.55556
200158 12 16 1.33333
1351 5 16 3.2
55 26 87 3.34615
200121 1 1 1
1493 3 3 1
100503 2 2 1
300716 9 9 1
1434 1 1 1
300453 3 5 1.66667
100787 8 19 2.375
300927 8 13 1.625
100756 9 26 2.88889
300673 12 29 2.41667
84 19 22 1.15789
100504 4 6 1.5
930 7 17 2.42857
300817 7 16 2.28571
1204 3 7 2.33333
300191 8 8 1
300501 8 9 1.125
300131 9 16 1.77778
101396 1 1 1
668 1 1 1
300629 10 10 1
1425 6 13 2.16667
300064 4 5 1.25
100770 2 2 1
753 3 3 1
750 7 26 3.71429
724 3 4 1.33333
300181 6 9 1.5
531 3 3 1
200183 7 9 1.28571
458 10 49 4.9
101009 6 6 1
101410 3 7 2.33333
603 10 13 1.3
201024 7 24 3.42857
65 21 41 1.95238
100897 9 9 1
200914 5 5 1
100172 7 8 1.14286
101418 7 8 1.14286
100531 1 1 1
101474 9 17 1.88889
101049 2 2 1
200111 5 25 5
100316 15 18 1.2
101424 12 30 2.5
101200 7 33 4.71429
201194 8 57 7.125
200889 11 11 1
201298 5 13 2.6
101411 8 8 1
100538 5 27 5.4
101483 2 6 3
200750 13 14 1.07692
101074 1 1 1
200769 5 13 2.6
100965 8 25 3.125
200713 1 1 1
200305 5 9 1.8
200249 16 23 1.4375
100999 4 24 6
301241 5 6 1.2
300355 1 1 1
101321 10 13 1.3
1105 10 10 1
200436 6 6 1
301173 4 29 7.25
301082 5 24 4.8
300572 2 5 2.5
300049 7 8 1.14286
301166 11 30 2.72727
301364 3 4 1.33333
300497 8 8 1
556 2 23 11.5
1234 1 1 1
692 5 5 1
1486 2 2 1
300618 11 15 1.36364
300035 14 14 1
73 3 3 1
300188 4 4 1
397 11 11 1
200143 9 11 1.22222
515 2 2 1
300391 7 26 3.71429
301145 7 7 1
301482 7 7 1
300310 14 81 5.78571
682 13 39 3
300579 11 20 1.81818
300494 1 1 1
301090 6 6 1
300543 9 11 1.22222
300067 19 24 1.26316
685 12 18 1.5
858 6 6 1
300690 5 24 4.8
1018 7 16 2.28571
300146 11 15 1.36364
301453 2 2 1
1381 11 11 1
300422 1 1 1
301434 9 11 1.22222
300779 5 7 1.4
300207 4 20 5
301410 8 11 1.375
100247 6 6 1
100287 4 6 1.5
301037 9 31 3.44444
300062 1 1 1
100830 10 16 1.6
100160 1 1 1
200177 5 5 1
100018 18 32 1.77778
1000 8 18 2.25
330 6 15 2.5
200140 1 1 1
985 7 23 3.28571
59 7 28 4
1066 1 1 1
100229 3 3 1
100269 7 42 6
200912 3 9 3
166 11 22 2
100510 5 5 1
201426 1 1 1
100838 1 1 1
100383 11 11 1
100053 7 7 1
100077 6 29 4.83333
100353 4 4 1
101030 9 25 2.77778
201579 3 5 1.66667
100975 3 4 1.33333
201033 14 41 2.92857
101349 2 6 3
101091 6 22 3.66667
101230 1 1 1
200001 45 39 0.866667
200545 4 4 1
200449 7 25 3.57143
100280 11 11 1
201209 9 31 3.44444
301122 7 24 3.42857
101016 1 1 1
101104 10 11 1.1
301360 5 13 2.6
200055 5 13 2.6
201166 10 10 1
200560 8 59 7.375
200723 10 21 2.1
200840 2 11 5.5
301325 6 6 1
200503 9 15 1.66667
201307 4 4 1
301045 13 65 5
300764 10 14 1.4
301062 1 1 1
300721 14 34 2.42857
1489 9 16 1.77778
200629 12 13 1.08333
300632 8 8 1
774 5 5 1
736 3 10 3.33333
300113 12 12 1
300054 12 44 3.66667
301326 6 6 1
300081 7 7 1
301303 13 21 1.61538
301433 8 8 1
300956 3 15 5
1195 11 11 1
1021 1 1 1
1240 12 24 2
1355 2 8 4
1200 3 12 4
300810 6 18 3
301056 4 23 5.75
725 5 24 4.8
282 1 1 1
227 7 20 2.85714
1505 1 1 1
301409 6 6 1
157 1 1 1
1076 2 2 1
300802 14 20 1.42857
300600 13 51 3.92308
355 11 11 1
300643 2 2 1
100827 7 31 4.42857
144 13 49 3.76923
1123 9 9 1
100676 5 12 2.4
100684 12 32 2.66667
337 13 13 1
1270 4 4 1
300160 8 25 3.125
100272 4 5 1.25
100460 4 4 1
100543 7 7 1
100683 3 4 1.33333
101243 6 38 6.33333
7 103 160 1.5534
176 10 17 1.7
100576 5 6 1.2
300099 15 22 1.46667
131 1 1 1
212 9 24 2.66667
300435 4 4 1
300806 3 3 1
200829 1 1 1
201407 12 32 2.66667
101134 6 23 3.83333
100178 6 36 6
101214 9 26 2.88889
822 6 15 2.5
200869 8 28 3.5
200979 9 12 1.33333
101455 9 15 1.66667
100863 6 6 1
200917 12 44 3.66667
200393 7 22 3.14286
101477 5 6 1.2
201109 10 13 1.3
101290 7 25 3.57143
100251 13 15 1.15385
200216 3 5 1.66667
100685 9 17 1.88889
101379 1 1 1
200959 6 11 1.83333
200443 10 21 2.1
201380 2 6 3
200247 10 10 1
100929 4 11 2.75
100209 4 7 1.75
201475 9 10 1.11111
200572 13 82 6.30769
200679 7 24 3.42857
100647 4 4 1
100233 16 46 2.875
100444 6 32 5.33333
201245 2 2 1
200892 8 26 3.25
200402 7 8 1.14286
200349 2 3 1.5
100919 5 7 1.4
200397 4 20 5
200812 13 25 1.92308
201372 8 8 1
201318 6 10 1.66667
200657 1 1 1
301268 7 7 1
201190 12 13 1.08333
200601 3 21 7
101523 7 7 1
201069 13 20 1.53846
201259 10 10 1
101296 8 8 1
301109 3 7 2.33333
200338 9 16 1.77778
301244 6 6 1
101039 8 8 1
200673 10 16 1.6
200202 9 8 0.888889
200282 1 1 1
300433 11 21 1.90909
200626 2 31 15.5
300858 2 3 1.5
300671 1 1 1
200551 10 32 3.2
1403 8 13 1.625
1026 5 35 7
1513 7 8 1.14286
1377 2 2 1
1411 6 12 2
301102 4 4 1
352 1 1 1
301001 9 9 1
579 2 2 1
870 7 21 3
301065 1 1 1
1131 2 2 1
100045 5 8 1.6
262 11 34 3.09091
300187 10 18 1.8
300889 4 6 1.5
300977 10 16 1.6
301185 13 31 2.38462
510 6 9 1.5
1161 10 10 1
300892 1 1 1
314 1 1 1
301462 7 12 1.71429
300251 12 16 1.33333
300981 5 42 8.4
300139 1 1 1
575 10 14 1.4
135 8 26 3.25
884 9 21 2.33333
300978 11 11 1
301465 10 10 1
1044 2 8 4
347 8 8 1
207 7 7 1
1225 11 11 1
1007 7 18 2.57143
1080 11 20 1.81818
1511 1 1 1
792 5 17 3.4
710 3 3 1
100591 5 5 1
300455 4 14 3.5
300598 13 40 3.07692
201046 4 53 13.25
1172 12 13 1.08333
100845 9 18 2
101470 5 7 1.4
621 5 21 4.2
374 5 6 1.2
200107 3 3 1
185 12 12 1
100001 681 736 1.08076
100225 4 5 1.25
100371 12 12 1
201593 3 4 1.33333
383 9 20 2.22222
200863 9 9 1
463 1 1 1
201151 2 34 17
200463 3 3 1
101249 12 12 1
101480 4 6 1.5
100302 1 1 1
200977 9 20 2.22222
101331 14 16 1.14286
200993 11 11 1
100826 1 1 1
201341 4 4 1
200820 4 11 2.75
101240 1 1 1
201582 3 6 2
100849 1 1 1
100809 10 23 2.3
200836 7 10 1.42857
101234 8 32 4
200876 1 1 1
101274 11 23 2.09091
201124 2 2 1
100812 1 1 1
100697 13 27 2.07692
201294 6 7 1.16667
200970 7 20 2.85714
201087 9 9 1
200408 6 24 4
101367 5 6 1.2
101446 4 16 4
200302 3 5 1.66667
301210 2 5 2.5
201607 1 1 1
201235 6 19 3.16667
200192 3 3 1
301333 10 46 4.6
201576 3 9 3
200307 1 1 1
201408 1 1 1
301346 8 21 2.625
200316 6 6 1
301019 8 28 3.5
301461 1 1 1
201216 9 15 1.66667
301501 12 19 1.58333
300111 10 35 3.5
902 4 61 15.25
200039 22 32 1.45455
300244 2 14 7
971 8 13 1.625
301478 7 13 1.85714
300057 1 1 1
1475 5 6 1.2
301356 11 11 1
263 11 14 1.27273
300521 10 10 1
301525 9 9 1
303 13 13 1
301155 5 6 1.2
1300 1 1 1
301264 6 33 5.5
1006 6 7 1.16667
669 4 5 1.25
75 8 33 4.125
300018 45 49 1.08889
300483 4 15 3.75
1094 8 8 1
1394 7 14 2
300038 9 9 1
1252 3 3 1
460 6 23 3.83333
162 9 17 1.88889
300513 4 27 6.75
893 6 6 1
200145 1 1 1
101219 6 6 1
300745 14 19 1.35714
101188 6 8 1.33333
1233 9 15 1.66667
100458 4 7 1.75
369 9 16 1.77778
1273 12 38 3.16667
1497 14 26 1.85714
481 6 13 2.16667
843 6 66 11
100036 31 89 2.87097
200944 12 13 1.08333
340 7 7 1
201195 4 4 1
100129 3 15 5
200210 9 10 1.11111
134 4 4 1
309 13 73 5.61538
101197 1 1 1
200194 1 1 1
201489 11 11 1
200414 8 8 1
100042 9 17 1.88889
100993 10 12 1.2
200887 1 1 1
201226 13 57 4.38462
100901 6 22 3.66667
201412 1 1 1
200607 9 9 1
200279 13 13 1
100467 12 65 5.41667
200335 7 25 3.57143
100657 14 27 1.92857
200467 9 28 3.11111
100496 10 15 1.5
200687 11 14 1.27273
100153 1 1 1
201122 4 4 1
200610 10 12 1.2
200287 8 10 1.25
200623 7 17 2.42857
101306 13 16 1.23077
100734 5 75 15
200860 13 15 1.15385
200894 2 2 1
201525 11 30 2.72727
201110 4 7 1.75
300404 12 43 3.58333
201249 13 19 1.46154
101021 1 1 1
200898 3 4 1.33333
300925 3 37 12.3333
300840 10 10 1
201233 14 46 3.28571
1352 12 23 1.91667
300753 9 9 1
200617 9 14 1.55556
200034 9 10 1.11111
300893 11 27 2.45455
300798 11 41 3.72727
300505 2 2 1
1441 8 15 1.875
301138 9 11 1.22222
1189 7 47 6.71429
300559 8 16 2
1406 11 12 1.09091
300861 12 12 1
1483 7 11 1.57143
300953 1 1 1
659 1 1 1
112 1 1 1
524 2 46 23
301158 2 2 1
300166 7 14 2
1438 5 16 3.2
300660 7 7 1
1134 7 11 1.57143
300657 11 31 2.81818
300101 4 8 2
184 3 10 3.33333
879 7 32 4.57143
915 1 1 1
240 9 9 1
966 4 13 3.25
300389 6 6 1
300610 3 3 1
200155 12 47 3.91667
727 4 6 1.5
370 4 8 2
317 6 6 1
301169 10 22 2.2
592 8 15 1.875
742 4 5 1.25
300729 13 43 3.30769
100766 12 32 2.66667
100802 4 4 1
300082 16 30 1.875
300667 13 58 4.46154
1349 1 1 1
100081 12 14 1.16667
300707 11 14 1.27273
1469 10 13 1.3
414 8 20 2.5
200137 8 18 2.25
720 5 17 3.4
45 20 53 2.65
300027 38 52 1.36842
100117 3 4 1.33333
542 8 16 2
267 13 20 1.53846
975 6 6 1
200818 1 1 1
1128 2 6 3
300194 5 5 1
100206 10 14 1.4
517 7 7 1
101518 2 2 1
201071 12 24 2
101427 6 6 1
641 4 26 6.5
555 12 35 2.91667
101007 9 22 2.44444
779 2 3 1.5
101032 7 11 1.57143
100478 5 5 1
529 13 59 4.53846
100963 1 1 1
200853 3 47 15.6667
200119 8 11 1.375
143 6 7 1.16667
200984 12 12 1
101107 4 23 5.75
200878 3 10 3.33333
201256 5 12 2.4
200421 3 4 1.33333
101464 2 4 2
201065 1 1 1
101399 10 12 1.2
101025 11 14 1.27273
201348 10 32 3.2
200613 1 1 1
100475 8 8 1
201095 4 4 1
101035 12 12 1
101449 5 5 1
100135 8 18 2.25
301230 2 12 6
200780 3 6 2
201225 11 15 1.36364
301426 9 17 1.88889
200604 1 1 1
1357 7 34 4.85714
300519 4 4 1
200651 5 5 1
201376 2 6 3
200536 4 4 1
200654 1 1 1
200519 5 5 1
200377 5 9 1.8
301374 11 11 1
300761 8 8 1
301022 5 29 5.8
200425 1 1 1
1289 4 11 2.75
300204 3 9 3
138 12 22 1.83333
1348 2 5 2.5
35 38 101 2.65789
11 69 69 1
300419 3 3 1
1038 11 38 3.45455
179 5 5 1
301214 13 38 2.92308
300969 9 10 1.11111
300544 1 1 1
300446 2 2 1
300308 11 28 2.54545
552 6 8 1.33333
200081 8 46 5.75
300577 13 37 2.84615
300269 8 10 1.25
300541 2 32 16
449 1 1 1
301511 9 9 1
200153 10 30 3
499 1 1 1
1148 1 1 1
1413 10 36 3.6
1214 13 34 2.61538
100106 10 62 6.2
363 2 13 6.5
1177 4 8 2
216 4 11 2.75
100828 6 30 5
300156 10 10 1
101417 9 18 2
100348 4 6 1.5
300421 9 11 1.22222
151 9 19 2.11111
1040 2 2 1
5 34 46 1.35294
201123 11 53 4.81818
100408 3 3 1
300039 11 13 1.18182
100361 1 1 1
200864 8 41 5.125
100727 9 11 1.22222
91 24 51 2.125
201334 11 35 3.18182
101005 9 25 2.77778
201059 1 1 1
101392 7 8 1.14286
101095 4 8 2
100328 12 14 1.16667
201373 5 5 1
200517 1 1 1
200698 8 15 1.875
100142 4 7 1.75
100284 16 20 1.25
200637 1 1 1
200019 28 67 2.39286
201432 7 10 1.42857
100759 8 10 1.25
200549 11 12 1.09091
100831 6 21 3.5
101121 7 7 1
200711 12 53 4.41667
200563 1 1 1
201577 9 10 1.11111
200208 4 5 1.25
100977 11 18 1.63636
200446 6 6 1
101265 7 20 2.85714
301266 9 43 4.77778
200786 4 4 1
100702 12 20 1.66667
101232 1 1 1
200589 3 3 1
101077 7 28 4
101089 1 1 1
100128 12 54 4.5
100331 8 11 1.375
200670 9 26 2.88889
100991 6 17 2.83333
100642 1 1 1
200515 12 52 4.33333
200598 2 4 2
301086 4 5 1.25
101287 6 24 4
101262 7 37 5.28571
200533 8 13 1.625
301320 11 41 3.72727
200477 8 24 3
300687 10 11 1.1
200315 7 14 2
300615 11 27 2.45455
301117 3 21 7
200321 11 25 2.27273
301250 14 62 4.42857
526 8 8 1
461 1 1 1
606 12 33 2.75
200037 8 33 4.125
300624 3 3 1
301143 12 17 1.41667
301447 4 6 1.5
1081 1 1 1
300905 8 20 2.5
1009 10 19 1.9
1120 12 49 4.08333
300024 9 9 1
1210 3 3 1
301337 1 1 1
756 7 29 4.14286
300196 8 8 1
587 8 10 1.25
33 10 16 1.6
300043 1 1 1
200104 7 25 3.57143
1498 2 2 1
100064 13 39 3
1 181 202 1.11602
1111 5 15 3
225 2 2 1
301318 8 19 2.375
446 7 11 1.57143
300142 7 17 2.42857
502 12 17 1.41667
433 4 7 1.75
300884 2 2 1
300563 3 23 7.66667
300607 11 11 1
301328 10 12 1.2
100482 5 7 1.4
1121 9 10 1.11111
1062 6 6 1
100248 9 12 1.33333
1495 2 2 1
1429 6 23 3.83333
268 4 23 5.75
300333 4 5 1.25
300527 3 31 10.3333
100796 6 6 1
324 7 24 3.42857
300675 14 36 2.57143
100073 1 1 1
663 3 11 3.66667
109 6 14 2.33333
300230 4 6 1.5
1206 12 17 1.41667
762 12 15 1.25
1203 4 35 8.75
100778 13 16 1.23077
201158 10 16 1.6
200131 2 2 1
201006 10 34 3.4
201037 14 26 1.85714
100415 1 1 1
201574 3 4 1.33333
163 4 7 1.75
200785 12 18 1.5
139 8 20 2.5
201062 1 1 1
235 1 1 1
100195 14 28 2
204 1 1 1
100604 1 1 1
89 15 21 1.4
201149 5 6 1.2
100422 6 13 2.16667
200325 12 12 1
200749 9 18 2
201314 2 2 1
200300 5 5 1
100174 1 1 1
200602 7 7 1
200228 4 8 2
201528 3 19 6.33333
200306 6 18 3
100789 13 16 1.23077
101498 11 12 1.09091
100267 12 12 1
101531 2 2 1
200645 7 7 1
200571 10 19 1.9
100982 4 4 1
200891 6 10 1.66667
101003 7 8 1.14286
101390 9 26 2.88889
200791 5 7 1.4
200431 6 16 2.66667
201113 11 13 1.18182
201521 9 14 1.55556
101023 3 38 12.6667
201076 2 2 1
201440 15 62 4.13333
301039 10 18 1.8
301257 9 12 1.33333
200363 7 32 4.57143
201605 10 11 1.1
301243 4 42 10.5
300100 8 8 1
300975 8 14 1.75
301092 4 6 1.5
300922 5 5 1
300136 7 8 1.14286
300215 1 1 1
300009 53 73 1.37736
300723 11 36 3.27273
1107 5 5 1
1374 9 33 3.66667
200438 2 3 1.5
1146 14 30 2.14286
1237 11 37 3.36364
300613 2 2 1
649 6 6 1
672 4 4 1
1229 1 1 1
787 9 9 1
1191 11 33 3
219 3 25 8.33333
301216 13 15 1.15385
301363 3 13 4.33333
68 13 18 1.38462
1029 6 6 1
100079 6 14 2.33333
1317 9 20 2.22222
1175 1 1 1
247 7 18 2.57143
565 11 20 1.81818
300105 1 1 1
300715 4 10 2.5
200167 5 25 5
301348 5 38 7.6
1247 11 18 1.63636
300128 9 11 1.22222
343 14 18 1.28571
202 2 26 13
300325 10 16 1.6
301193 6 6 1
300249 4 15 3.75
273 12 32 2.66667
645 13 42 3.23077
100059 18 20 1.11111
300272 8 24 3
345 1 1 1
301196 11 23 2.09091
300825 5 11 2.2
301370 12 25 2.08333
1376 1 1 1
300126 1 1 1
100597 1 1 1
1201 9 46 5.11111
40 1 1 1
100428 13 58 4.46154
201171 8 9 1.125
101246 7 18 2.57143
200139 8 15 1.875
1002 12 12 1
200718 9 14 1.55556
77 25 35 1.4
200997 12 12 1
100821 1 1 1
100532 2 41 20.5
100120 1 1 1
100813 7 8 1.14286
201048 9 14 1.55556
410 3 3 1
201429 10 11 1.1
100985 7 16 2.28571
100698 9 40 4.44444
201608 6 8 1.33333
100164 1 1 1
466 9 11 1.22222
100952 11 25 2.27273
200936 11 12 1.09091
201515 3 5 1.66667
101342 9 27 3
201320 1 1 1
180 10 25 2.5
201175 10 10 1
201437 10 33 3.3
200880 9 28 3.11111
100050 14 31 2.21429
100866 10 10 1
201446 1 1 1
101082 3 5 1.66667
100312 1 1 1
200720 12 53 4.41667
201035 11 14 1.27273
201601 3 3 1
100156 15 58 3.86667
200870 1 1 1
200867 4 54 13.5
101010 6 7 1.16667
101202 1 1 1
201350 4 10 2.5
101362 1 1 1
200238 10 10 1
201538 7 7 1
200939 7 7 1
200318 1 1 1
201013 2 2 1
201252 2 3 1.5
200460 9 26 2.88889
101162 12 46 3.83333
100874 2 12 6
201085 1 1 1
201462 4 17 4.25
100962 13 17 1.30769
201286 1 1 1
200987 5 10 2
101467 3 6 2
200252 15 18 1.2
300595 4 23 5.75
200332 15 83 5.53333
300896 6 16 2.66667
100997 8 27 3.375
201270 1 1 1
300437 1 1 1
200643 2 2 1
300106 14 62 4.42857
1159 11 11 1
1112 7 23 3.28571
1192 7 7 1
1072 3 5 1.66667
945 9 17 1.88889
300213 11 14 1.27273
1047 9 13 1.44444
1256 13 37 2.84615
300368 4 6 1.5
534 12 23 1.91667
301248 9 50 5.55556
301519 11 11 1
570 10 35 3.5
200114 10 13 1.3
664 7 14 2
300252 15 28 1.86667
300684 3 3 1
480 9 9 1
301182 13 12 0.923077
105 16 17 1.0625
301341 13 19 1.46154
277 9 47 5.22222
159 7 47 6.71429
1163 9 35 3.88889
1447 6 17 2.83333
1259 7 7 1
1220 1 1 1
300506 2 8 4
1370 8 18 2.25
634 11 11 1
300119 6 13 2.16667
1185 11 11 1
382 6 12 2
300050 15 29 1.93333
1182 6 6 1
101217 7 7 1
300849 12 27 2.25
200169 5 13 2.6
1238 4 57 14.25
1330 9 18 2
100686 12 26 2.16667
200965 12 15 1.25
1343 5 22 4.4
300129 5 27 5.4
100181 2 5 2.5
377 8 15 1.875
200766 3 6 2
101413 8 8 1
286 12 12 1
224 9 9 1
201453 2 2 1
200729 9 28 3.11111
201241 10 10 1
100644 3 3 1
327 2 2 1
201456 10 30 3
200234 6 10 1.66667
200154 4 4 1
200706 7 8 1.14286
200323 7 7 1
200199 4 4 1
201261 13 55 4.23077
100203 5 30 6
200412 5 5 1
200525 7 7 1
200520 1 1 1
100858 3 3 1
200448 8 10 1.25
101268 11 23 2.09091
101001 6 10 1.66667
101520 11 13 1.18182
101519 7 7 1
100691 10 10 1
101239 1 1 1
101004 11 18 1.63636
100931 6 6 1
100665 11 46 4.18182
100392 6 17 2.83333
200725 14 32 2.28571
200694 3 3 1
200803 2 2 1
100194 1 1 1
201543 10 17 1.7
100329 15 16 1.06667
200852 11 24 2.18182
200700 11 45 4.09091
201020 10 14 1.4
200415 5 5 1
200270 5 5 1
200422 13 22 1.69231
200227 2 9 4.5
101154 2 7 3.5
301516 8 8 1
301222 8 22 2.75
101063 1 1 1
200484 8 14 1.75
301063 2 3 1.5
300724 13 27 2.07692
301101 3 13 4.33333
200535 11 24 2.18182
301470 1 1 1
301312 8 22 2.75
300652 10 11 1.1
301275 13 14 1.07692
300950 7 20 2.85714
300351 12 21 1.75
300480 5 5 1
1157 1 1 1
300075 16 16 1
301164 12 12 1
300485 4 4 1
498 2 12 6
650 8 11 1.375
301452 8 8 1
19 4 5 1.25
300994 1 1 1
547 11 19 1.72727
300534 3 5 1.66667
1433 12 28 2.33333
301342 12 20 1.66667
300491 7 13 1.85714
200149 15 56 3.73333
300127 5 5 1
300616 1 1 1
1508 1 1 1
691 1 1 1
301067 12 23 1.91667
931 11 13 1.18182
300300 8 9 1.125
752 8 40 5
300818 12 21 1.75
300693 10 42 4.2
300899 3 9 3
1115 5 19 3.8
300549 5 5 1
300516 9 17 1.88889
301118 13 49 3.76923
100575 11 28 2.54545
1490 3 3 1
1118 10 10 1
300047 5 20 4
200124 12 17 1.41667
100084 9 17 1.88889
1227 6 40 6.66667
300901 12 12 1
100450 8 26 3.25
1053 10 24 2.4
100379 1 1 1
952 3 3 1
300913 1 1 1
300954 1 1 1
100455 13 67 5.15385
200067 12 15 1.25
300498 11 34 3.09091
100200 11 13 1.18182
1008 13 27 2.07692
970 4 13 3.25
96 14 33 2.35714
393 9 10 1.11111
100557 1 1 1
101500 5 5 1
328 13 18 1.38462
100893 5 15 3
101526 6 7 1.16667
623 6 24 4
100472 7 7 1
100234 8 9 1.125
200189 2 6 3
201153 11 21 1.90909
200345 5 9 1.8
200732 6 15 2.5
100603 3 15 5
201244 3 38 12.6667
100706 10 10 1
201248 2 2 1
100910 3 10 3.33333
101052 5 7 1.4
100513 6 6 1
100555 12 23 1.91667
101423 10 27 2.7
200963 15 25 1.66667
200800 2 2 1
100240 9 41 4.55556
201444 13 22 1.69231
201422 1 1 1
100851 3 26 8.66667
201135 11 33 3
200838 6 19 3.16667
200948 5 15 3
101033 4 30 7.5
201428 10 11 1.1
200206 5 5 1
200942 6 12 2
100909 2 6 3
201220 1 1 1
301509 8 11 1.375
301228 1 1 1
201465 2 6 3
200739 10 36 3.6
200715 14 47 3.35714
201262 11 44 4
200772 11 21 1.90909
300747 6 6 1
1472 10 13 1.3
201363 14 40 2.85714
300387 10 17 1.7
1514 12 14 1.16667
300379 5 9 1.8
200577 9 18 2
301300 1 1 1
300477 6 13 2.16667
300503 8 8 1
301297 11 33 3
301246 6 7 1.16667
301047 11 11 1
300066 23 88 3.82609
1477 3 7 2.33333
300282 7 13 1.85714
301098 9 49 5.44444
1248 12 43 3.58333
300711 10 10 1
432 8 8 1
300147 7 13 1.85714
300679 4 29 7.25
1292 6 6 1
300115 10 59 5.9
731 1 1 1
300154 8 8 1
580 3 3 1
300297 3 18 6
300567 8 10 1.25
1266 12 18 1.5
252 1 1 1
300594 4 19 4.75
667 6 22 3.66667
300628 7 11 1.57143
300929 9 22 2.44444
300415 9 32 3.55556
790 10 15 1.5
1463 1 1 1
208 1 1 1
300441 5 22 4.4
301494 10 13 1.3
1164 11 70 6.36364
100526 2 54 27
1187 3 24 8
232 8 8 1
300471 8 31 3.875
71 21 53 2.52381
300830 13 46 3.53846
301498 6 6 1
823 1 1 1
519 8 22 2.75
101220 12 14 1.16667
201105 4 56 14
300638 12 36 3
100623 2 2 1
100663 2 2 1
100175 11 18 1.63636
201143 6 7 1.16667
100519 6 7 1.16667
201501 6 18 3
100208 4 9 2.25
769 13 17 1.30769
101093 10 10 1
101499 3 7 2.33333
100125 12 22 1.83333
200839 2 3 1.5
100546 7 22 3.14286
201 8 8 1
201581 1 1 1
100432 13 21 1.61538
188 1 1 1
201423 4 8 2
200911 7 43 6.14286
100981 1 1 1
101485 2 9 4.5
201352 13 13 1
101046 1 1 1
200753 3 5 1.66667
100488 5 5 1
200543 7 26 3.71429
101076 6 9 1.5
101229 3 3 1
201368 7 25 3.57143
100883 7 24 3.42857
201086 4 12 3
200920 7 7 1
100283 5 8 1.6
201370 4 4 1
200508 9 9 1
200696 10 26 2.6
100654 4 19 4.75
201152 13 43 3.30769
200360 1 1 1
201414 6 27 4.5
100436 11 19 1.72727
200746 11 31 2.81818
200267 11 22 2
100270 12 12 1
100155 4 4 1
100217 16 45 2.8125
101512 1 1 1
100932 7 20 2.85714
200489 12 13 1.08333
100917 10 13 1.3
100879 12 16 1.33333
201401 14 20 1.42857
201345 6 60 10
301081 10 12 1.2
200862 11 11 1
301171 2 16 8
101085 6 6 1
200353 4 4 1
300406 7 26 3.71429
200638 10 27 2.7
200662 13 40 3.07692
200472 5 6 1.2
200625 2 6 3
300571 11 45 4.09091
201281 4 21 5.25
101347 11 11 1
300656 11 16 1.45455
301042 4 33 8.25
100974 8 8 1
200244 9 25 2.77778
300547 10 10 1
1139 8 41 5.125
200568 3 3 1
300338 9 9 1
1037 6 6 1
1079 12 14 1.16667
300522 6 7 1.16667
301077 7 16 2.28571
200063 6 13 2.16667
300044 11 11 1
300581 1 1 1
1024 1 1 1
301366 10 19 1.9
335 2 2 1
300768 1 1 1
301473 11 19 1.72727
1245 9 14 1.55556
200069 8 14 1.75
300537 5 5 1
934 3 37 12.3333
200175 10 17 1.7
114 10 37 3.7
364 6 6 1
1101 4 20 5
338 5 5 1
301091 4 31 7.75
1063 3 7 2.33333
100032 14 36 2.57143
300786 13 26 2
100412 1 1 1
100602 12 20 1.66667
687 1 1 1
573 10 10 1
100468 4 4 1
1375 4 5 1.25
100774 3 5 1.66667
100480 3 45 15
100186 10 10 1
183 11 29 2.63636
79 16 19 1.1875
1060 9 10 1.11111
100675 2 2 1
200116 5 21 4.2
100041 4 12 3
1057 10 39 3.9
100276 3 5 1.66667
39 27 70 2.59259
100571 6 8 1.33333
101468 5 11 2.2
100661 3 3 1
200142 3 6 2
200105 12 13 1.08333
100132 6 10 1.66667
200070 20 38 1.9
201198 4 21 5.25
200756 8 14 1.75
200734 11 16 1.45455
201378 9 9 1
101235 1 1 1
201537 2 2 1
200495 1 1 1
200790 11 26 2.36364
200161 2 2 1
100730 7 7 1
200575 10 56 5.6
99 5 6 1.2
100100 9 19 2.11111
200461 10 12 1.2
100262 5 14 2.8
100614 4 6 1.5
201399 1 1 1
200982 1 1 1
100222 5 5 1
101479 10 10 1
200744 15 38 2.53333
100738 10 11 1.1
100806 1 1 1
200330 2 4 2
100244 11 17 1.54545
101431 6 19 3.16667
200223 13 66 5.07692
100346 2 5 2.5
200218 1 1 1
100355 14 69 4.92857
200783 9 16 1.77778
301221 9 11 1.22222
201591 3 3 1
201609 2 2 1
100627 3 13 4.33333
200052 4 7 1.75
301269 1 1 1
201258 10 32 3.2
200049 7 23 3.28571
201338 5 7 1.4
200500 12 12 1
100168 7 16 2.28571
101205 10 30 3
201497 8 13 1.625
101496 1 1 1
100359 5 5 1
201266 14 14 1
200054 14 20 1.42857
100535 1 1 1
101493 1 1 1
200003 345 337 0.976812
101490 2 2 1
200762 3 3 1
101486 7 14 2
101437 5 5 1
301311 1 1 1
200027 1 1 1
101208 6 6 1
200451 7 35 5
200259 7 26 3.71429
101508 14 26 1.85714
200558 5 5 1
200329 4 4 1
200699 6 23 3.83333
201019 5 5 1
101318 7 27 3.85714
300877 5 5 1
301479 7 11 1.57143
201230 3 3 1
300965 4 24 6
201310 2 29 14.5
101177 2 2 1
300069 13 15 1.15385
201238 14 14 1
301458 5 5 1
301186 1 1 1
300548 9 9 1
857 2 2 1
300644 2 2 1
1372 6 14 2.33333
346 7 11 1.57143
300831 14 46 3.28571
889 4 73 18.25
301476 5 7 1.4
301132 1 1 1
200090 7 18 2.57143
953 7 7 1
301112 9 9 1
429 13 64 4.92308
1242 7 22 3.14286
165 5 8 1.6
300648 11 15 1.36364
1325 5 13 2.6
301457 8 11 1.375
301377 9 35 3.88889
300179 9 22 2.44444
101193 11 38 3.45455
1013 4 4 1
1147 6 16 2.66667
53 21 30 1.42857
326 12 41 3.41667
278 7 7 1
1153 1 1 1
301030 5 50 10
201025 2 2 1
1150 2 3 1.5
834 3 3 1
866 5 14 2.8
559 10 10 1
1099 1 1 1
576 11 15 1.36364
200851 3 8 2.66667
759 6 26 4.33333
100425 8 20 2.5
100495 1 1 1
713 11 11 1
848 9 16 1.77778
101201 14 29 2.07143
201054 8 9 1.125
201205 8 11 1.375
83 2 3 1.5
100366 13 14 1.07692
101536 1 1 1
201029 4 5 1.25
101506 8 10 1.25
100374 13 60 4.61538
200395 3 5 1.66667
201586 3 6 2
101340 5 21 4.2
100711 12 18 1.5
200675 11 12 1.09091
201016 7 19 2.71429
101223 10 25 2.5
100507 3 3 1
100323 7 17 2.42857
100864 3 19 6.33333
100936 4 4 1
200534 11 44 4
101297 6 33 5.5
200843 1 1 1
100397 2 2 1
100889 10 18 1.8
200754 9 24 2.66667
101057 4 20 5
201002 7 37 5.28571
201457 3 17 5.66667
200908 2 17 8.5
201061 12 34 2.83333
100220 5 5 1
301174 5 24 4.8
200708 12 50 4.16667
301105 10 10 1
200760 7 18 2.57143
200230 9 9 1
301200 7 9 1.28571
200742 2 4 2
200553 11 21 1.90909
200390 12 19 1.58333
301330 3 7 2.33333
301405 4 9 2.25
201509 7 16 2.28571
300712 5 33 6.6
300528 7 7 1
1263 12 50 4.16667
301425 2 2 1
300557 8 8 1
301514 6 6 1
1323 7 16 2.28571
300086 1 1 1
301517 6 6 1
301003 2 2 1
300821 1 1 1
442 1 1 1
795 3 16 5.33333
200112 7 9 1.28571
300868 3 20 6.66667
300608 10 64 6.4
301137 13 21 1.61538
100608 4 24 6
886 9 30 3.33333
741 5 5 1
300538 2 11 5.5
435 10 14 1.4
300627 2 2 1
200182 5 31 6.2
255 11 11 1
608 10 12 1.2
200883 1 1 1
200980 5 33 6.6
100416 3 3 1
100204 1 1 1
248 1 1 1
100151 13 49 3.76923
100464 10 13 1.3
396 1 1 1
201450 13 33 2.53846
111 5 21 4.2
100239 9 9 1
100942 7 7 1
100850 5 7 1.4
281 13 37 2.84615
100035 10 10 1
187 10 13 1.3
156 11 11 1
200164 7 7 1
101251 10 13 1.3
101110 11 11 1
100959 1 1 1
101184 11 13 1.18182
201360 13 35 2.69231
100908 1 1 1
200507 12 12 1
101447 3 8 2.66667
200634 7 8 1.14286
101158 7 7 1
200374 3 5 1.66667
101374 8 30 3.75
100096 5 13 2.6
101517 1 1 1
200470 4 9 2.25
100689 9 17 1.88889
100158 5 7 1.4
301272 10 11 1.1
201242 4 4 1
300401 2 16 8
101136 10 54 5.4
200376 6 10 1.66667
200410 10 15 1.5
100944 7 31 4.42857
201523 1 1 1
301205 10 30 3
100949 6 20 3.33333
201354 12 40 3.33333
300631 4 4 1
300898 5 29 5.8
1231 9 9 1
1095 2 6 3
1361 8 8 1
1119 5 35 7
300910 12 20 1.66667
300647 7 13 1.85714
833 9 29 3.22222
300663 5 24 4.8
296 3 8 2.66667
1358 11 29 2.63636
814 5 6 1.2
301339 3 4 1.33333
671 13 53 4.07692
200072 15 15 1
1065 8 17 2.125
300807 1 1 1
1075 10 12 1.2
300028 33 99 3
300641 8 14 1.75
1116 7 11 1.57143
1402 1 1 1
404 2 2 1
300002 331 332 1.00302
981 1 1 1
101385 7 13 1.85714
100618 7 30 4.28571
813 2 2 1
300155 1 1 1
101475 7 16 2.28571
920 7 7 1
690 1 1 1
100902 7 7 1
371 1 1 1
101118 10 43 4.3
100490 2 2 1
755 3 4 1.33333
360 12 46 3.83333
200075 17 17 1
100725 2 2 1
101524 1 1 1
200826 8 39 4.875
427 6 8 1.33333
101145 3 3 1
238 1 1 1
100907 8 8 1
201431 1 1 1
101356 1 1 1
100025 33 48 1.45455
101161 7 10 1.42857
200855 6 6 1
201213 7 34 4.85714
101051 4 13 3.25
200954 13 44 3.38462
101164 4 10 2.5
200934 10 12 1.2
200991 14 14 1
101189 14 18 1.28571
101471 5 10 2
101400 8 14 1.75
201530 6 13 2.16667
200632 3 3 1
101439 12 27 2.25
301232 5 41 8.2
100268 6 9 1.5
201333 10 11 1.1
201005 2 48 24
200035 11 11 1
101213 13 48 3.69231
100989 10 24 2.4
301286 1 1 1
201487 11 30 2.72727
201599 2 2 1
101325 4 3 0.75
201468 13 64 4.92308
101167 7 32 4.57143
301140 12 14 1.16667
301219 1 1 1
200481 12 28 2.33333
200366 10 34 3.4
301096 3 32 10.6667
201549 7 15 2.14286
301135 5 28 5.6
1432 5 9 1.8
301481 1 1 1
300385 4 6 1.5
301040 11 13 1.18182
200464 4 8 2
912 6 24 4
300589 3 15 5
967 5 5 1
300309 1 1 1
301052 5 5 1
301149 10 29 2.9
300078 1 1 1
301029 11 16 1.45455
194 2 2 1
378 1 1 1
107 3 38 12.6667
301026 1 1 1
301236 2 10 5
662 9 27 3
300152 9 21 2.33333
251 7 30 4.28571
301204 2 2 1
301124 7 27 3.85714
1272 4 13 3.25
300659 12 29 2.41667
995 8 12 1.5
436 4 5 1.25
100607 8 11 1.375
213 12 30 2.5
301126 9 9 1
939 12 15 1.25
1397 1 1 1
100368 14 86 6.14286
300650 3 4 1.33333
100219 10 18 1.8
100394 9 9 1
100226 5 5 1
100007 70 75 1.07143
100402 1 1 1
301016 10 34 3.4
300828 2 4 2
100114 6 6 1
300827 9 9 1
821 8 17 2.125
174 8 47 5.875
299 4 11 2.75
101187 12 20 1.66667
100170 2 7 3.5
223 13 20 1.53846
152 1 1 1
201435 3 30 10
101443 1 1 1
200774 13 23 1.76923
201274 8 43 5.375
100900 1 1 1
100011 61 114 1.86885
100387 12 12 1
201498 5 5 1
200906 1 1 1
100637 8 14 1.75
201043 6 18 3
100790 12 13 1.08333
201511 6 7 1.16667
101065 5 31 6.2
200736 1 1 1
200788 13 14 1.07692
100794 4 30 7.5
100150 2 2 1
200664 1 1 1
100301 10 25 2.5
101113 11 13 1.18182
200592 8 37 4.625
201439 8 10 1.25
101126 4 6 1.5
100020 25 53 2.12
200272 6 9 1.5
201505 4 16 4
100340 3 14 4.66667
100337 9 20 2.22222
200459 7 18 2.57143
200539 3 6 2
301306 11 34 3.09091
201459 9 38 4.22222
200033 24 26 1.08333
300971 6 33 5.5
300993 8 8 1
201082 8 11 1.375
300568 2 2 1
300566 10 12 1.2
200811 3 4 1.33333
300949 6 12 2
200385 1 1 1
300158 7 7 1
1301 13 14 1.07692
300814 14 17 1.21429
1341 10 36 3.6
300726 4 23 5.75
200686 4 4 1
200445 12 43 3.58333
300991 3 3 1
1169 12 17 1.41667
1318 14 20 1.42857
300279 15 57 3.8
300474 2 2 1
566 9 23 2.55556
1048 10 18 1.8
1313 13 13 1
1144 13 38 2.92308
300719 4 4 1
1084 1 1 1
785 4 21 5.25
301436 9 9 1
300666 8 31 3.875
1213 12 13 1.08333
100085 10 12 1.2
1492 8 9 1.125
1034 4 9 2.25
200151 3 3 1
660 1 1 1
301422 1 1 1
881 8 17 2.125
100461 1 1 1
100037 1 1 1
100411 2 2 1
1282 1 1 1
300988 2 3 1.5
554 2 16 8
993 9 17 1.88889
300555 5 5 1
100600 8 19 2.375
594 10 32 3.2
100130 5 5 1
1454 3 7 2.33333
1501 8 9 1.125
201145 13 29 2.23077
300290 8 8 1
100224 10 42 4.2
300533 8 13 1.625
101441 1 1 1
332 8 27 3.375
1055 8 8 1
600 4 4 1
100772 1 1 1
300124 13 54 4.15385
200956 4 5 1.25
654 11 19 1.72727
100347 14 44 3.14286
100029 10 16 1.6
101122 13 49 3.76923
191 6 12 2
100350 7 18 2.57143
201532 7 16 2.28571
100586 6 14 2.33333
101338 12 23 1.91667
549 5 12 2.4
101029 10 24 2.4
100363 6 6 1
200866 8 37 4.625
100890 6 6 1
100304 12 33 2.75
100978 1 1 1
241 9 9 1
100014 59 61 1.0339
100095 10 28 2.8
101172 8 15 1.875
200456 2 2 1
101533 7 7 1
100090 2 2 1
100260 1 1 1
200741 1 1 1
201584 2 9 4.5
301258 8 24 3
100344 11 11 1
100452 7 23 3.28571
100558 3 30 10
100625 6 8 1.33333
100211 12 29 2.41667
200362 10 37 3.7
201545 5 13 2.6
100242 12 62 5.16667
200797 6 9 1.5
200437 8 8 1
100926 8 29 3.625
200833 5 11 2.2
201330 8 8 1
101079 13 48 3.69231
100904 10 10 1
200950 11 17 1.54545
201056 12 37 3.08333
300399 9 12 1.33333
101047 11 17 1.54545
301373 2 2 1
101370 10 10 1
200225 2 7 3.5
200016 1 1 1
300412 6 13 2.16667
201260 9 21 2.33333
301291 13 14 1.07692
200550 6 6 1
301152 4 4 1
300866 12 22 1.83333
1346 9 24 2.66667
300758 4 4 1
300287 12 20 1.66667
301071 12 12 1
1460 9 9 1
1071 5 5 1
1108 7 22 3.14286
300184 2 2 1
300440 6 7 1.16667
300349 12 13 1.08333
300393 3 5 1.66667
300373 8 8 1
300326 5 26 5.2
1087 9 9 1
301075 1 1 1
1083 2 2 1
1011 1 1 1
1096 3 7 2.33333
359 9 9 1
300664 11 14 1.27273
300359 9 9 1
200077 11 12 1.09091
1305 9 18 2
301011 11 16 1.45455
300695 6 30 5
300384 12 13 1.08333
3 96 96 1
1308 1 1 1
301012 4 17 4.25
200170 5 5 1
1143 10 10 1
300797 9 11 1.22222
906 7 7 1
451 10 12 1.2
300313 7 14 2
280 14 58 4.14286
200098 13 16 1.23077
300740 10 10 1
200126 10 10 1
300316 12 19 1.58333
201116 3 5 1.66667
767 9 10 1.11111
300151 1 1 1
1320 11 23 2.09091
300085 16 25 1.5625
104 12 22 1.83333
925 6 6 1
201172 5 8 1.6
100290 1 1 1
697 1 1 1
100871 2 62 31
101061 1 1 1
200726 14 27 1.92857
201503 2 3 1.5
101120 2 27 13.5
100068 4 14 3.5
400 2 3 1.5
201346 5 5 1
100122 1 1 1
94 3 5 1.66667
100065 15 27 1.8
100184 11 21 1.90909
200286 14 35 2.5
101301 1 1 1
201481 9 9 1
100309 3 3 1
201181 5 36 7.2
100606 6 6 1
100404 10 22 2.2
100254 1 1 1
201200 4 4 1
200941 1 1 1
100516 11 29 2.63636
101116 1 1 1
100561 1 1 1
101054 1 1 1
301218 5 7 1.4
100502 2 4 2
100585 11 23 2.09091
200510 4 4 1
100921 6 10 1.66667
100856 11 15 1.36364
201023 3 11 3.66667
100430 6 8 1.33333
100319 9 15 1.66667
100236 1 1 1
200945 8 21 2.625
200215 1 1 1
101036 10 15 1.5
200314 12 44 3.66667
301142 1 1 1
101008 7 8 1.14286
301400 3 3 1
200201 12 17 1.41667
200254 6 6 1
200427 7 8 1.14286
200334 2 2 1
200021 22 22 1
300658 8 8 1
301002 6 34 5.66667
301302 7 26 3.71429
200614 8 8 1
301386 3 5 1.66667
300699 4 52 13
806 5 10 2
1022 2 2 1
300770 2 2 1
301114 9 57 6.33333
1239 5 8 1.6
300468 3 4 1.33333
300370 5 12 2.4
300793 9 9 1
674 11 29 2.63636
300116 11 11 1
300885 8 15 1.875
300736 1 1 1
14 116 109 0.939655
386 6 8 1.33333
300902 11 11 1
300833 5 45 9
300376 9 9 1
612 6 6 1
300331 11 21 1.90909
349 7 12 1.71429
100582 3 3 1
294 5 29 5.8
1265 4 4 1
1228 5 32 6.4
424 12 27 2.25
300098 1 1 1
300635 9 16 1.77778
300475 1 1 1
24 46 80 1.73913
1104 2 2 1
173 9 9 1
508 6 8 1.33333
300234 1 1 1
201177 11 26 2.36364
898 10 10 1
422 1 1 1
1223 9 11 1.22222
100837 9 9 1
300462 1 1 1
100708 6 26 4.33333
323 2 3 1.5
417 6 16 2.66667
100352 2 8 4
244 7 18 2.57143
288 8 22 2.75
200999 4 5 1.25
100046 12 17 1.41667
200969 7 18 2.57143
200186 12 56 4.66667
200890 3 24 8
201518 3 3 1
100954 11 11 1
100781 13 13 1
201484 2 14 7
100878 11 40 3.63636
201563 5 10 2
200544 10 19 1.9
101131 2 2 1
100326 13 19 1.46154
200487 4 4 1
101059 2 21 10.5
200480 9 19 2.11111
100786 7 27 3.85714
301288 1 1 1
100799 8 30 3.75
100115 4 4 1
201451 12 13 1.08333
101156 1 1 1
200722 14 26 1.85714
201603 11 12 1.09091
200418 7 18 2.57143
101181 11 27 2.45455
201454 8 33 4.125
201570 1 1 1
201477 6 6 1
201517 10 23 2.3
200060 15 15 1
200499 4 4 1
200468 10 19 1.9
200381 2 3 1.5
201417 9 25 2.77778
201404 10 22 2.2
200918 1 1 1
200777 8 11 1.375
300944 12 20 1.66667
101210 11 18 1.63636
300573 1 1 1
300872 3 11 3.66667
201555 11 16 1.45455
200041 13 13 1
301407 1 1 1
200303 3 3 1
301336 1 1 1
876 8 8 1
430 10 23 2.3
301235 4 39 9.75
300550 4 5 1.25
1258 3 3 1
300728 6 19 3.16667
300980 13 14 1.07692
300912 6 25 4.16667
301282 1 1 1
407 8 8 1
729 1 1 1
300836 13 31 2.38462
272 2 2 1
1251 12 12 1
301129 12 17 1.41667
200085 8 12 1.5
300321 1 1 1
780 9 16 1.77778
300592 2 2 1
100588 1 1 1
101245 9 23 2.55556
423 2 5 2.5
300686 10 27 2.7
734 1 1 1
1337 2 2 1
100754 4 13 3.25
300696 1 1 1
300217 10 11 1.1
300987 12 45 3.75
100484 1 1 1
119 14 15 1.07143
300623 7 7 1
300765 3 3 1
100259 11 23 2.09091
849 11 17 1.54545
300097 12 23 1.91667
300552 4 4 1
300345 10 12 1.2
101195 7 19 2.71429
300254 6 9 1.5
100440 3 3 1
100086 3 10 3.33333
773 2 2 1
300261 10 40 4
1155 1 1 1
308 9 29 3.22222
300020 14 25 1.78571
200185 4 6 1.5
783 14 35 2.5
200955 2 16 8
100650 9 9 1
300170 15 32 2.13333
100530 13 60 4.61538
101072 12 15 1.25
201141 1 1 1
760 2 6 3
700 6 6 1
100295 8 11 1.375
101473 6 9 1.5
101345 4 27 6.75
688 1 1 1
101444 6 6 1
100972 7 17 2.42857
200108 1 1 1
101269 5 9 1.8
100183 2 2 1
200278 14 61 4.35714
100232 5 11 2.2
100928 5 5 1
200243 9 31 3.44444
201155 7 40 5.71429
100885 12 20 1.66667
201278 1 1 1
200678 1 1 1
100918 7 8 1.14286
101174 9 9 1
200032 7 9 1.28571
201290 6 12 2
101281 7 23 3.28571
301263 6 6 1
200808 5 5 1
201535 6 6 1
200952 6 6 1
201168 9 15 1.66667
100672 12 17 1.41667
100529 11 41 3.72727
101522 10 12 1.2
100358 11 11 1
201162 9 16 1.77778
301242 6 15 2.5
201304 1 1 1
101146 6 6 1
301279 7 27 3.85714
201482 6 6 1
101463 4 13 3.25
101018 10 22 2.2
200702 10 43 4.3
300530 5 6 1.2
201467 9 16 1.77778
201436 6 6 1
101259 2 2 1
300112 4 5 1.25
301239 1 1 1
300509 10 25 2.5
300984 5 7 1.4
200474 12 64 5.33333
300411 12 12 1
300619 7 12 1.71429
922 6 10 1.66667
1333 12 15 1.25
1212 1 1 1
300930 12 42 3.5
300714 12 18 1.5
301154 10 21 2.1
300756 9 10 1.11111
301106 10 36 3.6
514 10 10 1
300189 9 18 2
283 8 8 1
797 13 25 1.92308
1309 12 32 2.66667
316 5 5 1
999 4 4 1
300176 2 2 1
200146 6 8 1.33333
301199 7 7 1
300402 1 1 1
301168 7 26 3.71429
300601 2 2 1
1326 13 34 2.61538
300426 2 5 2.5
200176 4 5 1.25
301332 12 12 1
200128 7 16 2.28571
300784 12 12 1
100721 7 22 3.14286
300720 2 2 1
300805 2 2 1
200133 9 9 1
100228 3 3 1
1219 6 9 1.5
301027 1 1 1
100400 12 54 4.5
270 7 9 1.28571
101198 12 31 2.58333
1466 4 7 1.75
100202 9 13 1.44444
100322 1 1 1
297 7 10 1.42857
100857 9 15 1.66667
101502 3 3 1
300 7 9 1.28571
100266 14 44 3.14286
201102 4 11 2.75
100275 6 14 2.33333
100386 13 13 1
258 13 20 1.53846
200375 12 24 2
200275 4 12 3
200528 5 5 1
200219 1 1 1
100216 4 16 4
101389 9 33 3.66667
200573 10 40 4
201207 8 31 3.875
201297 2 16 8
100487 1 1 1
100933 12 14 1.16667
201375 12 16 1.33333
101329 4 35 8.75
200619 1 1 1
200927 6 6 1
100736 15 39 2.6
200293 2 10 5
100419 1 1 1
201080 13 13 1
100714 2 2 1
100505 7 17 2.42857
101416 1 1 1
200650 11 24 2.18182
201186 9 42 4.66667
100008 61 75 1.22951
100630 11 15 1.36364
100892 8 14 1.75
201358 7 11 1.57143
101527 6 6 1
301177 2 4 2
200830 1 1 1
301414 2 3 1.5
200537 8 11 1.375
200628 5 5 1
200556 2 2 1
200647 13 34 2.61538
300288 3 10 3.33333
1250 4 15 3.75
300564 2 18 9
301207 12 16 1.33333
201283 9 9 1
301165 7 21 3
200523 12 54 4.5
301160 6 6 1
200044 10 25 2.5
300951 4 4 1
301392 2 18 9
300328 12 14 1.16667
997 14 21 1.5
300864 3 7 2.33333
941 3 3 1
200684 6 25 4.16667
301184 10 16 1.6
850 11 17 1.54545
584 9 13 1.44444
300590 4 6 1.5
683 9 54 6
511 2 2 1
885 3 83 27.6667
301015 12 13 1.08333
1418 8 9 1.125
829 1 1 1
472 8 9 1.125
301413 9 26 2.88889
193 4 4 1
354 2 5 2.5
306 7 7 1
300943 4 4 1
301435 6 11 1.83333
300317 1 1 1
147 12 12 1
301163 6 7 1.16667
43 12 21 1.75
12 43 67 1.55814
254 1 1 1
1232 8 8 1
211 12 12 1
300500 1 1 1
301068 1 1 1
842 8 8 1
301043 5 29 5.8
300334 6 13 2.16667
100074 1 1 1
1088 11 31 2.81818
301108 1 1 1
770 12 40 3.33333
122 7 7 1
301420 6 6 1
100071 4 4 1
986 10 11 1.1
1340 13 13 1
403 4 10 2.5
29 32 60 1.875
100367 7 7 1
914 10 18 1.8
1280 3 26 8.66667
100726 4 39 9.75
100745 6 6 1
100491 7 13 1.85714
1276 12 14 1.16667
200779 13 30 2.30769
15 53 77 1.45283
201587 1 1 1
200849 10 15 1.5
100763 12 20 1.66667
200092 5 39 7.8
201531 6 8 1.33333
201164 12 22 1.83333
100466 4 38 9.5
101241 1 1 1
200562 12 16 1.33333
101069 10 13 1.3
200246 12 12 1
201583 2 2 1
101182 12 12 1
101206 6 14 2.33333
101457 10 13 1.3
100578 11 23 2.09091
200877 5 31 6.2
101528 6 7 1.16667
101231 11 11 1
100395 6 6 1
200972 1 1 1
100574 6 6 1
100372 3 7 2.33333
200005 83 117 1.40964
100110 13 15 1.15385
200514 12 14 1.16667
201012 1 1 1
200597 4 4 1
100030 15 19 1.26667
100381 11 51 4.63636
200792 10 24 2.4
200752 10 35 3.5
200564 3 3 1
200346 14 63 4.5
200648 9 9 1
200059 8 21 2.625
201007 7 12 1.71429
101215 7 34 4.85714
201403 11 34 3.09091
101087 8 8 1
201522 1 1 1
301450 4 7 1.75
101280 10 21 2.1
1290 12 33 2.75
1298 13 51 3.92308
1509 3 3 1
1344 11 41 3.72727
301270 1 1 1
300890 2 3 1.5
300356 12 29 2.41667
950 10 27 2.7
1430 5 5 1
300732 4 4 1
301308 4 21 5.25
1167 5 5 1
158 13 13 1
372 6 17 2.83333
300363 10 11 1.1
301060 1 1 1
300801 1 1 1
1385 11 48 4.36364
300583 9 12 1.33333
1283 4 43 10.75
200181 12 31 2.58333
956 8 13 1.625
1436 5 10 2
100056 2 3 1.5
200178 7 50 7.14286
300604 8 19 2.375
738 5 12 2.4
523 8 8 1
300706 7 7 1
300093 2 44 22
723 4 7 1.75
301484 8 9 1.125
300855 2 3 1.5
300966 1 1 1
300846 14 31 2.21429
100777 7 7 1
100148 3 3 1
150 6 14 2.33333
597 2 21 10.5
1136 3 5 1.66667
300854 15 68 4.53333
301050 6 7 1.16667
840 9 10 1.11111
257 2 2 1
100342 9 25 2.77778
949 11 21 1.90909
680 4 4 1
100370 1 1 1
100212 12 12 1
300144 11 11 1
528 2 6 3
16 70 78 1.11429
100325 2 2 1
100024 12 24 2
765 5 5 1
200118 8 16 2
101291 10 10 1
100043 18 49 2.72222
618 4 4 1
200115 11 23 2.09091
100278 4 15 3.75
200724 3 5 1.66667
101106 10 10 1
200874 13 26 2
200823 14 15 1.07143
101398 6 6 1
129 3 3 1
201493 1 1 1
100264 13 62 4.76923
201351 4 38 9.5
200100 13 24 1.84615
101058 8 8 1
200488 8 10 1.25
100364 8 11 1.375
200382 6 6 1
201295 9 9 1
200641 1 1 1
101088 8 19 2.375
100134 2 2 1
200813 4 36 9
200856 10 16 1.6
201117 11 12 1.09091
101084 11 42 3.81818
101509 1 1 1
200666 1 1 1
100801 7 28 4
100876 7 10 1.42857
101115 12 15 1.25
200237 4 26 6.5
101445 5 12 2.4
200047 9 13 1.44444
201130 5 5 1
100314 3 11 3.66667
101319 5 50 10
201189 5 5 1
201167 2 6 3
200578 6 6 1
100022 7 10 1.42857
100968 1 1 1
101097 1 1 1
201379 12 17 1.41667
300365 10 32 3.2
300633 7 17 2.42857
200677 5 6 1.2
201323 12 13 1.08333
300636 6 24 4
201396 3 10 3.33333
100946 4 25 6.25
200524 1 1 1
300226 2 5 2.5
300832 8 8 1
201228 13 19 1.46154
1322 5 22 4.4
300570 12 25 2.08333
200364 1 1 1
300058 20 45 2.25
301208 13 19 1.46154
1100 8 8 1
300976 3 20 6.66667
300782 6 57 9.5
1093 11 18 1.63636
300341 11 17 1.54545
300134 11 11 1
300787 4 23 5.75
301189 7 14 2
300447 9 37 4.11111
537 5 6 1.2
200080 16 65 4.0625
300908 4 13 3.25
811 10 37 3.7
300270 4 4 1
300438 3 3 1
980 3 16 5.33333
300031 16 16 1
636 1 1 1
955 3 3 1
300023 11 33 3
300597 8 8 1
961 1 1 1
1458 7 7 1
264 5 5 1
300791 14 54 3.85714
300958 5 11 2.2
301020 10 18 1.8
300342 13 37 2.84615
1353 7 21 3
100238 12 12 1
475 3 3 1
186 3 3 1
452 7 18 2.57143
478 10 11 1.1
1400 3 4 1.33333
300348 2 12 6
300232 1 1 1
201058 10 17 1.7
100552 9 20 2.22222
465 6 9 1.5
42 1 1 1
420 13 16 1.23077
334 11 43 3.90909
101365 4 4 1
200747 12 15 1.25
200716 14 30 2.14286
8 71 85 1.19718
101289 2 2 1
101315 13 34 2.61538
100427 5 26 5.2
100541 7 14 2
101353 9 14 1.55556
100499 3 9 3
100171 2 3 1.5
101169 1 1 1
201067 5 5 1
100191 4 5 1.25
100881 12 23 1.91667
200401 8 9 1.125
100231 12 12 1
100176 14 60 4.28571
100333 13 21 1.61538
200709 7 17 2.42857
200409 9 12 1.33333
101254 8 18 2.25
100289 6 10 1.66667
201255 11 20 1.81818
200719 6 7 1.16667
101149 4 26 6.5
201500 12 39 3.25
200639 3 5 1.66667
100182 6 31 5.16667
201232 8 54 6.75
201547 1 1 1
200311 10 10 1
200030 8 20 2.5
200542 6 6 1
300360 2 2 1
300918 12 25 2.08333
201292 8 35 4.375
300915 7 13 1.85714
200357 4 6 1.5
301148 10 10 1
301260 7 52 7.42857
200630 12 32 2.66667
300839 6 11 1.83333
1464 2 2 1
200018 15 15 1
300293 1 1 1
300414 1 1 1
200659 10 14 1.4
869 3 4 1.33333
1268 5 5 1
300012 98 169 1.72449
853 5 6 1.2
300298 1 1 1
1068 4 16 4
301427 11 39 3.54545
300472 1 1 1
300620 8 38 4.75
300809 11 31 2.81818
2 13 20 1.53846
20 79 147 1.86076
126 8 11 1.375
249 6 20 3.33333
250 15 64 4.26667
295 11 24 2.18182
320 14 77 5.5
341 15 49 3.26667
381 14 22 1.57143
384 12 14 1.16667
454 5 15 3
100002 812 813 1.00123
100005 59 68 1.15254
200007 80 74 0.925
300003 440 479 1.08864
300004 224 190 0.848214
300006 155 192 1.23871
300079 7 31 4.42857
