2.014 1
3.015 14
4.016 20
5.016 31
6.017 37
7.018 44
8.018 55
9.019 68
10.021 82
11.022 96
12.023 105
13.046 103
14.047 102
15.050 114
16.050 117
17.051 129
18.052 133
19.053 139
20.054 152
21.054 158
22.056 176
23.057 182
24.060 182
25.061 188
26.062 188
27.065 192
28.066 191
29.067 189
30.068 196
31.068 207
32.069 214
33.071 220
34.072 231
35.072 241
36.073 239
37.074 241
38.075 253
39.076 254
40.077 260
41.078 262
42.079 269
43.181 276
44.185 286
45.186 297
46.187 301
47.102 309
48.129 322
49.130 329
50.143 333
51.144 333
52.145 334
53.146 334
54.147 335
55.148 335
56.149 335
57.149 335
58.150 337
59.151 337
60.152 338
61.153 338
62.254 338
63.255 340
64.256 341
65.257 340
66.258 339
67.559 339
68.560 338
69.561 338
71.565 339
72.565 339
73.569 339
74.570 338
75.570 338
76.571 338
77.572 335
78.573 332
79.574 332
80.575 332
81.576 331
82.580 329
83.581 327
84.582 327
85.583 327
86.584 326
87.585 325
88.586 325
89.587 325
90.588 325
91.589 324
92.590 323
93.592 323
94.593 323
95.594 323
96.595 322
97.596 319
98.597 319
99.598 319
100.599 318
101.600 317
102.601 317
103.602 316
104.603 314
105.604 312
106.605 312
107.605 312
108.606 311
109.621 311
110.616 309
111.617 308
112.618 308
113.621 307
114.622 307
115.623 306
116.624 305
117.625 304
118.626 304
119.627 304
120.628 304
121.628 304
122.630 302
123.631 302
124.631 301
125.632 300
126.633 300
127.634 300
128.634 299
129.635 299
130.636 299
131.637 299
132.638 297
133.638 297
134.639 297
135.639 297
136.643 297
137.643 296
138.644 296
139.645 296
140.646 295
141.647 294
142.648 294
143.648 294
144.649 293
145.650 293
146.651 293
147.652 292
148.653 292
149.654 291
150.655 291
151.656 291
152.657 291
153.658 291
154.658 291
155.659 289
156.660 289
157.661 289
158.665 288
159.665 288
160.666 287
161.667 287
162.668 287
163.669 287
164.670 286
165.670 286
166.671 286
167.672 284
168.673 283
169.674 283
170.675 283
171.676 282
172.677 282
173.678 282
174.679 282
175.679 281
176.680 280
177.681 280
178.682 280
179.683 280
180.684 280
181.685 280
182.686 280
183.687 280
184.687 279
185.688 279
186.689 279
187.690 279
188.691 279
189.692 279
190.692 278
191.693 278
192.694 278
193.694 278
194.695 278
195.696 278
196.697 278
197.698 278
198.699 278
199.700 278
200.701 278
201.702 276
202.702 275
203.703 275
204.704 275
205.708 275
206.708 274
207.709 273
208.710 271
209.711 271
210.712 269
211.713 269
212.714 269
213.715 268
214.716 268
215.718 268
216.718 267
217.719 267
218.720 267
219.721 267
220.722 267
221.723 267
222.724 267
223.725 265
224.726 264
225.727 264
226.728 264
227.729 264
228.730 264
229.731 264
230.732 263
231.733 263
232.734 263
233.735 263
234.736 262
235.737 261
236.738 261
237.739 261
238.740 260
239.741 260
240.742 260
241.742 258
242.743 258
243.744 258
244.745 258
245.746 258
246.747 258
247.748 258
248.749 258
249.750 258
250.751 258
251.752 257
252.752 256
253.753 256
254.754 256
255.755 255
256.756 255
257.757 255
258.759 255
259.760 255
260.760 255
261.761 255
262.761 254
263.762 253
264.763 252
265.763 252
266.764 252
267.765 252
268.765 252
269.766 252
270.767 252
271.768 252
272.768 252
273.769 252
274.769 252
275.770 252
276.771 252
277.772 252
278.773 252
279.774 252
280.775 252
281.776 252
282.777 252
283.778 252
284.779 252
285.780 252
286.781 252
287.781 252
288.782 252
289.783 252
290.784 252
291.785 252
292.786 252
293.787 252
294.788 251
295.789 250
296.790 250
297.791 250
298.792 249
299.793 249
300.794 249
301.795 249
302.796 248
303.796 248
304.797 248
305.798 247
306.799 247
307.800 247
308.801 247
309.801 247
310.802 247
311.803 247
312.804 247
313.805 247
314.805 247
315.806 247
316.807 247
317.808 247
318.809 247
319.810 244
320.810 243
321.811 243
322.812 243
323.813 243
324.814 243
325.815 243
326.816 243
327.816 242
328.817 242
329.818 241
330.818 240
331.819 240
332.820 239
333.820 239
334.821 239
335.822 239
336.823 239
337.823 239
338.824 239
339.824 239
340.825 239
341.826 239
342.827 239
343.828 239
344.828 239
345.829 239
346.830 239
347.831 239
348.832 239
349.833 239
350.834 239
351.834 239
352.835 239
353.836 239
354.837 239
355.838 239
356.839 238
357.840 238
358.840 238
359.841 238
360.842 238
361.843 238
362.843 238
363.844 238
364.845 236
365.846 235
366.846 235
367.847 235
368.848 235
369.849 235
370.849 235
371.850 235
372.851 235
373.852 235
374.852 235
375.853 235
376.854 235
377.855 235
378.856 235
379.857 235
380.858 235
381.859 235
382.859 235
383.860 235
384.861 234
385.861 234
386.862 234
387.863 234
388.863 234
389.864 234
390.864 233
391.865 233
392.865 233
393.866 232
394.867 232
395.868 232
396.869 232
397.869 232
398.870 232
399.871 232
400.872 231
401.873 231
402.874 230
403.875 230
404.876 230
405.876 230
406.877 230
407.878 230
408.879 230
409.879 230
410.880 229
411.881 229
412.882 229
413.882 229
414.883 229
415.883 229
416.884 229
417.885 229
418.885 228
419.886 228
420.886 226
421.887 226
422.888 226
423.888 225
424.889 225
425.890 225
426.890 225
427.891 225
428.892 225
429.892 224
430.893 224
431.894 223
432.894 223
433.896 223
434.896 223
435.897 223
436.897 223
437.898 223
438.899 223
439.900 223
440.901 223
441.902 223
442.902 223
443.903 223
444.904 223
445.905 223
446.906 223
447.907 223
448.908 223
449.909 222
450.910 222
451.910 222
452.911 222
453.812 222
454.813 222
455.814 222
456.815 222
457.816 221
458.817 221
459.818 221
460.819 220
461.820 220
462.821 220
463.822 220
464.823 220
465.824 220
466.825 219
467.826 219
468.826 219
469.827 219
470.828 219
471.829 219
472.830 219
473.831 219
474.831 219
475.832 218
476.833 217
477.834 217
478.835 217
479.836 217
480.837 217
481.838 217
482.839 217
483.840 217
484.841 217
485.842 217
486.843 217
487.844 216
488.845 216
489.846 216
490.846 216
491.847 216
492.848 216
493.849 215
494.849 215
495.850 215
496.851 215
497.852 215
498.853 215
499.854 215
500.855 215
501.856 215
502.857 215
503.858 215
504.858 215
505.859 215
506.860 215
507.861 215
508.861 214
509.862 214
510.863 214
511.864 214
512.865 214
513.866 214
514.867 214
515.868 214
516.869 214
517.870 214
518.871 214
519.871 214
520.872 214
521.873 214
522.974 212
523.975 212
524.976 212
525.977 212
526.978 212
527.979 212
528.980 212
529.980 212
530.982 212
531.982 212
532.984 212
533.985 212
534.985 212
535.987 212
536.988 212
537.989 212
538.990 212
539.990 212
540.992 212
541.992 212
542.993 212
543.994 212
544.996 212
545.996 212
546.997 212
547.998 212
548.999 212
549.999 212
551.000 212
552.001 211
553.002 211
554.003 211
555.004 211
556.005 211
557.006 211
558.007 211
559.008 211
560.009 211
561.010 211
562.011 211
563.011 211
564.012 211
565.013 211
566.014 211
567.015 211
568.016 211
569.017 211
570.018 211
571.019 211
572.020 211
573.021 211
574.022 211
575.023 211
576.024 211
577.025 210
578.026 209
579.027 209
580.028 209
581.029 209
582.030 209
583.031 209
584.032 209
585.033 209
586.034 209
587.035 209
588.035 209
589.036 209
590.037 209
591.038 209
592.039 209
593.040 209
594.041 209
595.042 209
596.043 209
597.044 209
598.045 209
599.046 209
600.047 209
601.048 209
602.049 209
603.049 209
604.050 209
605.051 209
606.052 209
607.053 209
608.054 209
609.054 209
610.055 208
611.056 208
612.057 208
613.058 208
614.059 208
615.060 208
616.061 208
617.062 208
618.063 207
619.064 207
620.065 206
621.065 206
622.066 206
623.067 206
624.068 206
625.069 206
626.070 206
627.071 206
628.072 206
629.073 206
630.073 206
631.074 206
632.075 206
633.076 206
634.077 206
635.078 206
636.079 206
637.080 206
638.081 206
639.082 206
640.083 206
641.084 206
642.085 206
643.086 206
644.087 206
645.088 206
646.089 206
647.090 206
648.091 206
649.092 206
650.093 206
651.094 206
652.094 206
653.095 206
654.096 206
655.097 206
656.098 206
657.099 206
658.100 206
659.101 206
660.102 206
661.103 206
662.104 206
663.105 206
664.106 206
665.107 206
666.108 206
667.109 206
668.110 206
669.111 206
670.112 206
671.113 206
672.114 206
673.115 206
674.116 206
675.117 206
676.118 206
677.118 206
678.119 206
679.120 206
680.121 206
681.122 206
682.123 206
683.124 206
684.125 206
685.126 206
686.127 206
687.128 206
688.129 205
689.130 205
690.130 205
691.131 205
692.132 205
693.133 205
694.134 205
695.135 205
696.136 205
697.136 205
698.137 205
699.138 204
700.139 204
701.140 204
702.141 204
703.142 203
704.143 203
705.144 203
706.145 203
707.146 203
708.147 203
709.148 203
710.149 203
711.150 203
712.151 203
713.152 203
714.153 203
715.154 203
716.154 203
717.155 203
718.156 203
719.157 203
720.158 203
721.159 203
722.160 203
723.161 203
724.162 203
725.163 202
726.164 202
727.165 202
728.165 202
729.166 202
730.167 202
731.168 202
732.169 202
733.170 202
734.171 201
735.172 200
736.173 200
737.174 199
738.175 199
739.175 199
740.176 199
741.177 199
742.178 199
743.179 199
744.180 199
745.181 199
746.182 199
747.183 199
748.184 199
749.185 199
750.186 199
751.187 199
752.188 199
753.189 199
754.190 199
755.191 198
756.192 198
757.193 198
758.194 198
759.195 198
760.196 198
761.197 198
762.198 198
763.199 198
764.200 198
765.201 198
766.202 197
767.203 197
768.203 195
769.204 195
770.205 194
771.206 194
772.207 194
773.208 194
774.209 194
775.210 194
776.211 194
777.212 194
778.213 194
779.214 194
780.215 194
781.216 194
782.217 194
783.218 193
784.219 193
785.220 193
786.221 193
787.222 193
788.223 193
789.224 193
790.225 193
791.225 193
792.227 193
793.228 193
794.229 193
795.230 193
796.231 193
797.232 193
798.233 193
799.234 193
800.235 193
801.236 193
802.237 193
803.238 193
804.239 193
805.240 193
806.241 193
807.242 193
808.243 193
809.244 193
810.245 193
811.246 193
812.247 193
813.248 193
814.249 193
815.250 193
816.251 193
817.252 193
818.253 193
819.254 193
820.255 193
821.256 193
823.258 192
824.259 192
825.260 192
826.261 192
827.262 192
828.263 192
829.264 192
830.265 192
831.266 192
832.267 192
833.268 192
834.269 192
835.270 192
836.271 192
837.273 192
838.274 192
839.275 192
840.276 192
841.277 192
842.277 192
843.279 192
844.279 192
845.280 192
846.281 192
847.282 192
848.283 192
849.284 192
850.285 192
851.286 192
852.287 191
853.288 191
854.289 191
855.289 191
856.290 191
857.291 191
858.292 191
859.293 191
860.294 191
861.295 191
862.296 191
863.297 191
864.298 191
865.299 191
866.299 190
867.300 190
868.301 190
869.302 190
870.304 190
871.304 190
872.305 189
873.306 189
874.307 189
875.308 189
876.309 189
877.310 189
878.311 189
879.312 189
880.313 189
881.314 189
882.315 189
883.316 189
884.317 189
885.318 189
886.319 189
887.319 189
888.320 189
889.321 189
890.322 189
891.323 189
892.324 189
893.325 189
894.326 189
895.327 189
896.328 189
897.329 189
898.330 189
899.331 189
900.332 189
901.333 189
902.334 189
903.335 189
904.336 189
905.337 189
906.338 189
907.339 189
908.340 189
909.341 189
910.341 189
911.342 189
912.344 189
913.344 189
914.345 189
915.346 189
916.347 189
917.348 189
918.349 189
919.350 189
920.351 189
921.352 189
922.353 188
923.354 188
924.355 188
925.356 188
926.356 188
927.357 188
928.358 188
929.359 188
930.360 188
931.361 188
932.362 188
933.363 187
934.364 187
935.365 187
936.366 187
937.367 187
938.369 187
939.370 187
940.371 187
941.372 187
942.373 187
943.374 187
944.375 187
945.376 186
946.377 185
947.377 185
948.378 185
949.380 185
950.380 185
951.382 185
952.383 185
953.383 185
954.384 185
955.385 185
956.386 185
957.387 185
958.388 185
959.389 185
960.390 184
961.391 184
962.392 184
963.393 184
964.394 184
965.395 184
966.396 184
967.397 184
968.398 184
969.399 184
970.400 184
971.401 184
972.402 184
973.403 184
974.404 184
975.405 184
976.406 184
977.408 184
978.409 184
979.410 184
980.410 184
981.411 184
982.413 184
983.414 184
984.415 184
985.416 184
986.417 184
987.418 184
988.419 184
989.419 184
990.421 184
991.422 184
992.422 184
993.423 184
994.424 184
995.425 184
996.426 183
997.427 183
998.428 183
999.429 183
1000.430 183
1001.431 183
1002.432 183
1003.433 183
1004.434 183
1005.435 183
1006.436 183
1007.437 183
1008.438 183
1009.439 183
1010.440 183
1011.441 183
1012.442 183
1013.443 183
1014.444 183
1015.444 183
1016.445 183
1017.447 183
1018.448 183
1019.449 183
1020.450 183
1021.451 183
1022.452 183
1023.453 183
1024.454 183
1025.455 183
1026.456 183
1027.457 183
1028.458 183
1029.459 183
1030.460 183
1031.461 183
1032.463 183
1033.464 183
1034.465 183
1035.466 182
1036.467 182
1037.468 182
1038.470 182
1039.471 182
1040.472 181
1041.473 181
1042.475 181
1043.476 181
1044.477 181
1045.478 181
1046.479 181
1047.480 181
1048.481 181
1049.483 181
1050.484 180
1051.485 180
1052.487 180
1053.488 180
1054.489 180
1055.490 180
1056.491 180
1057.493 180
1058.494 179
1059.495 179
1060.496 179
1061.497 179
1062.498 179
1063.499 179
1064.501 179
1065.502 178
1066.503 178
1067.504 178
1068.505 178
1069.507 178
1070.508 178
1071.509 178
1072.510 178
1073.511 178
1074.513 178
1075.514 178
1076.515 178
1077.516 178
1078.517 178
1079.519 177
1080.520 177
1081.521 177
1082.522 177
1083.523 177
1084.525 177
1085.526 177
1086.527 177
1087.528 177
1088.530 177
1089.531 177
1090.532 177
1091.533 177
1092.535 177
1093.535 177
1094.536 176
1095.538 176
1096.539 176
1097.540 176
1098.542 175
1099.543 175
1100.544 175
1101.545 175
1102.546 175
1103.548 175
1104.549 175
1105.550 175
1106.552 175
1107.553 175
1108.554 175
1109.555 175
1110.556 174
1111.557 174
1112.558 174
1113.559 174
1114.561 174
1115.562 174
1116.563 174
1117.564 174
1118.566 174
1119.567 174
1120.568 174
1121.570 174
1122.571 174
1123.572 174
1124.573 174
1125.574 174
1126.575 174
1127.576 174
1128.577 174
1129.579 174
1130.581 174
1131.581 173
1132.583 173
1133.584 173
1134.585 173
1135.586 173
1136.587 173
1137.588 173
1138.590 173
1139.592 173
1140.593 173
1141.594 173
1142.596 173
1143.597 173
1144.599 172
1145.600 172
1146.601 172
1147.602 172
1148.603 172
1149.604 172
1150.606 172
1151.607 172
1152.609 172
1153.610 172
1154.611 172
1155.613 172
1156.614 171
1157.615 171
1158.617 171
1159.618 170
1160.619 170
1161.621 170
1162.622 170
1163.623 170
1164.624 170
1165.625 170
1166.626 170
1167.628 170
1168.629 170
1169.630 170
1170.631 170
1171.632 170
1172.634 170
1173.635 170
1174.636 170
1175.637 170
1176.638 170
1177.639 170
1178.640 170
1179.642 170
1180.643 170
1181.644 170
1182.646 170
1183.647 170
1184.648 170
1185.649 170
1186.650 170
1187.651 170
1188.652 170
1189.654 170
1190.655 170
1191.656 170
1192.657 170
1193.659 170
1194.660 170
1195.661 170
1196.662 170
1197.663 170
1198.664 170
1199.665 170
1200.667 170
1201.668 170
1202.669 170
1203.670 170
1204.671 170
1205.672 170
1206.673 170
1207.675 170
1208.676 170
1209.677 170
1210.678 169
1211.679 169
1212.680 169
1213.682 169
1214.683 169
1215.684 169
1216.686 169
1217.687 169
1218.688 169
1219.689 169
1220.691 169
1221.692 169
1222.693 169
1223.695 169
1224.696 169
1225.697 169
1226.698 169
1227.700 169
1228.701 169
1229.702 169
1230.703 169
1231.705 169
1232.706 169
1233.707 169
1234.709 169
1235.710 169
1236.712 169
1237.713 169
1238.714 169
1239.715 168
1240.717 168
1241.718 168
1242.719 168
1243.720 168
1244.722 168
1245.723 168
1246.724 168
1247.725 168
1248.726 168
1249.727 168
1250.728 168
1251.730 168
1252.731 168
1253.732 168
1254.733 168
1255.734 168
1256.735 168
1257.736 168
1258.737 168
1259.739 168
1260.740 168
1261.741 167
1262.742 167
1263.743 167
1264.744 167
1265.745 167
1266.746 167
1267.747 167
1268.749 167
1269.750 167
1270.751 167
1271.752 167
1272.753 167
1273.755 167
1274.756 167
1275.757 167
1276.758 167
1277.759 167
1278.760 167
1279.762 167
1280.763 167
1281.764 167
1282.765 167
1283.766 167
1284.767 167
1285.769 167
1286.770 167
1287.771 166
1288.772 166
1289.773 166
1290.774 166
1291.775 166
1292.777 166
1293.778 166
1294.779 166
1295.781 166
1296.782 166
1297.783 166
1298.785 166
1299.786 166
1300.787 166
1301.788 166
1302.789 166
1303.791 166
1304.792 166
1305.793 166
1306.794 166
1307.796 166
1308.797 166
1309.799 165
1310.800 165
1311.801 165
1312.802 165
1313.803 165
1314.805 165
1315.806 165
1316.807 165
1317.808 165
1318.809 165
1319.810 165
1320.811 165
1321.812 165
1322.814 165
1323.815 165
1324.816 165
1325.817 165
1326.818 165
1327.819 165
1328.821 165
1329.822 164
1330.823 164
1331.824 163
1332.826 163
1333.827 163
1334.829 163
1335.830 163
1336.831 163
1337.832 163
1338.834 163
1339.935 163
1340.937 163
1341.938 163
1342.939 163
1343.940 163
1344.941 163
1345.943 163
1346.944 163
1347.945 163
1348.946 163
1349.948 163
1350.949 163
1351.950 163
1352.951 163
1353.952 163
1354.953 163
1355.955 163
1356.956 163
1357.957 163
1358.958 163
1359.960 163
1360.961 163
1361.962 163
1362.963 163
1363.965 163
1364.966 163
1365.967 163
1366.968 163
1367.969 163
1368.970 163
1369.972 163
1370.973 163
1371.974 163
1372.976 163
1373.977 163
1374.979 163
1375.980 163
1376.981 163
1377.982 162
1378.984 162
1379.985 162
1380.986 162
1381.987 162
1382.988 162
1383.989 162
1384.990 162
1385.991 162
1386.993 162
1387.994 162
1388.995 162
1389.996 162
1390.997 162
1391.998 161
1393.000 161
1394.000 161
1395.002 161
1396.003 161
1397.004 161
1398.005 161
1399.006 161
1400.007 161
1401.009 161
1402.010 161
1403.011 161
1404.012 161
1405.013 161
1406.014 160
1407.015 160
1408.016 160
1409.017 160
1410.018 160
1411.020 160
1412.021 160
1413.022 160
1414.023 160
1415.024 160
1416.025 160
1417.026 160
1418.028 160
1419.029 160
1420.030 160
1421.031 160
1422.033 160
1423.035 160
1424.036 160
1425.037 160
1426.039 160
1427.040 160
1428.041 160
1429.042 160
1430.044 160
1431.045 160
1432.046 160
1433.047 160
1434.048 160
1435.049 160
1436.051 160
1437.052 160
1438.053 160
1439.054 160
1440.055 160
1441.056 160
1442.057 160
1443.058 160
1444.060 160
1445.061 160
1446.062 160
1447.063 160
1448.065 160
1449.066 160
1450.067 160
1451.069 160
1452.070 160
1453.071 160
1454.072 160
1455.074 160
1456.075 160
1457.076 160
1458.077 160
1459.078 160
1460.080 160
1461.081 160
1462.082 160
1463.083 159
1464.084 159
1465.085 159
1466.087 159
1467.088 159
1468.089 159
1469.091 159
1470.092 159
1471.093 159
1472.094 159
1473.095 159
1474.096 159
1475.098 159
1476.099 159
1477.100 159
1478.102 159
1479.103 159
1480.104 159
1481.105 159
1482.107 159
1483.108 159
1484.109 159
1485.110 159
1486.111 159
1487.113 159
1488.114 159
1489.115 159
1490.116 159
1491.117 159
1492.118 159
1493.119 159
1494.121 159
1495.122 159
1496.123 159
1497.124 159
1498.125 159
1499.126 159
1500.128 158
1501.129 158
1502.130 158
1503.132 158
1504.133 158
1505.134 158
1506.135 158
1507.136 158
1508.138 158
1509.139 158
1510.140 158
1511.142 158
1512.143 158
1513.144 158
1514.146 158
1515.147 158
1516.148 158
1517.150 158
1518.151 158
1519.153 158
1520.154 158
1521.156 158
1522.157 158
1523.158 158
1524.159 158
1525.160 158
1526.161 158
1527.163 158
1528.164 158
1529.165 158
1530.166 158
1531.167 158
1532.168 158
1533.169 158
1534.171 158
1535.172 158
1536.173 158
1537.174 158
1538.175 158
1539.176 158
1540.177 158
1541.178 158
1542.179 158
1543.181 158
1544.182 158
1545.183 158
1546.184 158
1547.186 158
1548.187 158
1549.188 157
1550.189 157
1551.190 157
1552.191 157
1553.192 157
1554.193 157
1555.194 157
1556.196 157
1557.197 157
1558.198 157
1559.200 157
1560.201 157
1561.202 157
1562.204 157
1563.205 157
1564.206 157
1565.207 157
1566.208 157
1567.210 157
1568.211 157
1569.212 157
1570.213 157
1571.214 157
1572.215 157
1573.217 157
1574.218 157
1575.219 157
1576.220 157
1577.221 157
1578.222 157
1579.223 157
1580.225 157
1581.226 157
1582.227 157
1583.228 157
1584.229 157
1585.230 157
1586.232 157
1587.233 157
1588.234 157
1589.235 157
1590.237 157
1591.238 157
1592.239 157
1593.240 157
1594.241 157
1595.242 157
1596.243 157
1597.244 157
1598.245 157
1599.246 157
1600.248 157
1601.249 157
1602.250 157
1603.251 157
1604.252 157
1605.253 157
1606.254 157
1607.255 157
1608.256 157
1609.257 157
1610.259 157
1611.260 157
1612.261 157
1613.263 157
1614.264 157
1615.266 157
1616.267 157
1617.268 157
1618.269 157
1619.270 157
1620.272 157
1621.273 157
1622.274 157
1623.275 157
1624.276 157
1625.277 157
1626.279 157
1627.280 157
1628.282 157
1629.283 157
1630.284 157
1631.285 157
1632.287 157
1633.288 157
1634.190 157
1635.291 157
1636.192 157
1637.194 157
1638.195 157
1639.196 157
1640.197 157
1641.198 156
1642.200 156
1643.201 156
1644.202 156
1645.203 156
1646.204 156
1647.205 156
1648.206 156
1649.208 156
1650.209 156
1651.210 156
1652.211 156
1653.212 156
1654.214 156
1655.214 156
1656.216 156
1657.217 156
1658.218 156
1659.219 156
1660.220 156
1661.221 156
1662.223 156
1663.224 156
1664.225 156
1665.226 156
1666.227 156
1667.228 156
1668.229 156
1669.231 156
1670.232 156
1671.233 156
1672.234 156
1673.235 156
1674.237 156
1675.238 156
1676.240 156
1677.241 156
1678.242 156
1679.243 156
1680.244 156
1681.245 156
1682.246 156
1683.248 156
1684.249 156
1685.251 156
1686.252 156
1687.254 156
1688.255 156
1689.256 156
1690.257 155
1691.258 155
1692.259 155
1693.260 155
1694.261 155
1695.262 154
1696.264 154
1697.265 154
1698.266 154
1699.267 154
1700.268 154
1701.270 154
1702.271 154
1703.272 154
1704.273 154
1705.274 154
1706.275 154
1707.276 154
1708.277 154
1709.279 154
1710.280 154
1711.281 154
1712.282 154
1713.283 154
1714.284 154
1715.286 154
1716.287 154
1717.288 154
1718.289 154
1719.290 154
1720.291 154
1721.292 154
1722.293 154
1723.295 154
1724.296 154
1725.297 154
1726.298 154
1727.300 154
1728.301 154
1729.302 154
1730.304 153
1731.305 153
1732.306 153
1733.307 153
1734.308 153
1735.309 153
1736.310 153
1737.312 153
1738.313 153
1739.314 153
1740.315 153
1741.316 153
1742.317 153
1743.318 153
1744.319 153
1745.320 153
1746.322 153
1747.323 153
1748.324 153
1749.325 153
1750.326 153
1751.327 153
1752.328 153
1753.329 153
1754.330 153
1755.331 153
1756.332 153
1757.333 153
1758.334 153
1759.335 153
1760.336 153
1761.337 153
1762.339 153
1763.340 153
1764.341 153
1765.342 153
1766.343 153
1767.344 153
1768.345 153
1769.347 153
1770.348 153
1771.349 153
1772.351 153
1773.352 153
1774.353 153
1775.354 153
1776.355 153
1777.356 153
1778.358 153
1779.359 153
1780.360 153
1781.361 153
1782.362 153
1783.363 153
1784.364 153
1785.365 153
1786.366 153
1787.367 153
1788.368 153
1789.370 153
1790.371 153
1791.372 153
1792.373 153
1793.374 153
1794.375 153
1795.377 153
1796.378 153
1797.379 153
1798.381 153
1799.383 153
1800.384 153
1801.385 153
1802.386 153
1803.387 153
1804.389 153
1805.390 153
1806.392 153
1807.393 153
1808.394 153
1809.395 153
1810.396 153
1811.398 153
1812.399 153
1813.400 153
1814.401 153
1815.403 152
1816.404 152
1817.405 152
1818.406 152
1819.407 152
1820.408 152
1821.409 152
1822.410 152
1823.411 152
1824.413 152
1825.414 152
1826.415 152
1827.416 150
1828.417 150
1829.418 150
1830.419 150
1831.420 150
1832.421 150
1833.422 150
1834.423 150
1835.424 150
1836.426 150
1837.427 150
1838.428 150
1839.429 150
1840.430 150
1841.431 150
1842.432 150
1843.433 150
1844.435 150
1845.436 150
1846.437 150
1847.438 149
1848.439 149
1849.441 149
1850.442 149
1851.443 149
1852.444 149
1853.445 149
1854.446 149
1855.448 149
1856.449 149
1857.450 149
1858.452 149
1859.453 149
1860.454 149
1861.455 149
1862.456 149
1863.458 149
1864.459 149
1865.460 149
1866.462 149
1867.463 149
1868.464 149
1869.465 149
1870.466 149
1871.467 149
1872.468 149
1873.469 149
1874.470 149
1875.471 149
1876.473 149
1877.474 149
1878.475 149
1879.476 149
1880.478 149
1881.479 149
1882.480 149
1883.482 149
1884.483 149
1885.484 149
1886.485 149
1887.486 149
1888.487 149
1889.489 148
1890.490 148
1891.491 148
1892.492 148
1893.493 148
1894.494 148
1895.495 148
1896.496 148
1897.497 148
1898.499 148
1899.500 148
1900.501 148
1901.502 148
1902.503 148
1903.504 148
1904.505 148
1905.507 148
1906.508 148
1907.510 148
1908.511 148
1909.512 148
1910.514 148
1911.515 148
1912.516 148
1913.517 148
1914.518 148
1915.519 148
1916.521 147
1917.522 147
1918.523 147
1919.525 147
1920.526 147
1921.527 147
1922.528 147
1923.530 147
1924.531 147
1925.532 147
1926.533 147
1927.534 147
1928.535 147
1929.536 147
1930.537 147
1931.539 147
1932.540 147
1933.541 147
1934.542 147
1935.543 147
1936.544 147
1937.545 147
1938.546 147
1939.547 147
1940.548 147
1941.549 147
1942.550 147
1943.552 147
1944.553 147
1945.554 147
1946.555 147
1947.556 147
1948.557 147
1949.558 147
1950.560 147
1951.561 147
1952.562 147
1953.564 147
1954.565 147
1955.566 147
1956.568 147
1957.569 147
1958.570 147
1959.571 147
1960.573 147
1961.574 147
1962.575 147
1963.576 147
1964.578 147
1965.579 147
1966.581 146
1967.582 146
1968.583 146
1969.584 146
1970.585 146
1971.586 146
1972.587 146
1973.588 146
1974.590 146
1975.591 146
1976.592 146
1977.593 146
1978.595 146
1979.596 146
1980.597 146
1981.599 146
1982.600 146
1983.601 146
1984.602 146
1985.603 146
1986.605 146
1987.606 146
1988.608 146
1989.609 146
1990.610 146
1991.611 146
1992.612 146
1993.613 146
1994.615 146
1995.615 146
1996.616 146
1997.617 146
1998.618 146
1999.619 146
2000.620 146
2001.621 146
2002.623 146
2003.624 146
2004.625 146
2005.626 146
2006.627 146
2007.629 146
2008.630 146
2009.631 146
2010.632 146
2011.634 146
2012.635 146
2013.637 146
2014.638 146
2015.639 146
2016.641 146
2017.642 146
2018.643 146
2019.644 146
2020.645 146
2021.647 146
2022.648 146
2023.649 145
2024.650 145
2025.651 145
2026.652 145
2027.654 145
2028.655 145
2029.656 145
2030.657 145
2031.658 145
2032.659 145
2033.661 145
2034.662 145
2035.663 145
2036.665 145
2037.666 145
2038.667 145
2039.668 145
2040.670 145
2041.671 145
2042.672 145
2043.673 145
2044.674 145
2045.675 145
2046.676 145
2047.678 145
2048.679 145
2049.680 145
2050.681 145
2051.682 145
2052.683 145
2053.684 144
2054.685 144
2055.686 144
2056.687 144
2057.688 144
2058.689 144
2059.690 144
2060.691 144
2061.692 144
2062.693 144
2063.694 144
2064.695 144
2065.696 144
2066.697 144
2067.698 144
2068.700 144
2069.701 143
2070.702 143
2071.703 143
2072.704 143
2073.705 143
2074.706 143
2075.707 143
2076.708 143
2077.709 143
2078.710 143
2079.712 142
2080.713 142
2081.714 142
2082.715 142
2083.716 142
2084.717 142
2085.718 142
2086.719 142
2087.719 142
2088.720 142
2089.721 142
2090.722 142
2091.723 142
2092.724 142
2093.725 142
2094.726 142
2095.727 142
2096.728 142
2097.729 142
2098.730 142
2099.731 142
2100.732 142
2101.733 142
2102.734 142
2103.735 142
2104.736 142
2105.737 142
2106.738 142
2107.739 142
2108.740 142
2109.741 142
2110.742 142
2111.743 142
2112.744 142
2113.745 142
2114.746 142
2115.747 142
2116.748 142
2117.749 142
2118.750 142
2119.751 142
2120.752 142
2121.753 142
2122.754 142
2123.755 142
2124.756 142
2125.757 142
2126.758 142
2127.759 142
2128.760 142
2129.760 142
2130.761 142
2131.762 142
2132.763 142
2133.764 142
2134.766 142
2135.767 142
2136.768 142
2137.769 142
2138.770 142
2139.771 142
2140.771 142
2141.772 142
2142.773 142
2143.774 141
2144.775 141
2145.776 141
2146.777 141
2147.778 140
2148.779 140
2149.780 140
2150.781 140
2151.782 140
2152.783 140
2153.784 140
2154.785 140
2155.786 140
2156.787 140
2157.788 140
2158.789 140
2159.790 140
2160.791 140
2161.792 140
2162.793 140
2163.794 140
2164.795 140
2165.796 140
2166.797 140
2167.798 140
2168.799 140
2169.800 140
2170.801 140
2171.802 140
2172.803 140
2173.804 140
2174.805 140
2175.806 140
2176.807 140
2177.808 140
2178.809 140
2179.810 140
2180.811 140
2181.812 140
2182.812 140
2183.813 140
2184.814 140
2185.815 140
2186.816 139
2187.817 139
2188.818 139
2189.819 139
2190.820 139
2191.821 139
2192.822 139
2193.823 139
2194.824 139
2195.825 139
2196.826 139
2197.827 139
2198.828 139
2199.829 139
2200.830 139
2201.831 139
2202.832 138
2203.833 137
2204.834 137
2205.835 137
2206.836 137
2207.837 137
2208.838 137
2209.839 137
2210.840 137
2211.841 137
2212.842 137
2213.843 137
2214.844 137
2215.845 137
2216.846 137
2217.847 137
2218.848 137
2219.849 137
2220.850 137
2221.851 137
2222.852 137
2223.853 137
2224.854 137
2225.855 137
2226.856 137
2227.857 137
2228.858 137
2229.859 137
2230.860 137
2231.861 137
2232.862 136
2233.863 136
2234.864 136
2235.865 135
2236.865 135
2237.866 135
2238.867 135
2239.868 135
2240.869 135
2241.870 135
2242.871 135
2243.872 135
2244.873 135
2245.874 134
2246.875 134
2247.876 134
2248.877 134
2249.878 134
2250.879 134
2251.880 134
2252.881 134
2253.882 134
2254.883 134
2255.884 134
2256.885 134
2257.886 134
2258.887 134
2259.888 134
2260.889 134
2261.890 134
2262.891 134
2263.892 133
2264.893 132
2265.894 132
2266.895 132
2267.896 132
2268.897 132
2269.898 132
2270.899 132
2271.900 132
2272.901 132
2273.902 132
2274.903 132
2275.904 132
2276.905 132
2277.906 132
2278.906 132
2279.907 132
2280.908 132
2281.909 132
2282.910 132
2283.911 132
2284.912 132
2285.913 132
2286.914 132
2287.915 132
2288.916 132
2289.917 132
2290.918 132
2291.919 132
2292.920 132
2293.921 131
2294.922 131
2295.923 131
2296.924 131
2297.925 131
2298.926 131
2299.927 131
2300.928 131
2301.929 131
2302.930 131
2303.931 131
2304.932 131
2305.933 131
2306.934 131
2307.935 131
2308.936 131
2309.937 131
2310.938 131
2311.939 131
2312.940 131
2313.941 131
2314.942 131
2315.943 131
2316.944 131
2317.945 131
2318.946 131
2319.947 131
2320.948 131
2321.948 131
2322.949 131
2323.950 131
2324.951 131
2325.952 131
2326.953 131
2327.954 131
2328.955 131
2329.956 131
2330.957 131
2331.958 131
2332.959 131
2333.960 131
2334.961 131
2335.962 131
2336.963 131
2337.964 131
2338.965 131
2339.966 131
2340.967 131
2341.968 131
2342.969 131
2343.970 131
2344.971 131
2345.972 131
2346.973 131
2347.974 131
2348.975 131
2349.976 131
2350.977 131
2351.978 131
2352.979 131
2353.980 131
2354.981 131
2355.982 131
2356.983 131
2357.984 131
2358.985 131
2359.986 131
2360.987 131
2361.988 131
2362.989 131
2363.990 131
2364.990 131
2365.991 131
2366.992 131
2367.993 131
2368.994 131
2369.995 131
2370.996 131
2371.997 131
2372.998 130
2373.999 130
2375.000 130
2376.001 130
2377.002 130
2378.003 130
2379.004 130
2380.005 130
2381.006 130
2382.007 129
2383.008 129
2384.009 129
2385.010 128
2386.011 128
2387.012 128
2388.013 128
2389.014 128
2390.015 128
2391.016 128
2392.017 128
2393.018 128
2394.019 128
2395.020 128
2396.021 128
2397.022 128
2398.023 128
2399.024 128
2400.025 128
2401.026 128
2402.027 128
2403.028 128
2404.029 128
2405.030 128
2406.031 128
2407.031 128
2408.032 128
2409.033 128
2410.034 128
2411.035 128
2412.036 128
2413.037 128
2414.038 128
2415.039 128
2416.040 128
2417.041 128
2418.042 127
2419.043 127
2420.044 127
2421.045 127
2422.046 127
2423.047 127
2424.048 127
2425.049 127
2426.050 127
2427.051 127
2428.052 127
2429.053 127
2430.054 127
2431.055 127
2432.056 127
2433.057 127
2434.058 127
2435.059 127
2436.060 127
2437.061 127
2438.062 127
2439.063 127
2440.064 127
2441.065 127
2442.066 127
2443.067 127
2444.068 127
2445.069 127
2446.070 127
2447.071 127
2448.072 127
2449.073 127
2450.073 127
2451.074 127
2452.075 127
2453.076 127
2454.077 127
2455.078 127
2456.079 127
2457.080 127
2458.081 127
2459.082 127
2460.083 127
2461.084 127
2462.085 127
2463.086 127
2464.087 127
2465.088 127
2466.089 127
2467.090 127
2468.091 127
2469.092 127
2470.093 127
2471.094 127
2472.095 127
2473.096 127
2474.097 127
2475.098 127
2476.099 127
2477.100 127
2478.101 127
2479.102 127
2480.103 127
2481.104 127
2482.105 127
2483.106 127
2484.107 127
2485.108 127
2486.109 127
2487.110 127
2488.111 127
2489.112 127
2490.113 127
2491.114 127
2492.115 127
2493.115 127
2494.116 127
2495.117 127
2496.118 127
2497.119 127
2498.120 127
2499.121 127
2500.122 127
2501.123 127
2502.124 127
2503.125 127
2504.126 127
2505.127 127
2506.128 127
2507.129 127
2508.130 127
2509.131 127
2510.132 127
2511.133 127
2512.134 127
2513.135 127
2514.136 127
2515.137 127
2516.138 127
2517.139 127
2518.140 127
2519.141 127
2520.142 127
2521.143 127
2522.144 127
2523.145 127
2524.146 127
2525.147 127
2526.148 127
2527.149 127
2528.150 127
2529.151 127
2530.152 127
2531.153 127
2532.154 127
2533.155 127
2534.156 127
2535.156 127
2536.157 127
2537.158 127
2538.159 127
2539.160 127
2540.161 127
2541.162 127
2542.163 127
2543.164 127
2544.165 127
2545.166 127
2546.167 127
2547.168 127
2548.169 127
2549.170 127
2550.171 127
2551.172 127
2552.173 127
2553.174 127
2554.175 127
2555.176 127
2556.177 127
2557.178 127
2558.179 127
2559.180 127
2560.181 127
2561.182 127
2562.183 127
2563.184 127
2564.185 126
2565.186 126
2566.187 126
2567.188 126
2568.189 126
2569.190 126
2570.191 126
2571.192 125
2572.193 125
2573.194 125
2574.195 125
2575.196 125
2576.197 125
2577.198 125
2578.198 125
2579.199 125
2580.200 125
2581.201 125
2582.202 125
2583.203 125
2584.204 125
2585.205 125
2586.206 125
2587.207 125
2588.208 125
2589.209 124
2590.210 124
2591.211 124
2592.212 124
2593.213 124
2594.214 124
2595.215 124
2596.216 124
2597.217 124
2598.218 124
2599.219 124
2600.220 124
2601.221 124
2602.222 124
2603.223 124
2604.224 124
2605.225 124
2606.226 124
2607.227 124
2608.228 124
2609.229 124
2610.230 124
2611.231 124
2612.232 124
2613.233 124
2614.234 124
2615.235 124
2616.236 124
2617.237 124
2618.238 124
2619.239 124
2620.240 124
2621.240 124
2622.241 124
2623.242 124
2624.243 124
2625.244 124
2626.245 124
2627.246 124
2628.247 124
2629.248 124
2630.249 124
2631.250 124
2632.251 124
2633.252 124
2634.253 124
2635.254 124
2636.255 124
2637.256 124
2638.257 124
2639.258 124
2640.259 124
2641.260 124
2642.261 124
2643.262 124
2644.263 124
2645.264 124
2646.265 124
2647.266 124
2648.267 124
2649.268 124
2650.269 124
2651.270 124
2652.271 124
2653.272 124
2654.273 124
2655.274 124
2656.275 124
2657.276 124
2658.277 124
2659.278 124
2660.279 124
2661.280 124
2662.281 124
2663.281 124
2664.282 124
2665.283 124
2666.284 124
2667.285 124
2668.286 124
2669.287 124
2670.288 124
2671.289 124
2672.290 124
2673.291 124
2674.292 124
2675.293 124
2676.294 124
2677.295 124
2678.296 124
2679.297 124
2680.298 124
2681.299 124
2682.300 123
2683.301 123
2684.302 123
2685.303 123
2686.304 123
2687.305 123
2688.306 123
2689.307 123
2690.308 123
2691.309 123
2692.310 123
2693.311 123
2694.312 123
2695.313 123
2696.314 123
2697.315 123
2698.316 123
2699.317 123
2700.318 123
2701.319 123
2702.320 123
2703.321 123
2704.322 123
2705.323 123
2706.323 123
2707.324 123
2708.325 123
2709.326 123
2710.327 123
2711.328 123
2712.329 123
2713.330 123
2714.331 123
2715.332 123
2716.333 123
2717.334 123
2718.335 123
2719.336 123
2720.337 123
2721.338 123
2722.339 123
2723.340 123
2724.341 123
2725.342 123
2726.343 123
2727.344 123
2728.345 123
2729.346 123
2730.347 123
2731.348 123
2732.349 123
2733.350 123
2734.351 123
2735.352 123
2736.353 123
2737.354 123
2738.355 123
2739.356 123
2740.357 123
2741.358 123
2742.359 123
2743.360 123
2744.361 123
2745.362 123
2746.363 123
2747.364 123
2748.365 123
2749.365 123
2750.366 123
2751.367 123
2752.368 123
2753.369 123
2754.370 123
2755.371 123
2756.372 123
2757.373 123
2758.374 123
2759.375 123
2760.376 123
2761.377 123
2762.378 123
2763.379 123
2764.380 123
2765.381 123
2766.382 123
2767.383 123
2768.384 123
2769.385 123
2770.386 123
2771.387 123
2772.388 123
2773.389 123
2774.390 123
2775.391 123
2776.392 123
2777.393 123
2778.394 123
2779.395 123
2780.396 123
2781.397 123
2782.398 123
2783.399 123
2784.400 123
2785.401 123
2786.402 123
2787.403 123
2788.404 123
2789.405 123
2790.406 123
2791.406 123
2792.407 123
2793.408 123
2794.409 123
2795.410 123
2796.411 123
2797.412 123
2798.413 123
2799.414 123
2800.415 123
2801.416 123
2802.417 123
2803.418 123
2804.419 123
2805.420 123
2806.421 123
2807.422 123
2808.423 123
2809.424 123
2810.425 123
2811.426 123
2812.427 123
2813.428 123
2814.429 123
2815.430 123
2816.431 123
2817.432 123
2818.433 123
2819.434 123
2820.435 123
2821.436 123
2822.437 123
2823.438 123
2824.439 123
2825.440 123
2826.441 123
2827.442 122
2828.443 122
2829.444 122
2830.445 122
2831.446 122
2832.447 122
2833.448 122
2834.448 122
2835.449 122
2836.450 122
2837.451 122
2838.452 122
2839.453 122
2840.454 122
2841.455 122
2842.456 122
2843.457 122
2844.458 122
2845.459 122
2846.460 122
2847.461 122
2848.462 122
2849.463 122
2850.464 122
2851.465 122
2852.466 122
2853.467 122
2854.468 122
2855.469 122
2856.470 122
2857.471 122
2858.472 122
2859.473 122
2860.474 122
2861.475 122
2862.476 122
2863.477 122
2864.478 122
2865.479 122
2866.480 122
2867.481 122
2868.482 122
2869.483 122
2870.484 122
2871.485 122
2872.486 122
2873.487 122
2874.488 122
2875.489 122
2876.490 122
2877.490 122
2878.491 122
2879.492 122
2880.493 122
2881.494 122
2882.495 122
2883.496 122
2884.497 122
2885.498 122
2886.499 122
2887.500 122
2888.501 122
2889.502 122
2890.503 122
2891.504 122
2892.505 121
2893.506 121
2894.507 121
2895.508 121
2896.509 121
2897.510 121
2898.511 121
2899.512 121
2900.513 121
2901.514 121
2902.515 121
2903.516 121
2904.517 121
2905.518 121
2906.519 121
2907.520 121
2908.521 121
2909.522 121
2910.523 121
2911.524 121
2912.525 121
2913.526 121
2914.527 121
2915.528 121
2916.529 121
2917.530 121
2918.531 121
2919.531 121
2920.532 121
2921.533 121
2922.534 121
2923.535 121
2924.536 121
2925.537 121
2926.538 121
2927.539 121
2928.540 121
2929.541 121
2930.542 121
2931.543 121
2932.544 121
2933.545 120
2934.546 120
2935.547 120
2936.548 120
2937.549 120
2938.550 120
2939.551 120
2940.552 120
2941.553 120
2942.554 120
2943.555 120
2944.556 120
2945.557 120
2946.558 120
2947.559 120
2948.560 120
2949.561 120
2950.562 120
2951.563 120
2952.564 120
2953.565 120
2954.566 120
2955.567 120
2956.568 120
2957.569 120
2958.570 120
2959.571 120
2960.572 120
2961.573 120
2962.573 120
2963.574 120
2964.575 120
2965.576 120
2966.577 120
2967.578 120
2968.579 120
2969.580 120
2970.581 120
2971.582 120
2972.583 120
2973.584 120
2974.585 120
2975.586 120
2976.587 120
2977.588 120
2978.589 120
2979.590 120
2980.591 120
2981.592 120
2982.593 120
2983.594 120
2984.595 120
2985.596 120
2986.597 120
2987.598 120
2988.599 120
2989.600 120
2990.601 120
2991.602 120
2992.603 120
2993.604 120
2994.605 120
2995.606 120
2996.607 120
2997.608 120
2998.609 120
2999.610 120
3000.611 120
3001.612 120
3002.613 120
3003.614 120
3004.615 120
3005.616 120
3006.617 120
3007.618 120
3008.619 120
3009.620 120
3010.621 120
3011.622 120
3012.623 120
3013.624 120
3014.625 120
3015.625 120
3016.626 120
3017.627 120
3018.628 120
3019.629 120
3020.630 120
3021.631 120
3022.632 120
3023.633 120
3024.634 120
3025.635 120
3026.636 120
3027.637 120
3028.638 120
3029.639 120
3030.640 120
3031.641 120
3032.642 120
3033.643 120
3034.644 120
3035.645 120
3036.646 120
3037.647 120
3038.648 119
3039.649 119
3040.650 119
3041.651 119
3042.652 119
3043.653 119
3044.654 119
3045.655 119
3046.656 119
3047.657 119
3048.658 119
3049.659 119
3050.660 119
3051.661 119
3052.662 119
3053.663 119
3054.664 119
3055.665 119
3056.666 119
3057.667 119
3058.668 119
3059.669 119
3060.670 119
3061.671 119
3062.672 119
3063.673 119
3064.674 119
3065.675 119
3066.676 119
3067.677 119
3068.677 119
3069.678 119
3070.679 119
3071.680 119
3072.681 119
3073.682 119
3074.683 119
3075.684 119
3076.685 119
3077.686 119
3078.687 119
3079.688 119
3080.689 119
3081.690 119
3082.691 119
3083.692 119
3084.693 119
3085.694 119
3086.695 119
3087.696 119
3088.697 119
3089.698 119
3090.699 119
3091.700 119
3092.701 119
3093.702 119
3094.703 119
3095.704 119
3096.705 119
3097.706 119
3098.707 119
3099.708 119
3100.709 119
3101.710 119
3102.711 119
3103.712 119
3104.713 119
3105.714 119
3106.715 119
3107.716 119
3108.717 119
3109.718 119
3110.719 119
3111.719 119
3112.720 119
3113.721 119
3114.722 119
3115.723 119
3116.724 119
3117.725 119
3118.726 119
3119.727 119
3120.728 119
3121.729 119
3122.730 119
3123.731 119
3124.732 119
3125.733 119
3126.734 119
3127.735 119
3128.736 119
3129.737 119
3130.738 119
3131.739 119
3132.740 119
3133.741 119
3134.742 119
3135.743 119
3136.744 119
3137.745 119
3138.746 119
3139.747 119
3140.748 119
3141.749 119
3142.750 119
3143.751 119
3144.752 119
3145.753 119
3146.754 119
3147.755 119
3148.756 119
3149.757 119
3150.758 119
3151.759 119
3152.760 119
3153.760 119
3154.761 119
3155.762 119
3156.763 119
3157.764 119
3158.765 119
3159.766 119
3160.767 119
3161.768 119
3162.769 119
3163.770 119
3164.771 119
3165.772 119
3166.773 119
3167.774 119
3168.775 119
3169.776 119
3170.777 119
3171.778 119
3172.779 119
3173.780 119
3174.781 119
3175.782 119
3176.783 119
3177.784 119
3178.785 119
3179.786 119
3180.787 119
3181.788 119
3182.789 119
3183.790 119
3184.791 119
3185.792 119
3186.793 119
3187.794 119
3188.795 119
3189.796 119
3190.797 119
3191.798 119
3192.799 119
3193.800 119
3194.801 119
3195.802 119
3196.802 119
3197.803 119
3198.804 119
3199.805 119
3200.806 119
3201.807 119
3202.808 119
3203.809 119
3204.810 119
3205.811 119
3206.812 119
3207.813 119
3208.814 119
3209.815 119
3210.816 119
3211.817 119
3212.818 119
3213.819 119
3214.820 119
3215.821 119
3216.822 119
3217.823 119
3218.824 119
3219.825 119
3220.826 119
3221.827 119
3222.828 119
3223.829 119
3224.830 119
3225.831 118
3226.832 118
3227.833 118
3228.834 118
3229.835 118
3230.836 118
3231.837 118
3232.838 118
3233.839 118
3234.840 118
3235.841 118
3236.842 118
3237.843 118
3238.844 118
3239.844 118
3240.845 118
3241.846 118
3242.847 118
3243.848 118
3244.849 118
3245.850 118
3246.851 118
3247.852 118
3248.853 118
3249.854 118
3250.855 118
3251.856 118
3252.857 118
3253.858 118
3254.859 118
3255.860 118
3256.861 118
3257.862 118
3258.863 118
3259.864 118
3260.865 118
3261.866 118
3262.867 118
3263.868 118
3264.869 118
3265.870 118
3266.871 118
3267.872 118
3268.873 118
3269.874 118
3270.875 118
3271.876 118
3272.877 118
3273.878 118
3274.879 118
3275.880 118
3276.881 118
3277.882 118
3278.883 118
3279.884 118
3280.885 118
3281.885 118
3282.886 118
3283.887 118
3284.888 118
3285.889 118
3286.890 118
3287.891 118
3288.892 118
3289.893 118
3290.894 118
3291.895 118
3292.896 118
3293.897 118
3294.898 118
3295.899 118
3296.900 118
3297.901 118
3298.902 118
3299.903 118
3300.904 118
3301.905 118
3302.906 118
3303.907 118
3304.908 118
3305.909 118
3306.910 118
3307.911 118
3308.912 118
3309.913 118
3310.914 118
3311.915 118
3312.916 118
3313.917 118
3314.918 118
3315.919 118
3316.920 118
3317.921 118
3318.922 118
3319.923 118
3320.924 118
3321.925 118
3322.926 118
3323.927 118
3324.927 118
3325.928 118
3326.929 118
3327.930 118
3328.931 118
3329.932 118
3330.933 118
3331.934 118
3332.935 118
3333.936 118
3334.937 118
3335.938 118
3336.939 118
3337.940 118
3338.941 118
3339.942 118
3340.943 118
3341.944 118
3342.945 118
3343.946 118
3344.947 118
3345.948 118
3346.949 118
3347.950 118
3348.951 118
3349.952 118
3350.953 118
3351.954 118
3352.955 118
3353.956 118
3354.957 118
3355.958 118
3356.959 118
3357.960 118
3358.961 118
3359.962 118
3360.963 118
3361.964 118
3362.965 118
3363.966 118
3364.967 118
3365.968 118
3366.969 118
3367.969 118
3368.970 118
3369.971 118
3370.972 118
3371.973 118
3372.974 118
3373.975 118
3374.976 118
3375.977 118
3376.978 118
3377.979 118
3378.980 118
3379.981 118
3380.982 118
3381.983 118
3382.984 118
3383.985 118
3384.986 118
3385.987 118
3386.988 118
3387.989 118
3388.990 118
3389.991 118
3390.992 118
3391.993 118
3392.994 118
3393.995 118
3394.996 118
3395.997 118
3396.998 118
3397.999 118
3399.000 118
3400.001 118
3401.002 118
3402.003 118
3403.004 118
3404.005 118
3405.006 118
3406.007 118
3407.008 118
3408.009 118
3409.010 118
3410.010 118
3411.011 118
3412.012 118
3413.013 118
3414.014 118
3415.015 118
3416.016 118
3417.017 118
3418.018 118
3419.019 118
3420.020 118
3421.021 118
3422.022 118
3423.023 118
3424.024 118
3425.025 118
3426.026 118
3427.027 118
3428.028 118
3429.029 118
3430.030 118
3431.031 118
3432.032 118
3433.033 118
3434.034 118
3435.035 118
3436.036 118
3437.037 118
3438.038 118
3439.039 118
3440.040 118
3441.041 118
3442.042 118
3443.043 118
3444.044 118
3445.045 118
3446.046 118
3447.047 118
3448.048 118
3449.049 118
3450.050 118
3451.051 118
3452.052 118
3453.052 118
3454.053 118
3455.054 118
3456.055 118
3457.056 118
3458.057 118
3459.058 118
3460.059 118
3461.060 118
3462.061 118
3463.062 118
3464.063 118
3465.064 118
3466.065 118
3467.066 117
3468.067 117
3469.068 117
3470.069 117
3471.070 117
3472.071 117
3473.072 117
3474.073 117
3475.074 117
3476.075 117
3477.076 117
3478.077 117
3479.078 117
3480.079 117
3481.080 117
3482.081 117
3483.082 117
3484.083 117
3485.084 117
3486.085 117
3487.086 117
3488.087 117
3489.088 117
3490.089 117
3491.090 117
3492.091 117
3493.092 117
3494.093 117
3495.094 117
3496.094 117
3497.096 117
3498.096 117
3499.097 117
3500.098 117
3501.099 117
3502.100 117
3503.101 117
3504.102 117
3505.103 117
3506.104 117
3507.105 117
3508.106 117
3509.107 117
3510.108 117
3511.109 117
3512.110 117
3513.111 117
3514.112 117
3515.113 117
3516.114 117
3517.115 117
3518.116 117
3519.117 117
3520.118 117
3521.119 117
3522.120 117
3523.121 117
3524.122 117
3525.123 117
3526.124 117
3527.125 117
3528.126 117
3529.127 117
3530.128 117
3531.129 117
3532.130 117
3533.131 117
3534.132 117
3535.133 117
3536.134 117
3537.135 117
3538.135 117
3539.136 117
3540.137 117
3541.138 117
3542.139 117
3543.140 117
3544.141 117
3545.142 117
3546.143 117
3547.144 117
3548.146 117
3549.147 117
3550.148 117
3551.149 117
3552.150 117
3553.151 117
3554.152 117
3555.153 117
3556.154 117
3557.155 117
3558.156 117
3559.157 117
3560.158 117
3561.159 117
3562.160 117
3563.161 117
3564.162 117
3565.163 117
3566.164 117
3567.165 117
3568.166 117
3569.167 117
3570.167 117
3571.168 117
3572.169 117
3573.170 117
3574.171 117
3575.172 117
3576.173 117
3577.174 117
3578.175 117
3579.176 117
3580.177 117
3581.178 117
3582.179 117
3583.180 117
3584.181 117
3585.182 117
3586.183 117
3587.184 117
3588.185 117
3589.186 117
3590.187 117
3591.188 117
3592.189 117
3593.190 117
3594.191 117
