1 .053
2 1.191
3 .498
4 .334
5 1.544
6 .047
7 .126
8 .174
9 .256
10 .893
11 .028
12 .401
13 .023
14 .124
15 .067
16 .129
17 .120
18 1.257
19 .011
20 1.063
21 .460
22 1.009
23 .063
24 .016
25 1.372
26 .601
27 .851
28 .005
29 1.062
30 .429
31 .006
32 .085
33 .027
34 .042
35 .371
36 .118
37 .451
38 .035
39 .923
40 .041
41 2.167
42 1.164
43 .195
44 1.071
45 .018
46 .019
47 .006
48 1.222
49 .025
50 .425
51 .504
52 .470
53 .016
54 .127
55 .732
56 .005
57 .415
58 .398
59 .022
60 .713
61 2.539
62 .072
63 .027
64 .567
65 .045
66 .279
67 .019
68 .027
69 .177
70 .247
71 .236
72 1.144
73 .408
74 .019
75 .153
76 .021
77 .017
78 .098
79 .286
80 .461
81 .064
82 .070
83 .255
84 1.158
85 .194
86 .178
87 .231
88 .010
89 .427
90 .070
91 .035
92 1.030
93 .423
94 .655
95 .269
96 .618
97 1.459
98 .630
99 .023
100 .282
101 .032
102 1.098
103 .508
104 .257
105 .073
106 .034
107 .722
108 .375
109 .268
110 .340
111 .838
112 1.090
113 .470
114 1.292
115 .503
116 .571
117 .994
118 .065
119 .608
120 .442
121 .433
122 .018
123 .423
124 .395
125 .034
126 .499
127 1.310
128 .487
129 .067
130 .969
131 .337
132 .353
133 .859
134 .603
135 .588
136 .684
137 .378
138 .403
139 .578
140 1.028
141 .032
142 1.019
143 .160
144 .424
145 1.121
146 .147
147 .724
148 .021
149 2.642
150 1.107
151 .838
152 .003
153 .292
154 .046
155 .753
156 .007
157 .658
158 1.268
159 .024
160 1.707
161 .341
162 .808
163 .025
164 .644
165 1.061
166 .584
167 .421
168 .058
169 .014
170 .632
171 .707
172 .530
173 .201
174 .008
175 .075
176 .003
177 .134
178 .457
179 .190
180 .907
181 .141
182 1.195
183 .494
184 .052
185 .393
186 .738
187 .010
188 .034
189 .076
190 2.077
191 .312
192 .357
193 .034
194 1.127
195 1.513
196 .208
197 1.143
198 .194
199 .004
200 .462
201 .030
202 .199
203 .270
204 .428
205 .675
206 .367
207 2.048
208 .201
209 .021
210 .970
211 .278
212 .131
213 .292
214 .020
215 .181
216 .162
217 .410
218 .717
219 .416
220 .901
221 .045
222 .359
223 .042
224 .368
225 .278
226 .030
227 .156
228 .197
229 .599
230 .255
231 .028
232 .799
233 .089
234 .091
235 .657
236 .342
237 .120
238 .014
239 .854
240 .511
241 .070
242 .301
243 .023
244 .346
245 .886
246 .289
247 .031
248 .360
249 .047
250 .082
251 .922
252 .043
253 .836
254 .222
255 .008
256 .245
257 .170
258 .922
259 .138
260 .065
261 .021
262 .005
263 .024
264 .040
265 .204
266 .066
267 .090
268 .494
269 .248
270 .336
271 .799
272 .631
273 .009
274 .553
275 .727
276 .032
277 .253
278 .824
279 1.267
280 .062
281 1.394
282 .569
283 .005
284 1.228
285 1.983
286 .386
287 .027
288 .437
289 .756
290 .532
291 1.435
292 .099
293 .482
294 .998
295 .479
296 .070
297 .856
298 .419
299 .021
300 .004
301 .223
302 .034
303 .689
304 .173
305 .037
306 1.522
307 .050
308 .030
309 .807
310 .253
311 .127
312 .088
313 .036
314 .023
315 .179
316 .052
317 .439
318 .559
319 .022
320 .234
321 .172
322 .051
323 .057
324 .933
325 .313
326 .673
327 .582
328 1.046
329 .382
330 .428
331 1.041
332 .027
333 .824
334 .061
335 .876
336 1.362
337 .850
338 .720
339 .004
340 .670
341 .225
342 .058
343 .793
344 .026
345 .393
346 .018
347 .247
348 1.086
349 .144
350 .022
351 .461
352 .280
353 .998
354 .129
355 1.210
356 .240
357 .069
358 .714
359 .040
360 .315
361 .008
362 .371
363 .104
364 .015
365 .129
366 .481
367 .033
368 .979
369 1.061
370 1.230
371 .454
372 .250
373 .381
374 .795
375 1.645
376 .378
377 .247
378 .159
379 .025
380 .068
381 1.236
382 1.348
383 .998
384 .070
385 .050
386 .051
387 1.070
388 .826
389 .317
390 .554
391 .006
392 .323
393 .023
394 .257
395 .894
396 .630
397 .720
398 1.060
399 .187
400 .109
