0.204122 1
0.236686 2
0.348024 3
0.406155 4
0.530257 5
0.734051 6
0.848373 7
1.120072 8
1.278174 9
1.478161 10
1.717281 11
1.868885 12
2.121105 13
2.506317 14
2.669788 15
3.098049 16
3.231083 17
3.273090 18
3.306063 19
3.331745 20
3.602016 21
3.968739 22
4.018095 23
4.526922 24
4.831329 25
4.875335 26
5.029934 27
5.069832 28
5.103569 29
5.118469 30
5.270738 31
5.593104 32
5.643066 33
7.606470 34
8.221773 35
8.357113 36
8.509785 37
9.220177 38
9.311687 39
10.441570 40
10.977903 41
14.186968 42
16.113523 43
16.390278 44
17.970076 45
23.018681 46
24.149948 47
24.153332 48
24.182360 49
26.575180 50
26.685293 51
27.015495 52
27.507507 53
28.804548 54
28.988182 55
31.068371 56
32.673481 57
33.059788 58
36.536896 59
38.200016 60
39.805309 61
39.895584 62
40.313023 63
41.671829 64
41.903690 65
45.485569 66
51.855270 67
52.664406 68
52.886116 69
55.782299 70
57.814758 71
58.375664 72
60.835915 73
63.735134 74
66.871368 75
67.270164 76
67.571945 77
68.940582 78
70.895081 79
71.724030 80
73.179626 81
75.234146 82
75.618637 83
76.368599 84
78.093803 85
78.282257 86
80.613419 87
82.457779 88
83.721405 89
84.832718 90
85.092041 91
85.326752 92
87.002335 93
88.539169 94
89.890137 95
90.929001 96
91.066269 97
92.583115 98
102.570770 99
103.627014 100
103.715347 101
105.183990 102
106.887375 103
107.381248 104
107.521935 105
109.818100 106
111.625847 107
111.831833 108
117.663818 109
117.779335 110
117.858513 111
117.878601 112
120.728241 113
121.651161 114
124.663475 115
128.629639 116
131.554016 117
137.977417 118
142.888687 119
146.941330 120
149.003159 121
151.883636 122
154.747421 123
162.436325 124
163.991379 125
164.979828 126
171.445618 127
174.355209 128
178.815582 129
185.957901 130
188.055923 131
188.328949 132
188.851837 133
189.886932 134
192.117188 135
207.852570 136
218.421753 137
218.941101 138
220.321442 139
222.613464 140
222.788437 141
225.312881 142
229.503693 143
236.851852 144
237.088577 145
240.100174 146
240.847366 147
241.736603 148
242.341583 149
244.414413 150
251.665512 151
254.202682 152
256.084808 153
257.378754 154
258.879425 155
259.617462 156
263.449127 157
265.533508 158
272.359192 159
273.407959 160
283.655975 161
284.439575 162
289.982391 163
322.358185 164
335.379913 165
344.329926 166
360.074921 167
362.436005 168
366.118042 169
381.348694 170
381.707489 171
401.922394 172
402.571167 173
414.617828 174
415.414673 175
418.170959 176
421.011627 177
422.375885 178
424.403900 179
425.703918 180
427.411804 181
432.228455 182
433.339294 183
434.845093 184
439.894318 185
450.337952 186
467.433807 187
499.885590 188
507.396637 189
521.581177 190
523.660583 191
526.996399 192
538.852478 193
539.628235 194
548.947388 195
557.411499 196
561.239685 197
567.671631 198
632.759094 199
637.295227 200
645.040222 201
653.918945 202
674.265625 203
674.726929 204
675.142212 205
690.865723 206
693.597900 207
704.503906 208
706.891296 209
736.908020 210
746.102356 211
780.574402 212
791.982483 213
794.437439 214
841.960693 215
853.998108 216
858.319458 217
868.931824 218
889.010254 219
923.198303 220
957.063782 221
972.943237 222
992.117432 223
1004.815918 224
1005.719666 225
1035.060913 226
1041.817627 227
1072.464233 228
1081.820068 229
1087.774902 230
1146.641602 231
1189.193481 232
1192.514404 233
1201.229126 234
1202.196411 235
1220.733521 236
1220.787109 237
1253.672485 238
1278.196899 239
1334.495850 240
1364.625610 241
1423.875000 242
1474.165283 243
1480.801758 244
1511.959106 245
1551.105591 246
1569.731201 247
1592.937134 248
1609.844727 249
1615.833252 250
1645.993896 251
1650.925659 252
1659.363037 253
1667.238403 254
1669.787354 255
1674.495850 256
1705.815063 257
1736.243896 258
1786.354858 259
1856.757690 260
1939.476074 261
1950.595215 262
1973.122803 263
1975.804688 264
2060.274170 265
2234.501953 266
2246.513428 267
2271.222168 268
2317.743896 269
2324.252197 270
2421.052246 271
2483.378662 272
2495.460938 273
2503.013184 274
2521.572021 275
2873.451660 276
2898.396484 277
2898.894531 278
2948.887207 279
3074.850342 280
3306.474121 281
3373.626221 282
3430.911621 283
3487.152100 284
3658.967773 285
3744.355713 286
3779.183594 287
3814.862549 288
4103.474121 289
4104.271973 290
4134.232910 291
4235.280273 292
4580.688477 293
5304.108887 294
5326.220215 295
5419.944336 296
5475.371094 297
6092.856934 298
6125.818848 299
