1 100025
2 100048
3 100030
4 100027
5 100032
6 100050
7 100057
8 100040
9 100074
10 100058
11 100068
12 100035
13 100055
14 100067
15 100021
16 100012
17 100043
18 100005
19 100020
20 100061
21 100022
22 100031
23 100003
24 100033
25 100029
26 100004
27 100045
28 100070
29 100014
30 100008
31 100073
32 100044
33 100023
34 100060
35 100013
36 100077
37 100052
38 100039
39 100062
40 100019
41 100041
42 100072
43 100069
44 100063
45 100046
46 100037
47 100064
48 100051
49 100056
50 100054
51 100002
52 100047
53 100049
54 100015
55 100006
56 100018
57 100007
58 100053
59 100034
60 100010
61 100065
62 100011
63 100078
64 100038
65 100009
66 100017
67 100024
68 100066
69 100001
70 100076
71 100042
72 100075
73 100079
74 100026
75 100036
76 100059
77 100016
78 100071
79 100028
80 100080
