100001 69
100002 51
100003 23
100004 26
100005 18
100006 55
100007 57
100008 30
100009 65
100010 60
100011 62
100012 16
100013 35
100014 29
100015 54
100016 77
100017 66
100018 56
100019 40
100020 19
100021 15
100022 21
100023 33
100024 67
100025 1
100026 74
100027 4
100028 79
100029 25
100030 3
100031 22
100032 5
100033 24
100034 59
100035 12
100036 75
100037 46
100038 64
100039 38
100040 8
100041 41
100042 71
100043 17
100044 32
100045 27
100046 45
100047 52
100048 2
100049 53
100050 6
100051 48
100052 37
100053 58
100054 50
100055 13
100056 49
100057 7
100058 10
100059 76
100060 34
100061 20
100062 39
100063 44
100064 47
100065 61
100066 68
100067 14
100068 11
100069 43
100070 28
100071 78
100072 42
100073 31
100074 9
100075 72
100076 70
100077 36
100078 63
100079 73
100080 80
