0.001 1
0.001 2
0.001 3
0.002 4
0.004 5
0.1 6
0.248 7
0.274 8
2.3 9
8.455 10
10.006 11
27.5 12
48.880 13
53.396 14
58.6 15
60.743 16
64.616 17
68.496 18
70.0 19
75.1 20
78.513 21
79.2 22
81.116 23
86.2 24
103.932 25
106.333 26
111.931 27
117.001 28
125.989 29
128.156 30
132.493 31
134.227 32
140.815 33
147.700 34
151.181 35
152.4 36
157.484 37
162.080 38
164.187 39
171.511 40
172.2 41
177.149 42
178.320 43
192.7 44
205.174 45
211.136 46
212.942 47
221.761 48
223.801 49
232.596 50
234.422 51
237.2 52
240.347 53
244.777 54
249.8 55
270.4 56
270.9 57
274.325 58
280.599 59
295.7 60
297.412 61
300.276 62
304.445 63
317.726 64
326.722 65
362.788 66
364.9 67
365.047 68
369.9 69
386.338 70
386.448 71
386.986 72
395.113 73
399.9 74
402.313 75
409.8 76
438.329 77
438.375 78
442.819 79
443.000 80
453.123 81
471.698 82
482.262 83
485.482 84
503.945 85
508.621 86
539.238 87
539.507 88
544.638 89
560.047 90
603.8 91
631.468 92
635.6 93
702.570 94
721.6 95
738.9 96
749.297 97
819.946 98
824.1 99
861.5 100
927.852 101
955.180 102
972.9 103
973.287 104
996.669 105
1017.648 106
1037.824 107
1058.573 108
1069.004 109
1232.338 110
1267.860 111
1279.812 112
1281.264 113
1308.052 114
1371.284 115
1436.853 116
1496.088 117
1507.4 118
1536.729 119
1546.190 120
1611.325 121
1637.104 122
1668.013 123
1670.8 124
1742.948 125
1749.9 126
1751.743 127
1753.8 128
1755.0 129
1761.168 130
1776.866 131
1805.005 132
1817.731 133
1836.778 134
1843.3 135
1856.718 136
1933.0 137
1947.692 138
1948.837 139
1991.4 140
2027.444 141
2041.1 142
2123.4 143
2184.808 144
2201.984 145
2235.938 146
2281.198 147
2283.405 148
2388.9 149
2457.7 150
2557.708 151
2587.593 152
2598.082 153
2675.923 154
2696.376 155
2703.975 156
2760.596 157
2760.826 158
2772.983 159
2865.620 160
2919.394 161
2971.4 162
3132.8 163
3151.770 164
3208.5 165
3330.959 166
3364.3 167
3458.253 168
3462.727 169
3538.153 170
3550.847 171
3622.452 172
3657.352 173
3941.6 174
3969.202 175
4055.417 176
4145.955 177
4160.067 178
4252.084 179
4438.213 180
4500.361 181
4970.703 182
5369.063 183
5381.055 184
5569.016 185
5802.7 186
5903.494 187
6137.993 188
6176.414 189
6295.712 190
6444.002 191
6461.551 192
6614.631 193
6703.131 194
6864.239 195
7108.0 196
