0.162109 1
0.178833 2
0.187057 3
0.341949 4
0.657295 5
0.710411 6
0.925862 7
1.023033 8
1.751648 9
2.625549 10
2.669128 11
2.976196 12
3.546753 13
4.865112 14
7.507080 15
7.944580 16
8.222260 17
10.125977 18
11.158447 19
11.188843 20
11.442407 21
11.993286 22
12.249928 23
12.962738 24
13.387939 25
13.714111 26
13.994263 27
15.060059 28
15.766602 29
17.239159 30
19.945312 31
21.459717 32
24.194727 33
26.285431 34
26.529793 35
28.965576 36
30.213074 37
30.838501 38
32.760071 39
35.249359 40
36.437622 41
38.434998 42
38.669434 43
40.908447 44
46.130249 45
59.322876 46
59.361816 47
60.672363 48
62.030762 49
94.855225 50
100.773315 51
112.568268 52
117.674561 53
124.229912 54
129.088318 55
185.116943 56
189.928467 57
227.649780 58
