1.908 1
2.139 2
2.792 3
13.599 4
25.852 5
27.254 6
38.817 7
39.006 8
65.538 9
82.781 10
125.565 11
125.730 12
126.755 13
153.044 14
336.583 15
344.834 16
439.843 17
440.193 18
455.255 19
649.719 20
652.365 21
691.060 22
721.965 23
755.766 24
788.652 25
849.122 26
978.213 27
984.610 28
1014.825 29
1016.650 30
1071.174 31
1133.207 32
1139.699 33
1162.175 34
1181.139 35
1206.625 36
1262.951 37
1279.124 38
1481.641 39
1576.498 40
1600.605 41
1611.797 42
1826.941 43
1829.919 44
1880.101 45
1889.283 46
1903.305 47
1911.252 48
1923.248 49
1925.571 50
1957.951 51
2018.627 52
2029.787 53
2066.227 54
2153.225 55
2161.186 56
2174.907 57
2251.355 58
