1 .058
2 .012
3 .487
4 .008
5 .023
6 .032
7 .015
8 .017
9 .266
10 .062
11 .005
12 .005
13 .007
14 .005
15 .003
16 .025
17 .111
18 .008
19 .005
20 .007
21 .006
22 .002
23 .009
24 .011
25 .007
26 .010
27 .039
28 .003
29 .008
30 .100
31 .019
32 .020
33 .010
34 .012
35 .006
36 .017
37 .005
38 .032
39 .232
40 .032
41 .010
42 .018
43 .007
44 .007
45 .004
46 .006
47 .008
48 .005
49 .005
50 .018
51 .063
52 .135
53 .008
54 .030
55 .008
56 .037
57 .007
58 .013
59 .005
60 .013
61 .006
62 .010
63 .012
64 .006
65 .006
66 .005
67 .026
68 .009
69 .006
70 .011
71 .007
72 .338
73 .019
74 .005
75 .070
76 .005
77 .008
78 .024
79 .044
80 .040
