.089 1
.101 2
.111 3
.261 4
.287 5
.488 6
.725 7
.962 8
1.108 9
1.910 10
1.984 11
2.132 12
2.314 13
2.976 14
3.205 15
3.822 16
4.899 17
5.596 18
6.687 19
6.785 20
8.118 21
9.334 22
9.568 23
9.843 24
9.952 25
9.963 26
10.238 27
12.826 28
12.969 29
13.343 30
14.210 31
14.613 32
16.163 33
16.903 34
17.268 35
18.934 36
20.948 37
21.005 38
22.006 39
23.739 40
28.499 41
30.846 42
31.885 43
33.621 44
34.088 45
46.072 46
48.919 47
55.920 48
62.168 49
62.406 50
66.266 51
70.293 52
71.940 53
75.351 54
78.011 55
97.635 56
105.971 57
135.586 58
146.709 59
148.347 60
178.209 61
201.887 62
244.933 63
