1 xxx 27.07106449302834997261 642.64 23.739
2 xxx 43.33333333333333333333 4.81 .111
3 xxx 33.73883358204378666775 1650.47 48.919
4 xxx 397.81421534130893736805 5652.94 14.210
7 xxx 7.44602217467418790118 229.68 30.846
8 xxx 67.40951957235400783298 10000 148.347
10 xxx 3.50227536361202819666 117.75 33.621
11 xxx 1071.35204628240839940004 10000 9.334
12 xxx 1051.01045296167247386759 301.64 .287
13 xxx 160.20316468060168001562 1640.16 10.238
15 xxx 73.75392670157068062827 140.87 1.910
16 xxx 2.35458756916741732080 146.38 62.168
17 xxx 15.71230020847810979847 271.32 17.268
18 xxx 40.68800119913063029303 542.90 13.343
19 xxx 20.22485135665348745963 1340.22 66.266
20 xxx 82.84315610678460404448 5169.91 62.406
21 xxx 137.28830645161290322580 272.38 1.984
22 xxx 175.06773945453469798260 2959.17 16.903
24 xxx .77185586670681521630 7.69 9.963
26 xxx 49.53265935894832257649 10000 201.887
27 xxx 42.27459016393442622950 20.63 .488
28 xxx 117.35101404056162246489 376.11 3.205
29 xxx 19.79827294325181739291 1391.68 70.293
30 xxx 5.00504855101867492049 530.39 105.971
31 xxx 36.47566798740221477191 359.03 9.843
34 xxx 99009.90099009900990099009 10000 .101
35 xxx 266.86257562662057044079 617.52 2.314
36 xxx 31.41177652733118971061 312.61 9.952
37 xxx 22280.00000000000000000000 1982.92 .089
38 xxx 4.92404965687408435500 63.86 12.969
39 xxx 2.72174118271797973242 369.03 135.586
40 xxx 62.88740776005712925493 1320.95 21.005
41 xxx 9.57398659932246828756 1404.59 146.709
42 xxx 17.23005282179594106199 1239.53 71.940
43 xxx 10.27964890794039599918 50.36 4.899
44 xxx 7.24778607397117555131 333.92 46.072
45 xxx 2.48194945848375451263 2.75 1.108
46 xxx 416.35135135135135135135 400.53 .962
47 xxx 65.44317369549678341672 366.22 5.596
48 xxx 132.71224004989980225876 10000 75.351
49 xxx 26.11418751193431353828 547.04 20.948
50 xxx 3.77925597437792559743 30.68 8.118
51 xxx 4.55743420799630821294 355.53 78.011
52 xxx 178.82689556509298998569 10000 55.920
53 xxx .60975609756097560975 1.30 2.132
54 xxx 2.69825268817204301075 8.03 2.976
55 xxx 127.65164509589895524715 1637.26 12.826
56 xxx 33.65959289735816370723 544.04 16.163
59 xxx 3.37593746699059892257 63.92 18.934
61 xxx 233.37803979366249078850 1583.47 6.785
62 xxx 58.00794314381270903010 555.02 9.568
63 xxx .00202009999494975001 0.36 178.209
64 xxx 4.20748886667272562028 92.59 22.006
65 xxx 2.59808687470597459620 82.84 31.885
66 xxx 40.82749159974360335275 10000 244.933
67 xxx 293.35836658061487913635 10000 34.088
68 xxx 51.22916593564686480227 1459.98 28.499
69 xxx 281.45593869731800766283 73.46 .261
71 xxx 13793.10344827586206896551 10000 .725
72 xxx 1.57965893378399139652 154.23 97.635
78 xxx 6.38851502916105877074 42.72 6.687
79 xxx 11.09105180533751962323 42.39 3.822
80 xxx 32.03312119345787996988 468.10 14.613
