.069 1
.083 2
.109 3
.179 4
.260 5
.655 6
.679 7
.949 8
1.549 9
1.846 10
1.989 11
2.023 12
2.928 13
3.775 14
4.059 15
4.145 16
4.190 17
4.965 18
5.208 19
5.896 20
7.430 21
8.439 22
8.938 23
9.014 24
9.067 25
9.231 26
11.112 27
11.365 28
11.865 29
12.644 30
12.864 31
13.401 32
13.874 33
14.921 34
15.541 35
17.301 36
17.586 37
19.577 38
19.810 39
20.031 40
20.309 41
20.947 42
21.375 43
22.354 44
30.153 45
31.735 46
42.034 47
52.554 48
53.562 49
61.030 50
64.397 51
65.514 52
66.300 53
82.577 54
89.295 55
93.432 56
98.828 57
107.899 58
117.859 59
127.026 60
135.675 61
200.685 62
205.455 63
