1 xxx 31.64311389039342163572 642.64 20.309
2 xxx 44.12844036697247706422 4.81 .109
3 xxx 25.19263058277620050676 1650.47 65.514
4 xxx 421.82971420043280352212 5652.94 13.401
7 xxx 10.27467119978527332915 229.68 22.354
8 xxx 121.09909538975743851193 10000 82.577
10 xxx 3.90508407123669286638 117.75 30.153
11 xxx 1102.90062865335833241424 10000 9.067
12 xxx 1160.15384615384615384615 301.64 .260
13 xxx 147.60259179265658747300 1640.16 11.112
15 xxx 76.31094257854821235102 140.87 1.846
16 xxx 1.63928551430651212273 146.38 89.295
17 xxx 15.68233050112710247962 271.32 17.301
18 xxx 42.93736159443214172730 542.90 12.644
19 xxx 25.02184384451663492774 1340.22 53.562
20 xxx 40.69962055012359674397 5169.91 127.026
21 xxx 65.71290711700844390832 272.38 4.145
22 xxx 213.28888568545480755369 2959.17 13.874
24 xxx .85311737297537164410 7.69 9.014
26 xxx 2386.63484486873508353221 10000 4.190
27 xxx 30.38291605301914580265 20.63 .679
28 xxx 11.85158342524027099417 376.11 31.735
29 xxx 20.99064856711915535444 1391.68 66.300
30 xxx 8.23625324161063403574 530.39 64.397
31 xxx 40.16894159767285746251 359.03 8.938
34 xxx 120481.92771084337349397590 10000 .083
35 xxx 305.24962926347009391992 617.52 2.023
36 xxx 33.86523670241577293900 312.61 9.231
37 xxx 28737.97101449275362318840 1982.92 .069
38 xxx 5.38221660345554150863 63.86 11.865
39 xxx 1.83885193213244637117 369.03 200.685
40 xxx 65.94528480854675253357 1320.95 20.031
41 xxx 11.91754554170661553211 1404.59 117.859
42 xxx 13.26665382310129291891 1239.53 93.432
43 xxx 12.40699679724069967972 50.36 4.059
44 xxx 7.94404529666460484369 333.92 42.034
45 xxx 1.77533892834086507424 2.75 1.549
46 xxx 422.05479452054794520547 400.53 .949
47 xxx 73.76032225579053373615 366.22 4.965
48 xxx 92.67926486807106646030 10000 107.899
49 xxx 26.11543419105361149567 547.04 20.947
50 xxx 3.63550183671051072401 30.68 8.439
51 xxx 5.82549565787317712600 355.53 61.030
52 xxx 190.28047341781786353084 10000 52.554
53 xxx .65359477124183006535 1.30 1.989
54 xxx 2.74248633879781420765 8.03 2.928
55 xxx 127.27456467661691542288 1637.26 12.864
56 xxx 27.46289752650176678445 544.04 19.810
58 xxx 4.67875437626681407775 634.79 135.675
59 xxx 5.62428508578970523537 63.92 11.365
60 xxx .79282567958920444866 162.89 205.455
61 xxx 268.56682496607869742198 1583.47 5.896
62 xxx 106.57066052227342549923 555.02 5.208
64 xxx 6.20534816701293478989 92.59 14.921
65 xxx 3.87555555555555555555 82.84 21.375
67 xxx 510.80349389589824794401 10000 19.577
68 xxx 83.01944728761514841351 1459.98 17.586
69 xxx 410.39106145251396648044 73.46 .179
71 xxx 15267.17557251908396946564 10000 .655
72 xxx 1.56059011616141174565 154.23 98.828
78 xxx 5.74966352624495289367 42.72 7.430
79 xxx 11.22913907284768211920 42.39 3.775
80 xxx 30.12032687729232353130 468.10 15.541
