1 xxx 90.76271603722487567088 1843.3 20.309
2 xxx 91743.11926605504587155963 10000 .109
3 xxx 2.94135604603596177916 192.7 65.514
4 xxx 746.21296918140437280799 10000 13.401
7 xxx 12.09626912409412185738 270.4 22.354
8 xxx 121.09909538975743851193 10000 82.577
10 xxx 5.05422346035220376081 152.4 30.153
11 xxx 1102.90062865335833241424 10000 9.067
12 xxx .38461538461538461538 0.1 .260
13 xxx 281.92944564434845212383 3132.8 11.112
15 xxx 40.68255687973997833152 75.1 1.846
16 xxx 27.52337756873285178341 2457.7 89.295
17 xxx 13.71019016241835732038 237.2 17.301
18 xxx 47.75387535590003163555 603.8 12.644
19 xxx 44.60064971434972555169 2388.9 53.562
20 xxx 78.72404074756349093886 10000 127.026
21 xxx 2412.54523522316043425814 10000 4.145
22 xxx 720.77266830041804814761 10000 13.874
24 xxx 3.05080985134235633459 27.5 9.014
26 xxx 2386.63484486873508353221 10000 4.190
27 xxx 14727.54050073637702503681 10000 .679
28 xxx 315.10950055144162596502 10000 31.735
29 xxx 150.82956259426847662141 10000 66.300
30 xxx 27.23418792800906874543 1753.8 64.397
31 xxx 108.84985455359140747370 972.9 8.938
34 xxx 0 0.0 .083
35 xxx 4943.15373208106772120612 10000 2.023
36 xxx 89.27526811829704257393 824.1 9.231
37 xxx 0 0.0 .069
38 xxx 14.51327433628318584070 172.2 11.865
39 xxx 42.82333009442658893290 8594.0 200.685
40 xxx 96.50042434226948230243 1933.0 20.031
41 xxx 14.84740240456817044095 1749.9 117.859
42 xxx 18.78371435910608784998 1755.0 93.432
43 xxx 100.96082779009608277900 409.8 4.059
44 xxx 17.16705524099538468858 721.6 42.034
45 xxx 190.89735313105229180116 295.7 1.549
46 xxx 2237.51317175974710221285 2123.4 .949
47 xxx 80.54380664652567975830 399.9 4.965
48 xxx 83.42802064894021260623 9001.8 107.899
49 xxx 30.34324724304196304960 635.6 20.947
50 xxx 6.94395070505984121341 58.6 8.439
51 xxx 24.69932819924627232508 1507.4 61.030
52 xxx 38.83814742931080412528 2041.1 52.554
53 xxx 1.15635997988939165409 2.3 1.989
54 xxx 252.35655737704918032786 738.9 2.928
55 xxx 66.96983830845771144278 861.5 12.864
56 xxx 100.52498738011105502271 1991.4 19.810
58 xxx 73.70554634236226276027 10000 135.675
59 xxx 7.58468983721953365596 86.2 11.365
60 xxx 16.37487527682460879511 3364.3 205.455
61 xxx 283.37856173677069199457 1670.8 5.896
62 xxx 616.07142857142857142857 3208.5 5.208
64 xxx 16.74150526104148515515 249.8 14.921
65 xxx 139.01286549707602339181 2971.4 21.375
67 xxx 296.40394340297287633447 5802.7 19.577
68 xxx 568.63414079381326054816 10000 17.586
69 xxx 391.06145251396648044692 70.0 .179
71 xxx 10851.90839694656488549618 7108.0 .655
72 xxx 39.88343384465940826486 3941.6 98.828
78 xxx 10.65948855989232839838 79.2 7.430
79 xxx 71.76158940397350993377 270.9 3.775
80 xxx 23.47982755292452223151 364.9 15.541
