2.400 1
2.566 2
3.076 3
14.959 4
27.475 5
27.491 6
40.635 7
40.814 8
67.331 9
85.029 10
139.917 11
140.100 12
176.155 13
177.225 14
329.058 15
338.032 16
472.040 17
472.386 18
492.329 19
643.816 20
646.906 21
651.717 22
681.430 23
682.048 24
774.959 25
810.869 26
874.141 27
983.874 28
1014.734 29
1037.605 30
1042.476 31
1109.232 32
1157.639 33
1170.904 34
1186.463 35
1221.462 36
1259.009 37
1305.584 38
1321.633 39
1486.673 40
1576.958 41
1633.637 42
1636.956 43
1762.491 44
1781.862 45
1784.852 46
1808.408 47
1811.945 48
1873.815 49
1882.223 50
1889.081 51
1898.999 52
1914.034 53
1996.754 54
2006.526 55
2008.242 56
2028.184 57
2037.030 58
2061.398 59
2169.552 60
