1.184 0
2.210 4
3.292 7
4.316 7
5.322 7
6.327 7
7.332 7
8.337 7
9.342 7
10.346 7
11.349 7
12.351 7
13.354 7
14.357 7
15.362 8
16.368 8
17.374 8
18.380 8
19.387 8
20.396 8
21.403 8
22.410 8
23.418 8
24.425 8
25.433 8
26.442 8
27.449 8
28.455 10
29.460 10
30.465 10
31.471 10
32.476 10
33.480 10
34.483 10
35.489 10
36.494 10
37.500 10
38.505 10
39.511 10
40.517 10
41.522 12
42.528 12
43.533 12
44.538 12
45.543 12
46.549 12
47.554 12
48.560 12
49.565 12
50.571 12
51.576 12
52.582 12
53.587 12
54.591 12
55.597 12
56.602 12
57.607 12
58.612 12
59.617 12
60.622 12
61.628 12
62.633 12
63.638 12
64.643 12
65.649 12
66.654 12
67.659 13
68.662 13
69.666 13
70.670 13
71.673 13
72.676 13
73.680 13
74.684 13
75.688 13
76.691 13
77.694 13
78.698 13
79.701 13
80.705 13
81.709 13
82.712 13
83.716 13
84.719 13
85.722 14
86.726 14
87.729 14
88.732 14
89.736 14
90.740 14
91.745 14
92.751 14
93.757 14
94.763 14
95.768 14
96.773 14
97.779 14
98.785 14
99.790 14
100.796 14
101.801 14
102.806 14
103.812 14
104.818 14
105.822 14
106.826 14
107.830 14
108.835 14
109.840 14
110.845 14
111.851 14
112.856 14
113.861 14
114.867 14
115.872 14
116.877 14
117.882 14
118.887 14
119.893 14
120.898 14
121.903 14
122.908 14
123.913 14
124.919 14
125.924 14
126.929 14
127.934 14
128.940 14
129.946 14
130.951 14
131.957 14
132.962 14
133.968 14
134.973 14
135.979 14
136.984 14
137.990 14
138.996 14
140.001 14
141.007 16
142.012 16
143.016 16
144.021 16
145.026 16
146.030 16
147.035 16
148.043 16
149.050 16
150.057 16
151.061 16
152.067 16
153.073 16
154.078 16
155.084 16
156.090 16
157.097 16
158.103 16
159.108 16
160.113 16
161.119 16
162.125 16
163.131 16
164.137 16
165.143 16
166.149 16
167.155 16
168.160 16
169.163 16
170.170 16
171.179 16
172.186 16
173.191 16
174.198 16
175.204 16
176.209 16
177.213 17
178.217 18
179.222 18
180.229 18
181.234 18
182.239 18
183.244 18
184.249 18
185.255 18
186.262 18
187.269 18
188.273 18
189.280 18
190.287 18
191.294 18
192.302 18
193.308 18
194.312 18
195.317 18
196.323 18
197.329 18
198.334 18
199.340 18
200.345 18
201.350 18
202.354 18
203.359 18
204.363 18
205.368 18
206.373 18
207.378 18
208.382 18
209.388 18
210.392 18
211.396 18
212.399 18
213.401 18
214.405 18
215.407 18
216.410 18
217.413 18
218.416 18
219.420 18
220.427 18
221.433 18
222.435 18
223.437 18
224.440 18
225.448 18
226.456 18
227.464 18
228.471 18
229.477 18
230.482 18
231.486 18
232.491 18
233.496 18
234.502 18
235.509 18
236.517 18
237.523 18
238.525 18
239.528 18
240.530 18
241.537 18
242.542 18
243.547 18
244.551 18
245.557 18
246.564 18
247.571 18
248.578 18
249.586 18
250.593 18
251.601 18
252.608 18
253.614 18
254.619 18
255.624 18
256.630 18
257.635 18
258.641 18
259.646 18
260.650 18
261.657 18
262.665 18
263.673 18
264.680 18
265.686 18
266.691 18
267.697 18
268.702 18
269.708 18
270.712 18
271.717 18
272.721 18
273.726 18
274.731 18
275.737 18
276.743 18
277.745 18
278.746 18
279.748 18
280.750 18
281.752 18
282.753 18
283.755 18
284.760 18
285.766 18
286.769 18
287.770 18
288.774 18
289.779 18
290.783 18
291.788 18
292.793 18
293.798 18
294.801 18
295.806 18
296.810 18
297.816 18
298.818 18
299.823 18
300.828 18
301.834 19
302.840 19
303.845 19
304.848 19
305.853 19
306.858 19
307.863 19
308.868 19
309.870 19
310.872 19
311.874 19
312.880 19
313.882 19
314.885 19
315.891 19
316.896 19
317.898 19
318.904 19
319.906 19
320.907 19
321.909 19
322.916 19
323.920 19
324.927 19
325.934 19
326.942 19
327.948 20
328.954 20
329.960 21
330.966 21
331.972 21
332.979 21
333.987 21
334.994 21
335.999 21
337.001 21
338.008 21
339.013 22
340.018 22
341.022 22
342.028 22
343.035 22
344.042 22
345.048 22
346.053 22
347.058 22
348.062 22
349.070 22
350.077 22
351.084 22
352.092 22
353.100 22
354.107 22
355.116 22
356.124 22
357.131 22
358.139 22
359.147 22
360.151 22
361.156 22
362.164 22
363.171 22
364.179 22
365.187 22
366.194 22
367.202 22
368.209 22
369.217 22
370.224 22
371.232 22
372.239 22
373.247 22
374.255 22
375.262 22
376.267 22
377.272 22
378.277 22
379.283 22
380.286 22
381.291 22
382.292 22
383.296 22
384.301 22
385.308 23
386.311 23
387.313 23
388.315 23
389.316 23
390.324 23
391.330 23
392.337 23
393.342 23
394.345 23
395.349 23
396.354 23
397.360 23
398.365 23
399.370 23
400.376 23
401.381 23
402.387 23
403.392 23
404.397 23
405.404 23
406.411 23
407.419 23
408.424 23
409.426 23
410.430 23
411.435 23
412.442 23
413.447 23
414.453 23
415.460 23
416.467 23
417.473 23
418.480 23
419.487 23
420.493 23
421.498 23
422.503 23
423.508 23
424.513 23
425.518 23
426.523 23
427.528 23
428.533 23
429.538 23
430.543 23
431.549 23
432.554 23
433.561 23
434.567 23
435.573 23
436.578 23
437.583 23
438.588 23
439.593 23
440.599 23
441.604 23
442.609 23
443.615 23
444.621 23
445.627 23
446.633 23
447.638 23
448.644 23
449.649 23
450.655 23
451.661 23
452.667 23
453.674 23
454.680 23
455.685 23
456.691 23
457.698 23
458.704 23
459.709 23
460.717 23
461.726 23
462.733 23
463.739 23
464.744 23
465.749 23
466.754 23
467.759 23
468.768 23
469.777 23
470.786 23
471.794 23
472.800 25
473.805 25
474.809 25
475.813 25
476.820 25
477.826 26
478.832 26
479.840 26
480.846 26
481.848 26
482.851 26
483.852 26
484.854 26
485.859 26
486.867 26
487.874 26
488.881 26
489.888 26
490.895 26
491.903 26
492.909 27
493.916 27
494.923 27
495.931 27
496.937 27
497.942 27
498.944 27
499.950 27
500.956 27
501.962 27
502.970 27
503.977 27
504.982 27
505.987 27
506.992 27
507.998 27
509.004 27
510.009 27
511.015 27
512.021 27
513.027 27
514.032 27
515.038 27
516.044 27
517.050 27
518.056 27
519.062 27
520.068 27
521.074 27
522.080 27
523.087 27
524.093 27
525.098 27
526.104 27
527.110 27
528.115 27
529.121 27
530.127 27
531.132 27
532.138 27
533.144 27
534.149 27
535.155 27
536.161 27
537.167 27
538.173 27
539.179 27
540.185 27
541.191 27
542.196 27
543.202 27
544.208 27
545.214 27
546.220 27
547.226 27
548.231 27
549.236 27
550.241 27
551.247 27
552.253 27
553.259 27
554.264 27
555.270 27
556.276 27
557.282 27
558.288 27
559.294 27
560.299 27
561.305 27
562.311 27
563.317 27
564.323 27
565.329 27
566.335 27
567.341 27
568.347 27
569.353 27
570.359 27
571.365 27
572.371 27
573.377 27
574.382 27
575.388 27
576.394 27
577.400 27
578.406 27
579.412 27
580.418 27
581.424 27
582.430 27
583.436 27
584.442 27
585.448 27
586.454 27
587.460 27
588.465 27
589.471 27
590.477 27
591.483 27
592.489 27
593.495 27
594.501 27
595.507 27
596.513 27
597.519 27
598.525 27
599.531 27
600.536 27
601.542 27
602.548 27
603.554 27
604.560 27
605.566 27
606.572 27
607.578 27
608.584 27
609.590 27
610.595 27
611.602 27
612.608 27
613.614 27
614.620 27
615.625 27
616.631 27
617.634 27
618.637 27
619.640 27
620.643 27
621.646 27
622.649 27
623.652 27
624.655 27
625.658 27
626.661 27
627.665 27
628.670 27
629.676 27
630.682 27
631.688 27
632.693 27
633.699 27
634.705 27
635.710 27
636.713 27
637.716 27
638.721 28
639.727 28
640.733 28
641.739 28
642.744 28
643.750 28
644.756 29
645.764 29
646.772 29
647.777 30
648.783 30
649.790 30
650.797 30
651.804 30
652.808 31
653.812 31
654.817 31
655.822 31
656.829 31
657.835 31
658.841 31
659.846 31
660.852 31
661.859 31
662.863 31
663.866 31
664.872 31
665.878 31
666.882 31
667.887 31
668.891 31
669.896 31
670.900 31
671.904 31
672.907 31
673.910 31
674.917 31
675.920 31
676.926 31
677.933 31
678.940 31
679.947 31
680.955 31
682.007 32
683.013 33
684.020 33
685.025 33
686.032 33
687.037 33
688.039 33
689.041 33
690.047 33
691.054 33
692.059 33
693.061 33
694.064 33
695.066 33
696.072 33
697.078 33
698.083 33
699.088 33
700.093 33
701.099 33
702.104 33
703.110 33
704.115 33
705.119 33
706.125 33
707.130 33
708.135 33
709.141 33
710.149 33
711.156 33
712.164 33
713.172 33
714.179 33
715.186 33
716.193 33
717.201 33
718.207 33
719.212 33
720.218 33
721.223 33
722.229 33
723.236 33
724.242 33
725.248 33
726.253 33
727.259 33
728.265 33
729.270 33
730.275 33
731.280 33
732.288 33
733.294 33
734.301 33
735.307 33
736.313 33
737.319 33
738.325 33
739.331 33
740.337 33
741.343 33
742.349 33
743.355 33
744.362 33
745.368 33
746.374 33
747.380 33
748.386 33
749.392 33
750.398 33
751.404 33
752.409 33
753.415 33
754.421 33
755.427 33
756.432 33
757.438 33
758.443 33
759.449 33
760.454 33
761.461 33
762.469 33
763.476 33
764.482 33
765.488 33
766.490 33
767.494 33
768.500 33
769.506 33
770.511 33
771.517 33
772.523 34
773.528 34
774.534 34
775.584 35
776.590 35
777.595 35
778.603 35
779.611 35
780.619 35
781.627 35
782.636 35
783.644 35
784.651 35
785.660 35
786.668 35
787.676 35
788.684 35
789.692 35
790.701 35
791.709 35
792.716 36
793.722 36
794.727 36
795.733 36
796.739 36
797.747 36
798.752 36
799.758 36
800.760 36
801.763 36
802.766 36
803.768 36
804.771 36
805.773 36
806.775 36
807.777 36
808.779 36
809.781 36
810.783 36
811.875 37
812.878 37
813.881 37
814.884 37
815.885 37
816.888 37
817.890 37
818.894 37
819.896 37
820.899 37
821.901 37
822.903 37
823.906 37
824.908 37
825.914 37
826.920 37
827.926 37
828.932 37
829.937 37
830.942 37
831.947 37
832.952 37
833.957 37
834.963 37
835.968 37
836.974 37
837.979 37
838.985 37
839.990 37
840.996 37
842.002 37
843.007 37
844.012 37
845.019 37
846.024 37
847.029 37
848.035 37
849.040 37
850.046 37
851.051 37
852.056 37
853.059 37
854.061 37
855.064 37
856.069 37
857.074 37
858.077 37
859.079 37
860.082 37
861.085 37
862.088 37
863.091 37
864.095 37
865.097 37
866.100 37
867.102 37
868.107 37
869.113 37
870.121 37
871.124 37
872.130 37
873.133 37
874.136 37
875.142 38
876.148 38
877.153 38
878.159 38
879.165 38
880.170 38
881.176 38
882.182 38
883.189 38
884.194 38
885.196 38
886.198 38
887.204 38
888.211 38
889.217 38
890.224 38
891.232 38
892.239 38
893.246 38
894.253 38
895.258 38
896.262 38
897.267 38
898.271 38
899.276 38
900.280 38
901.285 38
902.291 38
903.298 38
904.306 38
905.314 38
906.321 38
907.328 38
908.335 38
909.342 38
910.349 38
911.356 38
912.362 38
913.368 38
914.374 38
915.380 38
916.386 38
917.392 38
918.398 38
919.404 38
920.410 38
921.416 38
922.422 38
923.428 38
924.434 38
925.440 38
926.446 38
927.452 38
928.458 38
929.464 38
930.470 38
931.475 38
932.481 38
933.487 38
934.493 38
935.499 38
936.505 38
937.511 38
938.517 38
939.524 38
940.530 38
941.536 38
942.542 38
943.548 38
944.555 38
945.561 38
946.567 38
947.573 38
948.579 38
949.585 38
950.591 38
951.597 38
952.603 38
953.609 38
954.615 38
955.621 38
956.626 38
957.633 38
958.639 38
959.645 38
960.651 38
961.657 38
962.664 38
963.669 38
964.671 38
965.673 38
966.676 38
967.678 38
968.680 38
969.683 38
970.685 38
971.687 38
972.688 38
973.690 38
974.696 38
975.703 38
976.711 38
977.718 38
978.726 38
979.733 38
980.741 38
981.748 39
982.809 40
983.814 40
984.880 41
985.887 41
986.893 41
987.900 41
988.906 41
989.911 41
990.917 41
991.922 41
992.928 41
993.934 41
994.941 41
995.948 41
996.955 41
997.961 41
998.968 41
999.974 41
1000.980 41
1001.987 41
1002.993 41
1004.000 41
1005.006 41
1006.012 41
1007.018 41
1008.025 41
1009.032 41
1010.038 41
1011.045 41
1012.050 41
1013.056 41
1014.060 41
1015.064 42
1016.068 42
1017.076 42
1018.083 42
1019.090 42
1020.096 42
1021.104 42
1022.112 42
1023.120 42
1024.128 42
1025.135 42
1026.141 42
1027.144 42
1028.145 42
1029.148 42
1030.151 42
1031.153 42
1032.156 42
1033.158 42
1034.160 42
1035.162 42
1036.165 42
1037.167 42
1038.211 43
1039.217 43
1040.224 43
1041.231 43
1042.238 43
1043.245 44
1044.251 44
1045.258 44
1046.265 44
1047.273 44
1048.280 44
1049.287 44
1050.295 44
1051.301 44
1052.308 44
1053.311 44
1054.314 44
1055.319 44
1056.326 44
1057.333 44
1058.338 44
1059.344 44
1060.349 44
1061.355 44
1062.360 44
1063.365 44
1064.370 44
1065.376 44
1066.381 44
1067.386 44
1068.392 44
1069.398 44
1070.403 44
1071.409 44
1072.414 44
1073.420 44
1074.426 44
1075.432 44
1076.437 44
1077.443 44
1078.449 44
1079.454 44
1080.460 44
1081.466 44
1082.473 44
1083.480 44
1084.487 44
1085.490 44
1086.492 44
1087.495 44
1088.497 44
1089.499 44
1090.503 44
1091.509 44
1092.515 44
1093.523 45
1094.529 45
1095.535 45
1096.542 45
1097.550 45
1098.557 45
1099.566 45
1100.573 45
1101.581 45
1102.589 45
1103.596 45
1104.602 45
1105.610 45
1106.618 45
1107.625 45
1108.633 45
1109.641 46
1110.644 46
1111.651 46
1112.656 46
1113.662 46
1114.667 46
1115.673 46
1116.679 46
1117.686 46
1118.693 46
1119.699 46
1120.705 46
1121.711 46
1122.718 46
1123.724 46
1124.729 46
1125.736 46
1126.738 46
1127.740 46
1128.742 46
1129.745 46
1130.747 46
1131.750 46
1132.752 46
1133.754 46
1134.756 46
1135.758 46
1136.760 46
1137.764 46
1138.765 46
1139.768 46
1140.770 46
1141.774 46
1142.776 46
1143.779 46
1144.786 46
1145.793 46
1146.801 46
1147.808 46
1148.815 46
1149.823 46
1150.830 46
1151.837 46
1152.845 46
1153.851 46
1154.856 46
1155.860 46
1156.865 46
1158.286 47
1159.292 47
1160.299 47
1161.305 47
1162.312 47
1163.315 47
1164.320 47
1165.328 47
1166.335 47
1167.342 47
1168.348 47
1169.351 47
1170.354 47
1171.360 48
1172.363 48
1173.370 48
1174.374 48
1175.383 48
1176.392 48
1177.401 48
1178.408 48
1179.415 48
1180.419 48
1181.424 48
1182.429 48
1183.434 48
1184.438 48
1185.441 48
1186.448 48
1187.454 49
1188.458 49
1189.463 49
1190.470 49
1191.477 49
1192.483 49
1193.488 49
1194.494 49
1195.498 49
1196.503 49
1197.508 49
1198.514 49
1199.516 49
1200.518 49
1201.522 49
1202.527 49
1203.532 49
1204.537 49
1205.539 49
1206.542 49
1207.545 49
1208.548 49
1209.550 49
1210.552 49
1211.557 49
1212.561 49
1213.566 49
1214.571 49
1215.575 49
1216.580 49
1217.586 49
1218.591 49
1219.596 49
1220.602 49
1221.608 50
1222.613 50
1223.616 50
1224.621 50
1225.627 50
1226.634 50
1227.639 50
1228.643 50
1229.647 50
1230.653 50
1231.659 50
1232.666 50
1233.672 50
1234.678 50
1235.684 50
1236.689 50
1237.694 50
1238.699 50
1239.704 50
1240.709 50
1241.714 50
1242.720 50
1243.724 50
1244.729 50
1245.734 50
1246.738 50
1247.742 50
1248.745 50
1249.750 50
1250.754 50
1251.757 50
1252.761 50
1253.764 50
1254.770 50
1255.778 50
1256.785 50
1257.793 50
1258.800 50
1259.878 51
1260.881 51
1261.885 51
1262.888 51
1263.892 51
1264.899 51
1265.904 51
1266.910 51
1267.916 51
1268.922 51
1269.926 51
1270.928 51
1271.932 51
1272.935 51
1273.938 51
1274.943 51
1275.946 51
1276.948 51
1277.950 51
1278.952 51
1279.953 51
1280.960 51
1281.968 51
1282.975 51
1283.981 51
1284.987 51
1285.992 51
1286.996 51
1288.002 51
1289.009 51
1290.017 51
1291.025 51
1292.031 51
1293.038 51
1294.046 51
1295.053 51
1296.061 51
1297.068 51
1298.076 51
1299.084 51
1300.090 51
1301.095 51
1302.101 51
1303.106 51
1304.111 51
1305.115 51
1308.436 52
1309.441 52
1310.444 52
1311.447 52
1312.449 52
1313.452 52
1314.455 52
1315.462 53
1316.467 53
1317.472 53
1318.478 53
1319.486 53
1320.494 53
1321.500 53
1322.506 54
1323.512 54
1324.517 54
1325.522 54
1326.529 54
1327.536 54
1328.544 54
1329.551 54
1330.560 54
1331.567 54
1332.574 54
1333.579 54
1334.582 54
1335.587 54
1336.592 54
1337.595 54
1338.600 54
1339.606 54
1340.613 54
1341.620 54
1342.626 54
1343.634 54
1344.641 54
1345.646 54
1346.652 54
1347.658 54
1348.664 54
1349.670 54
1350.677 54
1351.683 54
1352.688 54
1353.693 54
1354.698 54
1355.703 54
1356.708 54
1357.714 54
1358.719 54
1359.725 54
1360.730 54
1361.735 54
1362.741 54
1363.747 54
1364.753 54
1365.759 54
1366.765 54
1367.771 54
1368.778 54
1369.784 54
1370.790 54
1371.796 54
1372.801 54
1373.807 54
1374.813 54
1375.820 54
1376.827 54
1377.834 54
1378.842 54
1379.850 54
1380.857 54
1381.863 54
1382.868 54
1383.876 54
1384.885 54
1385.893 54
1386.898 54
1387.902 54
1388.906 54
1389.910 54
1390.915 54
1391.920 54
1392.925 54
1393.930 54
1394.932 54
1395.934 54
1396.938 54
1397.943 54
1398.948 54
1399.954 54
1400.959 54
1401.964 54
1402.969 54
1403.974 54
1404.976 54
1405.979 54
1406.982 54
1407.985 54
1408.991 54
1409.993 54
1410.996 54
1412.003 54
1413.007 54
1414.014 54
1415.018 54
1416.022 54
1417.028 54
1418.034 54
1419.038 54
1420.043 54
1421.047 54
1422.051 54
1423.055 54
1424.061 54
1425.064 54
1426.068 54
1427.074 54
1428.081 54
1429.088 54
1430.094 54
1431.101 54
1432.109 54
1433.117 54
1434.124 54
1435.128 54
1436.134 54
1437.139 54
1438.145 54
1439.150 54
1440.155 54
1441.161 54
1442.167 54
1443.173 54
1444.179 54
1445.186 54
1446.193 54
1447.200 54
1448.206 54
1449.213 54
1450.220 54
1451.226 54
1452.234 54
1453.241 54
1454.246 54
1455.252 54
1456.259 54
1457.266 54
1458.273 54
1459.281 54
1460.287 54
1461.294 54
1462.300 54
1463.307 54
1464.313 54
1465.319 54
1466.325 54
1467.331 54
1468.338 54
1469.345 54
1470.352 54
1471.358 54
1472.363 54
1473.368 54
1474.373 54
1475.380 54
1476.387 54
1477.393 54
1478.398 54
1479.402 54
1480.410 54
1481.414 54
1482.418 54
1483.423 54
1484.425 54
1485.427 54
1486.429 54
1487.435 56
1488.439 56
1489.442 56
1490.445 56
1491.447 56
1492.449 56
1493.451 56
1494.453 56
1495.455 56
1496.458 56
1497.463 56
1498.469 56
1499.471 56
1500.478 56
1501.484 56
1502.490 56
1503.496 56
1504.502 56
1505.508 56
1506.514 56
1507.520 56
1508.526 56
1509.532 56
1510.538 56
1511.545 56
1512.550 56
1513.553 56
1514.560 56
1515.566 56
1516.572 56
1517.578 56
1518.583 56
1519.589 56
1520.594 56
1521.600 56
1522.605 56
1523.611 56
1524.616 56
1525.622 56
1526.627 56
1527.633 56
1528.638 56
1529.643 56
1530.648 56
1531.653 56
1532.655 56
1533.657 56
1534.659 56
1535.661 56
1536.663 56
1537.665 56
1538.667 56
1539.671 56
1540.678 56
1541.684 56
1542.689 56
1543.696 56
1544.704 56
1545.711 56
1546.717 56
1547.724 56
1548.729 56
1549.734 56
1550.740 56
1551.745 56
1552.750 56
1553.758 56
1554.765 56
1555.771 56
1556.776 56
1557.782 56
1558.787 56
1559.791 57
1560.797 57
1561.801 57
1562.807 57
1563.811 57
1564.817 57
1565.825 57
1566.831 57
1567.838 57
1568.845 57
1569.851 57
1570.855 57
1571.857 57
1572.861 57
1573.868 57
1574.873 57
1575.879 57
1576.884 57
1577.922 58
1578.928 58
1579.932 58
1580.934 58
1581.937 58
1582.941 58
1583.943 58
1584.945 58
1585.947 58
1586.949 58
1587.952 58
1588.955 58
1589.960 58
1590.966 58
1591.971 58
1592.977 58
1593.982 58
1594.987 58
1595.993 58
1596.998 58
1598.004 58
1599.010 58
1600.015 58
1601.021 58
1602.026 58
1603.031 58
1604.034 58
1605.041 58
1606.048 58
1607.054 58
1608.062 58
1609.069 58
1610.076 58
1611.082 58
1612.089 58
1613.096 58
1614.102 58
1615.106 58
1616.111 59
1617.116 59
1618.120 59
1619.124 59
1620.128 59
1621.133 59
1622.138 60
1623.145 60
1624.151 60
1625.155 60
1626.157 60
1627.159 60
1628.161 60
1629.163 60
1630.168 60
1631.175 60
1632.180 60
1633.186 60
1634.192 61
1635.197 61
1636.203 61
1637.208 62
1638.214 62
1639.220 62
1640.227 62
1641.234 62
1642.240 62
1643.245 62
1644.252 62
1645.259 62
1646.266 62
1647.273 62
1648.277 62
1649.282 62
1650.288 62
1651.293 62
1652.299 62
1653.307 62
1654.313 62
1655.316 62
1656.319 62
1657.321 62
1658.323 62
1659.324 62
1660.326 62
1661.327 62
1662.330 62
1663.332 62
1664.335 62
1665.336 62
1666.340 62
1667.342 62
1668.344 62
1669.346 62
1670.347 62
1671.349 62
1672.351 62
1673.354 62
1674.360 62
1675.365 62
1676.370 62
1677.375 62
1678.381 62
1679.386 62
1680.393 62
1681.400 62
1682.407 62
1683.414 62
1684.421 62
1685.427 62
1686.433 62
1687.439 62
1688.445 62
1689.450 62
1690.454 62
1691.457 62
1692.459 62
1693.462 62
1694.464 62
1695.466 62
1696.468 62
1697.471 62
1698.473 62
1699.475 62
1700.477 62
1701.480 62
1702.482 62
1703.484 62
1704.486 62
1705.489 62
1706.491 62
1707.494 62
1708.499 62
1709.505 62
1710.510 62
1711.517 62
1712.523 62
1713.528 62
1714.532 62
1715.537 62
1716.542 62
1717.547 62
1718.552 62
1719.557 62
1720.562 62
1721.567 62
1722.572 62
1723.577 62
1724.579 62
1725.582 62
1726.588 62
1727.593 62
1728.599 62
1729.604 62
1730.609 62
1731.615 62
1732.620 62
1733.625 62
1734.629 62
1735.635 62
1736.640 62
1737.644 62
1738.649 62
1739.656 62
1740.664 62
1741.668 62
1742.673 62
1743.678 62
1744.682 62
1745.684 62
1746.688 62
1747.694 62
1748.699 62
1749.705 62
1750.712 62
1751.717 62
1752.722 62
1753.727 62
1754.735 62
1755.737 62
1756.739 62
1757.742 62
1758.747 62
1759.751 62
1760.755 62
1761.760 62
1762.765 63
1763.773 63
1764.779 63
1765.783 63
1766.786 63
1767.790 63
1768.795 63
1769.800 63
1770.805 63
1771.812 63
1772.818 63
1773.825 63
1774.830 63
1775.835 63
1776.840 63
1777.844 63
1778.851 63
1779.853 63
1780.855 63
1781.861 63
1782.864 64
1783.866 64
1784.870 64
1785.875 65
1786.880 65
1787.887 65
1788.895 65
1789.902 65
1790.910 65
1791.917 65
1792.924 65
1793.932 65
1794.937 65
1795.939 65
1796.942 65
1797.946 65
1798.950 65
1799.952 65
1800.953 65
1801.959 65
1802.966 65
1803.974 65
1804.980 65
1805.986 65
1806.993 65
1808.001 65
1809.008 66
1810.015 66
1811.022 66
1812.029 66
1813.036 67
1814.043 67
1815.049 67
1816.056 67
1817.061 67
1818.066 67
1819.072 67
1820.078 67
1821.083 67
1822.089 67
1823.094 67
1824.100 67
1825.105 67
1826.110 67
1827.116 67
1828.121 67
1829.128 67
1830.133 67
1831.139 67
1832.143 67
1833.149 67
1834.155 67
1835.159 67
1836.165 67
1837.170 67
1838.175 67
1839.181 67
1840.186 67
1841.194 67
1842.201 67
1843.208 67
1844.214 67
1845.220 67
1846.228 67
1847.235 67
1848.242 67
1849.250 67
1850.256 67
1851.263 67
1852.270 67
1853.277 67
1854.283 67
1855.288 67
1856.292 67
1857.297 67
1858.302 67
1859.308 67
1860.312 68
1861.316 68
1862.322 68
1863.326 68
1864.329 68
1865.333 68
1866.338 68
1867.342 68
1868.346 68
1869.351 68
1870.355 68
1871.360 68
1872.365 68
1873.370 68
1874.375 69
1875.380 69
1876.384 69
1877.389 70
1878.394 70
1879.399 70
1880.404 70
1881.410 70
1882.414 71
1883.417 71
1884.421 71
1885.426 71
1886.431 71
1887.436 71
1888.442 71
1889.447 72
1890.453 72
1891.459 72
1892.463 72
1893.468 72
1894.470 72
1895.474 72
1896.480 72
1897.486 72
1898.492 72
1899.500 73
1900.507 73
1901.513 73
1902.519 73
1903.524 73
1904.528 73
1905.533 73
1906.538 73
1907.545 73
1908.552 73
1909.557 73
1910.562 73
1911.568 73
1912.575 73
1913.579 73
1914.584 74
1915.589 74
1916.595 74
1917.600 74
1918.603 74
1919.607 74
1920.612 74
1921.616 74
1922.621 74
1923.627 74
1924.633 74
1925.640 74
1926.647 74
1927.654 74
1928.661 74
1929.668 74
1930.673 74
1931.678 74
1932.682 74
1933.687 74
1934.693 74
1935.699 74
1936.705 74
1937.711 75
1938.718 75
1939.724 75
1940.728 75
1941.730 75
1942.735 75
1943.740 75
1944.746 75
1945.751 75
1946.757 75
1947.762 75
1948.769 75
1949.773 75
1950.776 75
1951.780 75
1952.782 75
1953.785 75
1954.788 75
1955.790 75
1956.792 75
1957.795 75
1958.797 75
1959.800 75
1960.802 75
1961.804 75
1962.807 75
1963.810 75
1964.817 75
1965.825 75
1966.831 75
1967.838 75
1968.846 75
1969.853 75
1970.860 75
1971.867 75
1972.874 75
1973.881 75
1974.888 75
1975.894 75
1976.899 75
1977.902 75
1978.904 75
1979.906 75
1980.909 75
1981.915 75
1982.922 75
1983.928 75
1984.934 75
1985.940 75
1986.946 75
1987.953 75
1988.960 75
1989.965 75
1990.970 75
1991.975 75
1992.980 75
1993.985 75
1994.991 75
1995.997 75
1997.003 76
1998.010 76
1999.017 76
2000.024 76
2001.029 76
2002.036 76
2003.042 76
2004.048 76
2005.055 76
2006.060 76
2007.064 77
2008.066 77
2009.070 78
2010.071 78
2011.075 78
2012.079 78
2013.084 78
2014.090 78
2015.098 78
2016.102 78
2017.107 78
2018.113 78
2019.117 78
2020.121 78
2021.126 78
2022.130 78
2023.135 78
2024.139 78
2025.142 78
2026.145 78
2027.149 78
2028.151 78
2029.156 79
2030.161 79
2031.167 79
2032.173 79
2033.178 79
2034.180 79
2035.181 79
2036.183 79
2037.185 80
2038.190 80
2039.194 80
2040.200 80
2041.206 80
2042.211 80
2043.213 80
2044.216 80
2045.219 80
2046.225 80
2047.230 80
2048.235 80
2049.239 80
2050.244 80
2051.249 80
2052.255 80
2053.260 80
2054.265 80
2055.271 80
2056.276 80
2057.282 80
2058.287 80
2059.293 80
2060.297 80
2061.301 80
2062.310 80
2063.314 80
2064.318 80
2065.323 80
2066.330 80
2067.337 80
2068.343 80
2069.350 80
2070.356 80
2071.362 80
2072.367 80
2073.374 80
2074.382 80
2075.389 80
2076.395 80
2077.400 80
2078.406 80
2079.411 80
2080.417 80
2081.422 80
2082.428 80
2083.433 80
2084.438 80
2085.443 80
2086.447 80
2087.454 80
2088.460 80
2089.467 80
2090.470 80
2091.473 80
2092.480 80
2093.483 80
2094.485 80
2095.487 80
2096.489 80
2097.492 80
2098.494 80
2099.497 80
2100.499 80
2101.502 80
2102.503 80
2103.505 80
2104.509 80
2105.514 80
2106.520 80
2107.525 80
2108.530 80
2109.536 80
2110.541 80
2111.546 80
2112.552 80
2113.559 80
2114.566 80
2115.572 80
2116.577 80
2117.583 80
2118.588 80
2119.590 80
2120.595 80
2121.596 80
2122.598 80
2123.603 80
2124.605 80
2125.608 80
2126.613 80
2127.617 80
2128.624 80
2129.629 80
2130.634 80
2131.640 80
2132.645 80
2133.650 80
2134.656 80
2135.661 80
2136.667 80
2137.672 80
2138.678 80
2139.683 80
2140.687 80
2141.692 80
2142.697 80
2143.702 80
2144.705 80
2145.708 80
2146.712 80
2147.717 80
2148.723 80
2149.728 80
2150.733 80
2151.738 80
2152.744 80
2153.749 80
2154.754 80
2155.756 80
2156.758 80
2157.759 80
2158.762 80
2159.765 80
2160.768 80
2161.774 80
2162.781 80
2163.787 80
2164.795 80
2165.801 80
2166.804 80
2167.808 80
2168.812 80
2169.817 80
2170.821 80
2171.825 80
2172.829 80
2173.833 80
2174.838 80
2175.843 80
2176.848 80
2177.854 80
2178.859 80
2179.864 80
2180.869 80
2181.875 80
2182.880 80
2183.885 80
2184.887 80
2185.892 80
2186.896 80
2187.898 80
2188.900 80
2189.903 80
2190.906 80
2191.911 80
2192.915 80
2193.918 80
2194.923 80
2195.926 80
2196.929 80
2197.933 80
2198.937 80
2199.941 80
