.080 1
.087 2
.124 3
.254 4
.281 5
.654 6
.655 7
.679 8
.979 9
1.894 10
2.041 11
2.426 12
2.535 13
3.025 14
3.805 15
4.068 16
5.012 17
5.907 18
7.353 19
7.807 20
8.573 21
8.835 22
9.036 23
9.161 24
9.751 25
11.276 26
11.562 27
11.616 28
11.898 29
12.554 30
12.717 31
13.885 32
14.641 33
14.933 34
14.981 35
16.588 36
17.615 37
18.975 38
19.901 39
20.117 40
21.708 41
21.907 42
24.902 43
28.197 44
44.538 45
50.939 46
53.360 47
59.185 48
63.656 49
64.390 50
65.469 51
68.684 52
73.069 53
85.460 54
94.611 55
104.697 56
105.511 57
117.700 58
122.880 59
136.039 60
185.278 61
215.567 62
233.034 63
255.052 64
272.762 65
283.127 66
