1 xxx 25.80676250903541884186 642.64 24.902
2 xxx 38.79032258064516129032 4.81 .124
3 xxx 25.92795651627497800678 1650.47 63.656
4 xxx 377.34063146652426406781 5652.94 14.981
7 xxx 10.58043117744610281923 229.68 21.708
8 xxx 81.38020833333333333333 10000 122.880
10 xxx 4.17597616767741249069 117.75 28.197
11 xxx 602.84543043163732818905 10000 16.588
12 xxx 1073.45195729537366548042 301.64 .281
13 xxx 145.45583540262504434196 1640.16 11.276
15 xxx 74.37697993664202745512 140.87 1.894
16 xxx 2.87363316908459137399 146.38 50.939
17 xxx 15.40278172012489355662 271.32 17.615
18 xxx 42.69088621530235118345 542.90 12.717
19 xxx 25.11656671664167916041 1340.22 53.360
20 xxx 70.75380804445113522834 5169.91 73.069
21 xxx 112.27535037098103874690 272.38 2.426
22 xxx 213.11991357580122434281 2959.17 13.885
24 xxx .83942801004257177164 7.69 9.161
25 xxx 39.20769098066276680833 10000 255.052
26 xxx 46.38928964080773031122 10000 215.567
27 xxx 31.49618320610687022900 20.63 .655
28 xxx 32.37861570247933884297 376.11 11.616
29 xxx 21.25708350517038598420 1391.68 65.469
30 xxx 7.72217692621280065226 530.39 68.684
31 xxx 36.81981335247666905958 359.03 9.751
34 xxx 125000.00000000000000000000 10000 .080
35 xxx 243.59763313609467455621 617.52 2.535
36 xxx 34.59606020362992474546 312.61 9.036
37 xxx 22792.18390804597701149425 1982.92 .087
38 xxx 5.36728861993612371827 63.86 11.898
39 xxx 1.99176372801951661827 369.03 185.278
40 xxx 65.66336928965551523587 1320.95 20.117
41 xxx 11.93364485981308411214 1404.59 117.700
42 xxx 14.50421249707465480926 1239.53 85.460
43 xxx 12.37954768928220255653 50.36 4.068
44 xxx 7.49741793524630652476 333.92 44.538
45 xxx 4.05007363770250368188 2.75 .679
46 xxx 409.12155260469867211440 400.53 .979
47 xxx 73.06863527533918595371 366.22 5.012
48 xxx 95.51372054595642664068 10000 104.697
49 xxx 24.97101383119550828502 547.04 21.907
50 xxx 4.17244662042703658370 30.68 7.353
51 xxx 6.00709639266706091070 355.53 59.185
52 xxx 155.30361857431278148780 10000 64.390
53 xxx .63694267515923566878 1.30 2.041
54 xxx 2.65454545454545454545 8.03 3.025
55 xxx 130.41739684562689182730 1637.26 12.554
56 xxx 28.67140974967061923583 544.04 18.975
58 xxx 4.66623541778460588507 634.79 136.039
59 xxx 5.52845528455284552845 63.92 11.562
60 xxx .69899671292601079670 162.89 233.034
61 xxx 268.06670052480108346030 1583.47 5.907
62 xxx 62.82059988681380871533 555.02 8.835
63 xxx .00127151419680920576 0.36 283.127
64 xxx 6.20036161521462532645 92.59 14.933
65 xxx .78513140809962942252 82.84 105.511
66 xxx 36.66199837220727227399 10000 272.762
67 xxx 502.48731219536706698155 10000 19.901
68 xxx 187.00909440245933136928 1459.98 7.807
69 xxx 289.21259842519685039370 73.46 .254
71 xxx 15290.51987767584097859327 10000 .654
72 xxx 1.63014871420870723277 154.23 94.611
78 xxx 4.98308643415373848127 42.72 8.573
79 xxx 11.14060446780551905387 42.39 3.805
80 xxx 31.97185984563895908749 468.10 14.641
