1 xxx 74.02216689422536342462 1843.3 24.902
2 xxx 80645.16129032258064516129 10000 .124
3 xxx 3.02720874701520673620 192.7 63.656
4 xxx 667.51218209732327614978 10000 14.981
7 xxx 12.45623733185922240648 270.4 21.708
8 xxx 81.38020833333333333333 10000 122.880
10 xxx 5.40483030109586126183 152.4 28.197
11 xxx 602.84543043163732818905 10000 16.588
12 xxx .35587188612099644128 0.1 .281
13 xxx 277.82901738205037247250 3132.8 11.276
15 xxx 39.65153115100316789862 75.1 1.894
16 xxx 48.24790435619073794145 2457.7 50.939
17 xxx 13.46579619642350269656 237.2 17.615
18 xxx 47.47975151372178973028 603.8 12.717
19 xxx 44.76949025487256371814 2388.9 53.360
20 xxx 136.85694343702527747745 10000 73.069
21 xxx 4122.01154163231657048639 10000 2.426
22 xxx 720.20165646380986676269 10000 13.885
24 xxx 3.00185569260997707673 27.5 9.161
25 xxx 39.20769098066276680833 10000 255.052
26 xxx 46.38928964080773031122 10000 215.567
27 xxx 15267.17557251908396946564 10000 .655
28 xxx 860.88154269972451790633 10000 11.616
29 xxx 152.74404680077593975774 10000 65.469
30 xxx 25.53433113971230563158 1753.8 68.684
31 xxx 99.77438211465490718900 972.9 9.751
34 xxx 0 0.0 .080
35 xxx 3944.77317554240631163708 10000 2.535
36 xxx 91.20185922974767596281 824.1 9.036
37 xxx 0 0.0 .087
38 xxx 14.47302067574382249117 172.2 11.898
39 xxx 46.38435216269605673636 8594.0 185.278
40 xxx 96.08788586767410647710 1933.0 20.117
41 xxx 14.86745964316057774001 1749.9 117.700
42 xxx 20.53592323894219517903 1755.0 85.460
43 xxx 100.73746312684365781710 409.8 4.068
44 xxx 16.20189501100184112443 721.6 44.538
45 xxx 435.49337260677466863033 295.7 .679
46 xxx 2168.94790602655771195097 2123.4 .979
47 xxx 79.78850758180367118914 399.9 5.012
48 xxx 85.97954096105905613341 9001.8 104.697
49 xxx 29.01355731044871502259 635.6 21.907
50 xxx 7.96953624371005031959 58.6 7.353
51 xxx 25.46929120554194474951 1507.4 59.185
52 xxx 31.69902158720298182947 2041.1 64.390
53 xxx 1.12689857912787849093 2.3 2.041
54 xxx 244.26446280991735537190 738.9 3.025
55 xxx 68.62354628007009718018 861.5 12.554
56 xxx 104.94861660079051383399 1991.4 18.975
58 xxx 73.50833216945140731701 10000 136.039
59 xxx 7.45545753329873724269 86.2 11.562
60 xxx 14.43694911472145695477 3364.3 233.034
61 xxx 282.85085491789402403927 1670.8 5.907
62 xxx 363.15789473684210526315 3208.5 8.835
63 xxx 35.31983880025571563291 10000 283.127
64 xxx 16.72805196544565726913 249.8 14.933
65 xxx 28.16199258845049331349 2971.4 105.511
66 xxx 36.66199837220727227399 10000 272.762
67 xxx 291.57831264760564795738 5802.7 19.901
68 xxx 1280.90175483540412450365 10000 7.807
69 xxx 275.59055118110236220472 70.0 .254
71 xxx 10868.50152905198776758409 7108.0 .654
72 xxx 41.66111762902833708553 3941.6 94.611
78 xxx 9.23830631050973988102 79.2 8.573
79 xxx 71.19579500657030223390 270.9 3.805
80 xxx 24.92316098627142954716 364.9 14.641
