18.478 1
22.907 2
48.844 3
49.263 4
50.629 5
78.729 6
96.567 7
777.208 8
853.966 9
867.366 10
878.430 11
1264.404 12
1281.881 13
1538.510 14
1551.597 15
1740.214 16
1825.128 17
1828.205 18
2287.093 19
2304.835 20
2327.335 21
2378.763 22
2381.623 23
2385.818 24
2708.373 25
3024.432 26
3027.832 27
3392.554 28
3410.741 29
3721.529 30
3736.206 31
4039.267 32
4054.385 33
4066.780 34
4149.422 35
4275.184 36
4275.942 37
4293.248 38
4594.383 39
4675.046 40
4675.382 41
4678.334 42
5026.341 43
5026.523 44
5214.567 45
5223.509 46
5236.465 47
5247.507 48
5279.874 49
5580.988 50
5750.981 51
6015.903 52
6041.787 53
6048.201 54
6056.149 55
6083.831 56
6391.837 57
6408.451 58
6421.433 59
6519.134 60
6530.246 61
6912.711 62
7225.954 63
7537.411 64
