1 xxx 19.20904543559816590245 1843.3 95.960
2 xxx 117647.05882352941176470588 10000 .085
3 xxx 2.26639223757718318141 192.7 85.025
4 xxx 522.71182896868956144477 10000 19.131
7 xxx 4.42285359111503672080 270.4 61.137
8 xxx 113.97050443345262246130 10000 87.742
10 xxx 3.08858399367691465861 152.4 49.343
11 xxx 103.43828871695146675493 10000 96.676
12 xxx .36363636363636363636 0.1 .275
13 xxx 267.16697936210131332082 3132.8 11.726
15 xxx 20.82640044370493621741 75.1 3.606
16 xxx 13.45416922133660331085 2457.7 182.672
17 xxx 5.94799267785049775571 237.2 39.879
18 xxx 28.97869072758686888078 603.8 20.836
19 xxx 23.06333268970843792237 2388.9 103.580
20 xxx 51.71459747943051885255 10000 193.369
21 xxx 1875.82067154380041268054 10000 5.331
22 xxx 216.63778162911611785095 10000 46.160
24 xxx 2.08364903773298984694 27.5 13.198
27 xxx 17064.84641638225255972696 10000 .586
28 xxx 113.55377906976744186046 10000 88.064
29 xxx 70.05401164297673506273 10000 142.747
31 xxx 71.09763227126571178018 972.9 13.684
34 xxx 0 0.0 .072
35 xxx 3523.60817477096546863988 10000 2.838
36 xxx 39.64497041420118343195 824.1 20.787
37 xxx 0 0.0 .051
38 xxx 7.89944492866645258956 172.2 21.799
40 xxx 46.40053769893660433519 1933.0 41.659
42 xxx 12.19452879090031059569 1755.0 143.917
43 xxx 14.11643127798828797795 409.8 29.030
44 xxx 15.81866409452616349168 721.6 45.617
45 xxx 160.70652173913043478260 295.7 1.840
46 xxx 2303.03687635574837310195 2123.4 .922
47 xxx 37.18962150097647168232 399.9 10.753
48 xxx 90.77689484086967044491 9001.8 99.164
49 xxx 29.32275327551208710094 635.6 21.676
50 xxx 4.80131093814010651372 58.6 12.205
51 xxx 9.24949837701186100594 1507.4 162.971
52 xxx 18.96386728730570188886 2041.1 107.631
53 xxx .77077747989276139410 2.3 2.984
54 xxx 243.21922317314022383146 738.9 3.038
55 xxx 44.96815951560705710408 861.5 19.158
56 xxx 59.27844257903196999464 1991.4 33.594
59 xxx 3.47342547447314340975 86.2 24.817
61 xxx 106.02868384312730041883 1670.8 15.758
62 xxx 137.53268464143340906168 3208.5 23.329
64 xxx 6.40627804990639345523 249.8 38.993
65 xxx 93.81492122628105957755 2971.4 31.673
67 xxx 110.54867593827395694417 5802.7 52.490
68 xxx 185.51843125614529803535 10000 53.903
69 xxx 181.34715025906735751295 70.0 .386
71 xxx 12947.17668488160291438979 7108.0 .549
72 xxx 33.46095401410901805648 3941.6 117.797
78 xxx 5.93036315986521901909 79.2 13.355
79 xxx 74.77228815898426718189 270.9 3.623
80 xxx 18.87641611918679840670 364.9 19.331
