1.13 1
1.19 2
1.35 3
1.39 4
1.40 5
1.45 6
1.56 7
1.68 8
1.93 9
2.88 10
3.52 11
4.40 12
5.86 13
5.90 14
6.10 15
6.60 16
7.56 17
8.61 18
8.70 19
8.72 20
9.23 21
9.87 22
11.37 23
11.59 24
12.00 25
12.67 26
13.47 27
13.83 28
14.31 29
14.55 30
14.61 31
14.98 32
15.23 33
17.01 34
20.18 35
21.59 36
23.01 37
25.43 38
27.53 39
28.59 40
31.47 41
31.96 42
33.85 43
44.30 44
59.37 45
75.18 46
95.47 47
106.71 48
107.68 49
108.29 50
133.65 51
140.32 52
164.20 53
170.69 54
187.49 55
205.41 56
228.83 57
268.04 58
286.65 59
