1 xxx 17.27391997001218255083 1843.3 106.71
2 xxx 37037.03703703703703703703 50000 1.35
4 xxx 1062.83950617283950617283 18078.9 17.01
7 xxx 10.63311049941014549744 270.4 25.43
10 xxx .53165881737310308738 152.4 286.65
11 xxx 5417.11809317443120260021 50000 9.23
12 xxx .06410256410256410256 0.1 1.56
13 xxx 218.92382948986722571628 3132.8 14.31
15 xxx 26.07638888888888888888 75.1 2.88
16 xxx 14.96772228989037758830 2457.7 164.20
17 xxx 7.00738552437223042836 237.2 33.85
18 xxx 44.82553823311061618411 603.8 13.47
19 xxx 25.02252016340211584791 2388.9 95.47
20 xxx 80.24341214001660621422 18362.1 228.83
21 xxx 8196.72131147540983606557 50000 6.10
22 xxx 986.21113521330441070137 13639.3 13.83
24 xxx 2.17048145224940805051 27.5 12.67
26 xxx 243.41560780877269850542 50000 205.41
27 xxx 34482.75862068965517241379 50000 1.45
28 xxx 3337.78371161548731642189 50000 14.98
29 xxx 356.32839224629418472063 50000 140.32
31 xxx 111.82758620689655172413 972.9 8.70
34 xxx .00084033613445378151 0.001 1.19
35 xxx 8581.68181818181818181818 37759.4 4.40
36 xxx 95.71428571428571428571 824.1 8.61
37 xxx .00088495575221238938 0.001 1.13
38 xxx 15.14511873350923482849 172.2 11.37
39 xxx 50.34858515437342550823 8594.0 170.69
40 xxx 84.00695349847892220773 1933.0 23.01
41 xxx 6.52850320847634681390 1749.9 268.04
42 xxx 23.34397446129289704708 1755.0 75.18
43 xxx 69.45762711864406779661 409.8 5.90
44 xxx 12.15428667677278086575 721.6 59.37
45 xxx 212.73381294964028776978 295.7 1.39
46 xxx 1100.20725388601036269430 2123.4 1.93
47 xxx 68.24232081911262798634 399.9 5.86
48 xxx 48.01216064856792362259 9001.8 187.49
49 xxx 20.19701302828090244677 635.6 31.47
50 xxx 6.72018348623853211009 58.6 8.72
51 xxx 11.27871305649083426861 1507.4 133.65
52 xxx 18.95523774145616641901 2041.1 107.68
53 xxx .65340909090909090909 2.3 3.52
54 xxx 97.73809523809523809523 738.9 7.56
55 xxx 59.20962199312714776632 861.5 14.55
56 xxx 72.33563385397747911369 1991.4 27.53
58 xxx 461.72315079878105088189 50000 108.29
59 xxx 5.90006844626967830253 86.2 14.61
60 xxx 105.26595744680851063829 3364.3 31.96
61 xxx 253.15151515151515151515 1670.8 6.60
62 xxx 325.07598784194528875379 3208.5 9.87
64 xxx 16.40183847669074195666 249.8 15.23
65 xxx 67.07449209932279909706 2971.4 44.30
67 xxx 268.76794812413154238073 5802.7 21.59
68 xxx 1025.15914655473941937740 29309.3 28.59
69 xxx 50.00000000000000000000 70.0 1.40
71 xxx 4230.95238095238095238095 7108.0 1.68
78 xxx 6.60000000000000000000 79.2 12.00
79 xxx 23.37359792924935289042 270.9 11.59
80 xxx 18.08225966303270564915 364.9 20.18
