.122 1
.142 2
.171 3
.327 4
1.000 5
1.089 6
1.369 7
1.483 8
2.338 9
2.566 10
3.053 11
3.723 12
3.749 13
11.547 14
13.200 15
13.208 16
13.931 17
14.053 18
14.264 19
15.779 20
16.538 21
18.030 22
18.310 23
19.827 24
19.831 25
21.847 26
23.914 27
25.914 28
27.979 29
28.783 30
30.923 31
38.477 32
43.268 33
46.684 34
49.352 35
50.832 36
54.106 37
56.369 38
57.122 39
61.476 40
73.157 41
75.946 42
84.208 43
88.146 44
90.492 45
93.508 46
125.467 47
138.888 48
160.970 49
167.167 50
224.572 51
258.045 52
