.072 1
.130 2
.138 3
.213 4
.297 5
.598 6
.660 7
.728 8
.962 9
1.985 10
2.003 11
3.028 12
3.160 13
3.845 14
3.908 15
4.030 16
4.524 17
4.902 18
5.674 19
7.404 20
8.826 21
8.844 22
8.872 23
8.882 24
9.084 25
9.467 26
9.961 27
10.031 28
10.524 29
11.224 30
11.539 31
11.934 32
12.012 33
12.889 34
13.958 35
15.384 36
15.940 37
20.012 38
20.424 39
20.983 40
21.591 41
22.002 42
23.608 43
23.915 44
26.911 45
33.026 46
44.842 47
45.085 48
62.621 49
62.686 50
64.245 51
65.492 52
67.488 53
75.856 54
87.759 55
96.767 56
106.808 57
119.808 58
134.820 59
139.798 60
148.595 61
165.385 62
175.026 63
202.596 64
266.297 65
