1 xxx 29.20825379510953549677 642.64 22.002
2 xxx 34.85507246376811594202 4.81 .138
3 xxx 25.69024826834773134096 1650.47 64.245
4 xxx 354.63864491844416562107 5652.94 15.940
7 xxx 9.72890545577770247373 229.68 23.608
8 xxx 67.29701537736801372859 10000 148.595
10 xxx 4.37553416818401397198 117.75 26.911
11 xxx 1100.83663584324086305592 10000 9.084
12 xxx 1015.62289562289562289562 301.64 .297
13 xxx 142.14056677355056764017 1640.16 11.539
15 xxx 70.96725440806045340050 140.87 1.985
16 xxx 1.51270577779614951378 146.38 96.767
17 xxx 11.34518084883964039305 271.32 23.915
18 xxx 48.36956521739130434782 542.90 11.224
19 xxx 29.72651657979372296772 1340.22 45.085
20 xxx 58.91031119315397850932 5169.91 87.759
21 xxx 86.19620253164556962025 272.38 3.160
22 xxx 246.35114885114885114885 2959.17 12.012
24 xxx .86951605608322026232 7.69 8.844
25 xxx 93.62594562205078271290 10000 106.808
26 xxx 49.35931607731643270350 10000 202.596
27 xxx 34.49832775919732441471 20.63 .598
28 xxx 24.44812792511700468018 376.11 15.384
29 xxx 21.24961827398766261528 1391.68 65.492
30 xxx 6.99206391056739084581 530.39 75.856
31 xxx 40.67867663720824835712 359.03 8.826
34 xxx 76923.07692307692307692307 10000 .130
35 xxx 158.01432958034800409416 617.52 3.908
36 xxx 35.23557258791704238052 312.61 8.872
37 xxx 27540.55555555555555555555 1982.92 .072
38 xxx 6.41100291135428169862 63.86 9.961
39 xxx 2.23133899688605375336 369.03 165.385
40 xxx 66.00789526284229462322 1320.95 20.012
41 xxx 8.02503628032406613874 1404.59 175.026
42 xxx 18.36667259364627785680 1239.53 67.488
43 xxx 12.49627791563275434243 50.36 4.030
44 xxx 15.91383500929323738264 333.92 20.983
45 xxx 3.77747252747252747252 2.75 .728
46 xxx 416.35135135135135135135 400.53 .962
47 xxx 74.70828233374133006935 366.22 4.902
48 xxx 302.79173984133712832313 10000 33.026
49 xxx 61.58973204233280792614 547.04 8.882
50 xxx 4.14370610480821177741 30.68 7.404
51 xxx 5.67748838249149646284 355.53 62.621
52 xxx 223.00521832210873734445 10000 44.842
53 xxx .64902646030953569645 1.30 2.003
54 xxx 2.65191545574636723910 8.03 3.028
55 xxx 172.94391042568923629449 1637.26 9.467
56 xxx 42.20963612382651873690 544.04 12.889
58 xxx 4.54076596231705746863 634.79 139.798
59 xxx 5.35612535612535612535 63.92 11.934
60 xxx .61168544895361194455 162.89 266.297
61 xxx 279.07472682410997532604 1583.47 5.674
62 xxx 122.68346595932802829354 555.02 4.524
64 xxx 6.63347184410373979080 92.59 13.958
65 xxx 3.83678384512065212357 82.84 21.591
66 xxx 83.46688034188034188034 10000 119.808
67 xxx 489.62005483744614179396 10000 20.424
68 xxx 23.29036786523306639441 1459.98 62.686
69 xxx 344.88262910798122065727 73.46 .213
71 xxx 15151.51515151515151515151 10000 .660
72 xxx 1.14396973742768135291 154.23 134.820
78 xxx 4.25879772704615691356 42.72 10.031
79 xxx 11.02470741222366710013 42.39 3.845
80 xxx 44.47928544279741543139 468.10 10.524
