1 xxx 83.77874738660121807108 1843.3 22.002
2 xxx 72463.76811594202898550724 10000 .138
3 xxx 2.99945521052221962798 192.7 64.245
4 xxx 627.35257214554579673776 10000 15.940
7 xxx 11.45374449339207048458 270.4 23.608
8 xxx 67.29701537736801372859 10000 148.595
10 xxx 5.66311173869421426182 152.4 26.911
11 xxx 1100.83663584324086305592 10000 9.084
12 xxx .33670033670033670033 0.1 .297
13 xxx 271.49666348903717826501 3132.8 11.539
15 xxx 37.83375314861460957178 75.1 1.985
16 xxx 25.39812126034701912842 2457.7 96.767
17 xxx 9.91846121680953376541 237.2 23.915
18 xxx 53.79543834640057020669 603.8 11.224
19 xxx 52.98658090273927026727 2388.9 45.085
20 xxx 113.94842694196606615845 10000 87.759
21 xxx 3164.55696202531645569620 10000 3.160
22 xxx 832.50083250083250083250 10000 12.012
24 xxx 3.10945273631840796019 27.5 8.844
25 xxx 93.62594562205078271290 10000 106.808
26 xxx 49.35931607731643270350 10000 202.596
27 xxx 16722.40802675585284280936 10000 .598
28 xxx 650.02600104004160166406 10000 15.384
29 xxx 152.69040493495388749770 10000 65.492
30 xxx 23.12012233705969204809 1753.8 75.856
31 xxx 110.23113528212100611828 972.9 8.826
34 xxx 0 0.0 .130
35 xxx 2558.85363357215967246673 10000 3.908
36 xxx 92.88773669972948602344 824.1 8.872
37 xxx 0 0.0 .072
38 xxx 17.28742094167252283907 172.2 9.961
39 xxx 51.96360008465096592798 8594.0 165.385
40 xxx 96.59204477313611832900 1933.0 20.012
41 xxx 9.99794316273010866956 1749.9 175.026
42 xxx 26.00462304409672830725 1755.0 67.488
43 xxx 101.68734491315136476426 409.8 4.030
44 xxx 34.38974407853977029023 721.6 20.983
45 xxx 406.18131868131868131868 295.7 .728
46 xxx 2207.27650727650727650727 2123.4 .962
47 xxx 81.57894736842105263157 399.9 4.902
48 xxx 272.56706837037485617392 9001.8 33.026
49 xxx 71.56045935600090069804 635.6 8.882
50 xxx 7.91464073473797947055 58.6 7.404
51 xxx 24.07179700100605228278 1507.4 62.621
52 xxx 45.51759511172561437937 2041.1 44.842
53 xxx 1.14827758362456315526 2.3 2.003
54 xxx 244.02245706737120211360 738.9 3.028
55 xxx 91.00031689025034329777 861.5 9.467
56 xxx 154.50384048413375746760 1991.4 12.889
58 xxx 71.53178157055179616303 10000 139.798
59 xxx 7.22306016423663482487 86.2 11.934
60 xxx 12.63363838120594674367 3364.3 266.297
61 xxx 294.46598519562918575960 1670.8 5.674
62 xxx 709.21750663129973474801 3208.5 4.524
64 xxx 17.89654678320676314658 249.8 13.958
65 xxx 137.62215738038997730535 2971.4 21.591
66 xxx 83.46688034188034188034 10000 119.808
67 xxx 284.11182922052487269878 5802.7 20.424
68 xxx 159.52525284752576332833 10000 62.686
69 xxx 328.63849765258215962441 70.0 .213
71 xxx 10769.69696969696969696969 7108.0 .660
72 xxx 29.23601839489689956979 3941.6 134.820
78 xxx 7.89552387598444821054 79.2 10.031
79 xxx 70.45513654096228868660 270.9 3.845
80 xxx 34.67312808817939946788 364.9 10.524
