1.499 1
1.984 2
2.351 3
2.629 4
3.026 5
4.148 6
5.746 7
7.620 8
8.206 9
8.788 10
11.876 11
13.768 12
13.781 13
17.920 14
20.063 15
21.507 16
28.188 17
28.228 18
28.932 19
39.265 20
43.028 21
43.559 22
43.780 23
44.705 24
51.896 25
52.955 26
55.121 27
57.091 28
57.263 29
61.190 30
64.099 31
87.153 32
88.160 33
107.984 34
108.933 35
111.388 36
136.645 37
150.798 38
158.694 39
178.134 40
178.984 41
185.159 42
186.267 43
215.068 44
241.331 45
243.630 46
277.726 47
282.498 48
285.272 49
290.325 50
328.505 51
349.347 52
371.986 53
422.052 54
449.452 55
456.577 56
502.443 57
639.865 58
676.580 59
694.161 60
744.452 61
839.353 62
867.821 63
950.390 64
1563.700 65
2128.959 66
2442.017 67
5680.736 68
