0.165039 1
0.174316 2
0.250488 3
0.353390 4
0.403252 5
0.694336 6
0.802734 7
1.126709 8
2.611816 9
2.682129 10
2.781498 11
3.049072 12
3.167084 13
3.222168 14
6.080530 15
7.006836 16
7.679199 17
11.446289 18
11.506592 19
11.651855 20
11.877930 21
12.024902 22
12.045166 23
12.333496 24
12.427734 25
12.432617 26
12.612793 27
13.038086 28
13.155273 29
13.873535 30
14.551758 31
15.010010 32
15.128418 33
17.161377 34
19.438477 35
19.528809 36
22.314697 37
23.055176 38
24.036133 39
25.033203 40
27.329102 41
29.970009 42
32.399357 43
34.420410 44
50.984741 45
55.081787 46
58.720703 47
68.416992 48
73.208008 49
85.154297 50
95.368103 51
98.184326 52
102.392090 53
102.523438 54
111.162598 55
124.961426 56
133.745850 57
141.113525 58
152.069824 59
161.705078 60
182.746582 61
233.829590 62
