18.506 1
24.946 2
55.015 3
55.435 4
58.244 5
90.833 6
94.130 7
790.945 8
925.229 9
937.616 10
949.160 11
1362.109 12
1464.658 13
1779.666 14
1921.183 15
2019.885 16
2023.022 17
2074.280 18
2257.075 19
2280.175 20
2305.285 21
2360.406 22
2363.661 23
2370.738 24
2693.640 25
3013.612 26
3017.218 27
3409.460 28
3433.561 29
3746.046 30
3761.115 31
4063.380 32
4080.582 33
4092.641 34
4544.952 35
4545.672 36
4566.609 37
4867.625 38
4937.837 39
4938.103 40
4940.801 41
5300.030 42
5300.217 43
5534.112 44
5545.817 45
5558.880 46
5572.056 47
5607.334 48
5908.467 49
6070.229 50
6401.382 51
6409.123 52
6420.601 53
6523.104 54
6835.112 55
6850.272 56
6863.184 57
6988.256 58
7000.727 59
7384.563 60
7699.076 61
8013.384 62
