.103 1
.109 2
.116 3
.252 4
.288 5
.669 6
.703 7
.820 8
1.074 9
2.613 10
2.739 11
3.103 12
3.232 13
3.577 14
3.634 15
3.796 16
6.902 17
9.088 18
9.557 19
10.174 20
10.686 21
10.791 22
10.835 23
12.006 24
13.901 25
15.183 26
15.198 27
15.206 28
15.625 29
16.599 30
18.245 31
18.576 32
19.386 33
19.829 34
22.023 35
22.570 36
23.916 37
30.920 38
31.944 39
33.587 40
34.467 41
36.427 42
43.851 43
47.339 44
50.080 45
50.171 46
56.896 47
64.106 48
65.495 49
68.955 50
76.055 51
85.417 52
98.236 53
98.345 54
101.455 55
107.596 56
112.393 57
115.825 58
178.390 59
254.518 60
284.896 61
297.119 62
