1 xxx 26.73192661880936842868 1843.3 68.955
2 xxx 86206.89655172413793103448 10000 .116
3 xxx 2.94220932895640888617 192.7 65.495
4 xxx 719.37270699949643910510 10000 13.901
7 xxx 11.30623850142164241511 270.4 23.916
8 xxx 297.73424241522017447226 10000 33.587
10 xxx 3.47540534993500718341 152.4 43.851
11 xxx 1100.35211267605633802816 10000 9.088
12 xxx .34722222222222222222 0.1 .288
13 xxx 307.92215451149990171024 3132.8 10.174
15 xxx 27.41876597298284045271 75.1 2.739
16 xxx 13.77711755143225517125 2457.7 178.390
17 xxx 6.51165344387404946880 237.2 36.427
18 xxx 39.76816175986300467628 603.8 15.183
19 xxx 23.54639988172096003154 2388.9 101.455
20 xxx 88.97351258530335519115 10000 112.393
21 xxx 2751.78866263070996147495 10000 3.634
22 xxx 313.04783370899073378412 10000 31.944
24 xxx 2.29052140596368482425 27.5 12.006
25 xxx 199.68051118210862619808 10000 50.080
26 xxx 131.48379462231279994740 10000 76.055
27 xxx 14224.75106685633001422475 10000 .703
28 xxx 2795.63880346659211629857 10000 3.577
29 xxx 101.79567571969542733824 10000 98.236
30 xxx 6.89067177959908532991 1753.8 254.518
31 xxx 89.79233964005537609598 972.9 10.835
34 xxx 0 0.0 .103
35 xxx 3094.05940594059405940594 10000 3.232
36 xxx 52.74240000000000000000 824.1 15.625
37 xxx 0 0.0 .109
38 xxx 9.43820224719101123595 172.2 18.245
40 xxx 85.64466105449712007089 1933.0 22.570
41 xxx 6.14224137931034482758 1749.9 284.896
42 xxx 20.54626128288279850615 1755.0 85.417
43 xxx 22.06072351421188630490 409.8 18.576
44 xxx 14.38281078710809033106 721.6 50.171
45 xxx 360.60975609756097560975 295.7 .820
46 xxx 1977.09497206703910614525 2123.4 1.074
47 xxx 57.93972761518400463633 399.9 6.902
48 xxx 83.66296144838098070560 9001.8 107.596
49 xxx 32.05406223208432094407 635.6 19.829
50 xxx 6.13163126504133096159 58.6 9.557
51 xxx 13.01446147204834880207 1507.4 115.825
52 xxx 35.87422665916760404949 2041.1 56.896
53 xxx .88021431305013394565 2.3 2.613
54 xxx 238.12439574605220754108 738.9 3.103
55 xxx 56.65526765750361699329 861.5 15.206
56 xxx 90.42364800435907914453 1991.4 22.023
59 xxx 4.44650778912617352728 86.2 19.386
61 xxx 154.83273097951997034565 1670.8 10.791
62 xxx 93.08904169205326834363 3208.5 34.467
63 xxx 33.65654838633678761708 10000 297.119
64 xxx 8.07891332470892626131 249.8 30.920
65 xxx 179.01078378215555153924 2971.4 16.599
67 xxx 122.57757874057331164578 5802.7 47.339
68 xxx 155.99163884815773874520 10000 64.106
69 xxx 277.77777777777777777777 70.0 .252
71 xxx 10624.81315396113602391629 7108.0 .669
72 xxx 40.07931262392597488433 3941.6 98.345
78 xxx 7.41156653565412689500 79.2 10.686
79 xxx 71.36459430979978925184 270.9 3.796
80 xxx 24.00973812343729438083 364.9 15.198
