1.336 1
1.822 2
2.347 3
2.873 4
3.618 5
5.868 6
11.576 7
13.061 8
13.938 9
14.417 10
14.569 11
15.031 12
15.390 13
16.309 14
18.333 15
19.395 16
20.535 17
20.836 18
26.931 19
29.022 20
29.107 21
30.138 22
31.083 23
31.650 24
31.960 25
33.206 26
33.595 27
33.941 28
34.279 29
34.411 30
36.379 31
37.212 32
37.413 33
38.509 34
39.029 35
40.807 36
43.517 37
43.724 38
43.770 39
44.017 40
44.101 41
44.442 42
44.725 43
44.842 44
44.998 45
45.113 46
45.299 47
45.853 48
46.481 49
46.917 50
46.989 51
47.284 52
47.685 53
47.884 54
49.421 55
51.494 56
52.151 57
55.185 58
61.895 59
62.493 60
64.031 61
65.503 62
65.514 63
65.532 64
69.753 65
71.039 66
74.963 67
75.876 68
80.547 69
80.900 70
82.118 71
83.222 72
83.847 73
85.793 74
92.111 75
94.346 76
94.671 77
98.068 78
98.642 79
99.942 80
100.256 81
100.718 82
103.683 83
104.034 84
105.180 85
105.931 86
106.567 87
108.366 88
110.714 89
113.983 90
114.608 91
114.940 92
116.133 93
116.341 94
117.821 95
122.050 96
122.194 97
122.402 98
124.541 99
126.474 100
127.472 101
129.329 102
129.719 103
129.850 104
130.915 105
130.919 106
132.398 107
133.727 108
134.444 109
136.499 110
138.613 111
138.964 112
141.070 113
144.734 114
158.284 115
163.204 116
163.776 117
170.172 118
173.264 119
173.588 120
175.718 121
177.648 122
181.831 123
182.882 124
185.702 125
190.623 126
194.755 127
198.225 128
199.249 129
201.581 130
203.393 131
212.701 132
213.469 133
214.109 134
226.696 135
229.282 136
230.678 137
235.330 138
239.257 139
240.519 140
242.816 141
243.098 142
248.047 143
249.213 144
253.308 145
254.474 146
254.634 147
260.602 148
260.633 149
262.463 150
270.436 151
281.127 152
284.660 153
289.355 154
292.003 155
295.198 156
296.497 157
299.958 158
304.152 159
316.601 160
317.686 161
319.261 162
321.130 163
328.974 164
367.614 165
372.592 166
376.243 167
376.500 168
407.239 169
408.044 170
418.589 171
421.390 172
424.625 173
428.477 174
428.709 175
428.782 176
431.735 177
438.113 178
443.642 179
446.573 180
457.444 181
457.583 182
465.774 183
471.800 184
473.240 185
498.833 186
506.212 187
506.963 188
545.622 189
554.677 190
560.074 191
560.977 192
563.711 193
569.194 194
584.596 195
597.524 196
604.339 197
605.483 198
663.730 199
679.808 200
683.693 201
686.345 202
693.047 203
696.628 204
711.653 205
722.454 206
726.623 207
727.996 208
746.823 209
750.981 210
759.382 211
798.502 212
813.732 213
816.736 214
867.823 215
870.189 216
884.690 217
885.009 218
945.444 219
947.855 220
982.597 221
1013.412 222
1016.919 223
1041.469 224
1054.600 225
1072.427 226
1074.863 227
1096.382 228
1123.149 229
1124.123 230
1159.511 231
1202.446 232
1210.593 233
1214.785 234
1222.193 235
1224.015 236
1227.748 237
1280.247 238
1288.724 239
1367.544 240
1384.671 241
1450.806 242
1496.062 243
1515.890 244
1521.065 245
1596.533 246
1596.669 247
1623.799 248
1629.158 249
1631.860 250
1673.804 251
1674.993 252
1676.841 253
1702.055 254
1707.155 255
1708.809 256
1725.349 257
1774.526 258
1830.574 259
1913.666 260
1943.267 261
1975.283 262
2004.172 263
2022.571 264
2073.314 265
2253.835 266
2279.973 267
2312.518 268
2350.790 269
2364.847 270
2461.859 271
2487.331 272
2514.766 273
2534.663 274
2563.384 275
2898.164 276
2932.599 277
2940.996 278
2962.454 279
3082.150 280
3313.275 281
3414.407 282
3451.068 283
3498.041 284
3708.101 285
3787.251 286
3822.347 287
3823.397 288
4134.126 289
4163.804 290
4188.018 291
4238.100 292
4623.348 293
5345.700 294
5363.528 295
5444.547 296
5488.634 297
6105.658 298
6156.670 299
