2.039 1
3.039 11
4.040 17
5.041 30
6.042 34
7.043 40
8.044 52
9.045 61
10.046 74
11.047 90
12.047 99
13.087 101
14.087 100
15.088 123
16.089 123
17.089 127
18.090 136
19.091 137
20.091 142
21.092 143
22.093 157
23.094 156
24.095 154
25.095 154
26.196 162
27.197 173
28.197 184
29.198 183
30.199 193
31.200 193
32.201 200
33.201 205
34.202 215
35.205 226
37.206 244
38.286 251
39.186 252
40.187 261
41.188 261
42.188 262
43.189 277
44.218 285
45.219 295
46.246 302
47.247 308
48.248 316
49.249 322
50.253 327
51.254 329
52.254 332
53.255 331
54.256 332
55.259 332
56.260 332
57.260 332
58.261 333
59.262 335
60.263 336
61.263 336
62.264 336
63.265 337
64.266 337
65.269 336
66.270 335
67.271 333
68.472 334
69.473 334
70.474 335
71.474 334
72.475 335
73.476 334
74.477 334
75.478 334
76.479 333
77.483 332
78.484 332
79.485 332
80.486 332
81.487 332
82.488 330
83.489 330
84.490 329
85.491 327
86.492 327
87.492 326
88.494 326
89.494 326
90.495 326
91.496 326
92.497 326
93.498 325
94.499 325
95.500 325
96.501 323
97.502 323
98.503 323
100.505 321
101.507 319
102.508 318
103.509 318
104.512 318
105.512 316
106.513 315
107.514 314
108.515 313
109.516 313
110.517 312
111.518 312
112.519 311
113.520 311
114.521 311
115.522 310
116.523 308
117.526 308
118.527 306
119.528 305
120.529 305
121.530 305
122.530 305
123.533 304
124.534 302
125.534 302
126.535 301
127.537 301
128.538 300
129.538 299
130.539 298
131.540 295
132.541 294
133.542 294
134.543 293
135.544 292
136.544 291
137.545 291
138.546 290
139.547 290
140.548 288
141.549 288
142.550 287
143.551 287
144.552 287
145.552 287
146.553 286
147.554 286
148.555 286
149.556 286
150.557 286
151.558 286
152.559 286
153.560 286
154.561 286
155.562 286
156.563 286
157.564 286
158.564 286
159.565 285
160.566 285
161.567 285
162.568 285
163.569 285
164.570 285
165.571 283
166.572 283
167.573 283
168.574 283
169.575 283
170.575 283
171.576 283
172.578 282
173.578 282
174.580 281
175.581 280
177.583 279
178.586 279
179.587 278
180.588 278
181.589 278
182.590 278
183.590 277
184.591 276
185.592 276
186.593 276
187.594 275
188.595 275
189.596 275
190.597 275
191.598 275
192.599 274
193.600 274
194.601 274
195.602 274
196.603 273
197.604 273
198.605 273
199.606 272
200.606 272
201.607 271
202.608 271
203.609 270
204.610 270
205.611 269
206.612 269
207.613 269
208.614 269
209.615 269
210.616 269
211.617 269
212.618 269
213.623 269
214.624 268
215.625 266
216.626 266
217.627 266
218.628 266
219.629 266
220.630 266
221.631 266
222.532 266
223.533 266
224.534 266
225.535 266
226.536 266
227.537 266
228.537 265
229.538 265
230.539 265
231.540 264
232.541 263
233.542 263
234.543 263
235.544 263
236.545 263
237.546 262
238.547 262
239.547 262
240.548 262
241.549 261
242.550 260
243.551 260
244.552 258
245.553 258
246.554 258
247.555 258
248.556 258
249.557 257
250.558 257
251.559 256
252.560 256
253.561 256
254.562 255
255.563 254
256.564 253
257.565 253
258.566 253
259.567 253
260.567 253
261.568 253
262.569 251
263.570 251
264.571 250
265.572 250
266.573 250
267.574 250
268.575 250
269.576 250
270.577 250
271.578 250
272.579 249
273.580 249
274.581 249
275.581 249
276.582 249
277.583 249
278.584 249
279.585 249
280.586 249
281.587 249
282.587 248
283.588 248
284.589 248
285.590 248
286.591 247
287.592 247
288.593 247
289.594 247
290.595 247
291.596 246
292.596 246
293.597 245
294.598 245
295.599 245
296.600 244
297.601 244
298.602 243
299.603 243
300.604 243
301.604 242
302.605 242
303.606 242
304.607 242
305.608 241
306.609 241
307.610 241
308.611 241
309.612 241
310.613 241
311.614 241
312.615 241
313.616 241
314.616 241
315.617 241
316.618 241
317.619 241
318.620 240
319.621 239
320.621 238
321.622 238
322.623 237
323.624 237
324.625 237
325.626 237
326.627 237
327.628 237
328.629 237
329.630 237
330.632 236
331.632 236
332.633 236
333.634 236
334.635 236
335.636 236
336.637 236
337.638 236
338.639 236
339.640 236
340.641 236
341.642 236
342.643 236
343.644 236
344.645 236
345.646 236
346.647 236
347.648 236
348.649 236
349.650 236
350.651 236
351.652 236
352.653 236
353.654 236
354.655 236
355.656 236
356.657 236
357.658 236
358.659 236
359.660 236
360.661 236
361.662 236
362.663 236
363.664 236
364.665 236
365.665 236
366.667 236
367.667 236
368.668 236
369.669 235
370.670 235
371.671 235
372.672 235
373.673 235
374.674 234
375.675 234
376.676 234
377.677 233
378.678 232
379.679 232
380.680 232
381.681 232
382.682 232
383.683 232
384.684 232
385.685 232
386.685 232
387.686 232
388.687 232
389.687 232
390.688 232
391.689 232
392.690 232
393.691 232
394.692 232
395.693 232
396.694 232
397.695 232
398.696 232
399.696 232
400.697 232
401.698 232
402.698 232
403.699 232
404.700 232
405.701 232
406.701 232
407.702 232
408.703 231
409.706 230
410.707 230
411.708 230
412.709 230
413.710 230
414.711 230
415.712 230
416.713 230
417.713 230
418.714 230
419.715 230
420.716 229
421.716 229
422.719 229
423.720 228
424.721 228
425.722 228
426.723 227
427.724 227
428.725 227
429.727 227
430.728 224
431.729 224
432.729 224
433.730 223
434.731 223
435.732 223
436.733 223
437.734 223
438.734 223
439.735 222
440.736 222
441.737 222
442.738 222
443.739 222
444.740 222
445.741 221
446.742 221
447.743 220
448.743 220
449.744 220
450.745 220
451.746 220
452.747 220
453.748 220
454.749 220
455.750 220
456.751 220
457.752 220
458.753 220
459.754 218
460.754 218
461.755 218
462.756 218
463.757 218
464.758 218
465.759 218
466.760 218
467.761 217
468.762 217
469.762 217
470.763 217
471.764 217
472.765 217
473.766 216
474.767 215
475.768 215
476.769 215
477.770 215
478.771 215
479.771 215
480.772 215
481.773 215
482.774 215
483.775 215
484.776 215
485.777 215
486.778 215
487.779 215
488.780 215
489.781 215
490.782 215
491.783 215
492.783 215
493.784 215
494.785 215
495.686 215
496.687 215
497.688 215
498.689 215
499.690 215
500.691 214
501.692 214
502.693 214
503.694 214
504.695 214
505.695 214
506.696 214
507.697 213
508.698 212
509.699 212
510.800 212
511.800 212
512.801 212
513.802 212
514.803 212
515.804 212
516.805 212
517.806 212
518.807 212
519.808 212
520.808 212
521.810 212
522.811 212
523.812 212
524.813 212
525.814 212
526.814 212
527.815 212
528.816 212
529.818 212
530.818 212
531.820 212
532.821 212
533.821 212
534.822 212
535.823 212
536.824 212
537.825 212
538.826 212
539.827 212
540.828 212
541.829 212
542.830 212
543.831 212
544.832 212
545.834 212
546.835 212
547.836 211
548.837 211
549.838 211
550.839 211
551.840 211
552.841 211
553.842 211
554.844 211
555.844 211
556.845 210
557.846 210
558.847 210
559.848 210
560.849 210
561.850 209
562.851 208
563.852 208
564.853 208
565.854 207
566.854 207
567.855 207
568.856 207
569.857 207
570.859 206
571.860 206
572.860 206
573.862 206
574.862 206
575.863 206
576.864 206
577.865 206
578.866 206
579.867 206
580.867 206
581.868 206
582.869 206
583.870 206
584.870 206
585.871 206
586.872 205
587.873 205
588.874 205
589.875 205
590.876 205
591.877 205
592.878 205
593.879 205
594.880 205
595.881 205
596.882 205
597.883 205
598.883 205
599.884 204
600.885 204
601.886 204
602.887 204
603.888 204
604.889 204
605.890 203
606.891 203
607.891 202
608.892 202
609.893 202
610.893 202
611.894 202
612.895 202
613.896 202
614.897 202
615.898 202
616.899 202
617.900 202
618.901 202
619.902 202
620.903 202
621.904 202
622.905 202
623.906 202
624.907 202
625.908 202
626.909 202
627.910 202
628.911 202
629.912 202
630.913 202
631.914 202
632.914 202
633.915 202
634.916 202
635.917 202
636.918 202
637.919 202
638.920 202
639.920 202
640.922 202
641.922 202
642.923 202
643.924 202
644.925 202
645.926 202
646.927 202
647.928 202
648.929 202
649.930 202
650.930 202
651.932 202
652.933 202
653.934 202
654.935 202
655.936 202
656.937 202
657.938 202
658.939 202
659.940 202
660.941 202
661.943 202
662.944 202
663.945 202
665.046 201
666.047 201
667.048 201
668.049 201
669.050 201
670.051 201
671.052 201
672.052 201
673.054 201
674.054 201
675.055 201
676.056 201
677.057 201
678.058 201
679.059 201
680.060 201
681.061 201
682.062 200
683.062 200
684.063 200
685.064 200
686.065 199
687.066 199
688.073 198
689.073 198
690.074 198
691.075 198
692.076 198
693.077 198
694.079 198
695.080 197
696.081 197
697.081 197
698.083 197
699.084 196
700.085 196
701.086 196
702.087 196
703.088 196
704.089 196
705.090 196
706.091 196
707.092 196
708.093 196
709.094 196
710.095 196
711.096 196
712.097 196
713.098 196
714.099 195
715.100 195
716.100 195
717.101 195
718.102 195
719.103 195
720.104 195
721.105 195
722.105 195
723.106 195
724.108 194
725.109 194
726.110 194
727.111 194
728.111 194
729.112 193
730.113 192
731.114 192
732.115 192
733.116 192
734.118 192
735.119 192
736.120 192
737.120 192
738.121 192
739.122 192
740.123 192
741.124 192
742.125 192
743.125 192
744.126 192
745.127 192
746.128 192
747.129 192
748.130 192
749.131 191
750.132 191
751.133 191
752.134 191
753.135 190
754.136 190
755.137 190
756.138 190
757.138 190
758.139 190
759.140 190
760.141 190
761.142 189
762.142 189
763.143 189
764.144 189
765.145 189
766.146 189
767.147 189
768.148 189
769.149 189
770.150 189
771.151 189
772.152 189
773.153 189
774.154 189
775.155 189
776.156 189
777.156 189
778.157 189
779.158 189
780.159 189
781.160 189
782.161 189
783.162 189
784.162 189
785.163 189
786.164 189
787.165 189
788.166 189
789.166 189
790.167 189
791.168 189
792.169 189
793.170 189
794.170 189
795.171 189
796.172 189
797.173 189
798.174 189
799.175 189
800.176 188
801.176 188
802.177 188
803.178 188
804.179 188
805.180 188
806.181 188
807.182 188
808.182 188
809.183 188
810.184 188
811.185 188
812.186 188
813.187 188
814.188 188
815.189 187
816.190 187
817.191 187
818.192 186
819.193 186
820.194 186
821.195 186
822.196 186
823.197 186
824.198 186
825.199 186
826.200 186
827.200 186
828.201 186
829.202 186
830.203 186
831.204 186
832.205 186
833.205 186
834.207 186
835.207 186
836.208 186
837.209 186
838.210 186
839.211 186
840.212 186
841.213 186
842.214 186
843.215 186
844.216 186
845.217 186
846.218 186
847.219 186
848.220 186
849.221 186
850.222 186
851.223 186
852.224 186
853.225 186
854.226 186
855.227 186
856.228 186
857.229 186
858.230 186
859.231 186
860.231 186
861.232 186
862.233 186
863.235 186
864.235 186
865.236 186
866.237 186
867.238 186
868.239 186
869.240 186
870.241 185
871.242 185
872.243 184
873.244 184
874.245 184
875.246 184
876.247 184
877.247 184
878.248 184
879.249 184
880.250 184
881.251 184
882.251 184
883.252 184
884.253 184
885.254 184
886.255 183
887.256 182
888.257 182
889.257 182
890.258 182
891.259 182
892.260 182
893.261 182
894.262 182
895.263 182
896.264 182
897.265 182
898.265 182
899.266 182
900.267 182
901.268 182
902.269 182
903.270 182
904.271 182
905.272 182
906.273 182
907.273 182
908.275 182
909.275 182
910.277 182
911.277 182
912.279 182
913.279 182
914.280 182
915.281 182
916.282 182
917.283 182
918.284 182
919.285 182
920.286 182
921.287 182
922.288 182
923.288 182
924.289 182
925.290 182
926.291 182
927.292 182
928.293 182
929.294 182
930.295 182
931.295 182
932.296 182
933.297 182
934.298 182
935.299 182
936.300 182
937.301 182
938.302 182
939.303 182
940.304 182
941.304 182
942.306 182
943.306 182
944.307 182
945.308 182
946.310 182
947.311 181
948.312 181
949.313 181
950.314 180
951.315 180
952.316 180
953.316 180
954.317 180
955.318 180
956.319 180
957.320 180
958.321 180
959.322 180
960.323 180
961.324 180
962.325 180
963.326 180
964.327 180
965.327 180
966.329 180
967.330 180
968.331 180
969.331 180
970.333 180
971.334 180
972.334 180
973.335 180
974.336 180
975.337 180
976.338 180
977.339 180
978.340 180
979.341 180
980.342 180
981.343 180
982.344 180
983.345 180
984.346 179
985.347 179
986.347 179
987.348 179
988.349 179
989.350 179
990.351 179
991.351 179
992.352 179
993.353 179
994.354 179
995.355 179
996.356 179
997.357 179
998.358 179
999.359 179
1000.359 179
1001.360 179
1002.361 179
1003.362 179
1004.363 179
1005.364 179
1006.365 179
1007.365 179
1008.366 179
1009.367 179
1010.368 179
1011.369 179
1012.370 179
1013.371 179
1014.371 179
1015.372 178
1016.373 178
1017.374 178
1018.375 177
1019.376 177
1020.377 177
1021.377 177
1022.378 177
1023.379 177
1024.380 177
1025.381 177
1026.383 177
1027.384 177
1028.385 177
1029.387 177
1030.388 177
1031.390 177
1032.391 177
1033.392 177
1034.393 177
1035.395 177
1036.396 177
1037.397 177
1038.398 177
1039.399 177
1040.401 177
1041.402 177
1042.403 177
1043.404 176
1044.405 176
1045.407 176
1046.408 176
1047.409 176
1048.411 176
1049.412 176
1050.413 176
1051.414 176
1052.415 176
1053.417 176
1054.418 176
1055.419 176
1056.420 175
1057.422 175
1058.423 175
1059.424 175
1060.425 175
1061.427 175
1062.428 175
1063.429 175
1064.430 175
1065.431 175
1066.432 175
1067.434 175
1068.435 175
1069.436 175
1070.438 175
1071.439 175
1072.440 175
1073.442 175
1074.443 174
1075.445 174
1076.446 173
1077.447 173
1078.448 173
1079.450 173
1080.451 173
1081.452 173
1082.454 173
1083.455 173
1084.456 173
1085.457 173
1086.459 173
1087.460 173
1088.461 173
1089.463 173
1090.464 173
1091.466 173
1092.467 173
1093.469 173
1094.470 173
1095.472 173
1096.473 173
1097.474 173
1098.475 172
1099.476 172
1100.478 172
1101.479 172
1102.480 172
1103.481 172
1104.483 172
1105.484 172
1106.486 172
1107.487 172
1108.488 172
1109.489 172
1110.490 172
1111.492 172
1112.493 172
1113.494 172
1114.495 172
1115.496 172
1116.498 172
1117.499 172
1118.500 172
1119.502 172
1120.503 172
1121.504 172
1122.506 172
1123.507 172
1124.508 172
1125.511 171
1126.512 170
1127.513 170
1128.515 170
1129.516 170
1130.517 170
1131.518 170
1132.520 170
1133.521 170
1134.523 170
1135.524 170
1136.525 170
1137.526 170
1138.528 170
1139.529 170
1140.530 170
1141.531 170
1142.533 170
1143.534 170
1144.535 170
1145.537 170
1146.538 170
1147.539 170
1148.541 170
1149.542 170
1150.543 170
1151.544 170
1152.546 170
1153.547 170
1154.549 170
1155.550 170
1156.551 170
1157.552 170
1158.554 170
1159.555 170
1160.557 170
1161.558 169
1162.559 169
1163.561 169
1164.562 169
1165.563 169
1166.564 169
1167.566 169
1168.567 169
1169.568 169
1170.569 169
1171.570 169
1172.572 169
1173.573 169
1174.574 169
1175.575 169
1176.577 169
1177.578 169
1178.579 169
1179.581 169
1180.582 169
1181.583 169
1182.584 169
1183.585 169
1184.587 169
1185.588 169
1186.589 169
1187.591 169
1188.592 169
1189.593 169
1190.594 169
1191.596 169
1192.597 169
1193.598 169
1194.599 169
1195.600 169
1196.601 169
1197.603 169
1198.604 169
1199.605 169
1200.606 169
1201.607 169
1202.609 169
1203.610 169
1204.611 168
1205.613 168
1206.614 168
1207.615 168
1208.616 168
1209.618 168
1210.619 168
1211.620 168
1212.622 167
1213.623 167
1214.624 167
1215.626 167
1216.627 166
1217.628 166
1218.630 166
1219.631 166
1220.632 166
1221.633 166
1222.635 166
1223.636 166
1224.637 165
1225.638 164
1226.640 164
1227.641 164
1228.642 164
1229.643 163
1230.644 163
1231.646 163
1232.647 163
1233.648 163
1234.649 163
1235.651 163
1236.652 163
1237.654 163
1238.655 163
1239.656 163
1240.657 163
1241.659 163
1242.660 163
1243.661 163
1244.662 163
1245.663 163
1246.665 163
1247.666 163
1248.667 163
1249.668 163
1250.670 163
1251.671 163
1252.672 163
1253.673 163
1254.675 163
1255.676 163
1256.677 163
1257.679 163
1258.680 163
1259.681 163
1260.682 163
1261.684 163
1262.685 163
1263.687 163
1264.688 163
1265.689 163
1266.691 163
1267.692 163
1268.694 163
1269.695 163
1270.696 163
1271.698 163
1272.699 163
1273.700 163
1274.701 163
1275.703 163
1276.704 163
1277.705 163
1278.707 163
1279.708 163
1280.709 163
1281.710 162
1282.712 162
1283.713 162
1284.715 162
1285.716 162
1286.717 162
1287.719 162
1288.720 162
1289.721 162
1290.722 161
1291.724 161
1292.725 161
1293.726 161
1294.727 161
1295.728 161
1296.729 161
1297.730 161
1298.732 161
1299.733 161
1300.734 161
1301.736 161
1302.737 161
1303.738 161
1304.740 161
1305.741 161
1306.742 161
1307.743 161
1308.745 161
1309.746 161
1310.748 161
1311.749 161
1312.750 161
1313.751 161
1314.752 161
1315.754 161
1316.755 161
1317.756 161
1318.758 161
1319.760 161
1320.761 161
1321.762 161
1322.764 161
1323.765 161
1324.766 161
1325.767 161
1326.769 161
1327.770 161
1328.771 161
1329.772 161
1330.774 161
1331.775 161
1332.776 161
1333.778 161
1334.779 161
1335.781 161
1336.782 161
1337.783 161
1338.785 161
1339.786 161
1340.788 161
1341.789 161
1342.790 161
1343.792 161
1344.793 161
1345.795 161
1346.796 161
1347.797 161
1348.799 161
1349.800 161
1350.801 161
1351.802 161
1352.804 161
1353.805 161
1354.806 161
1355.808 161
1356.809 161
1357.810 161
1358.812 161
1359.813 161
1360.814 161
1361.815 161
1362.816 161
1363.818 161
1364.819 161
1365.820 161
1366.822 161
1367.823 161
1368.824 161
1369.825 160
1370.826 160
1371.827 160
1372.829 160
1373.830 160
1374.831 160
1375.832 160
1376.834 160
1377.835 160
1378.836 160
1379.837 160
1380.839 160
1381.840 160
1382.841 160
1383.843 160
1384.844 160
1385.845 160
1386.846 159
1387.847 159
1388.848 159
1389.849 159
1390.850 159
1391.852 159
1392.853 159
1393.854 159
1394.855 159
1395.856 159
1396.858 159
1397.859 159
1398.860 159
1399.861 159
1400.863 159
1401.864 159
1402.865 159
1403.866 159
1404.867 159
1405.868 159
1406.870 159
1407.871 159
1408.872 159
1409.874 159
1410.875 159
1411.876 159
1412.877 159
1413.878 159
1414.879 159
1415.880 159
1416.881 159
1417.883 159
1418.884 159
1419.885 159
1420.886 159
1421.887 159
1422.888 159
1423.890 159
1424.891 159
1425.892 159
1426.893 159
1427.894 159
1428.895 159
1429.896 159
1430.898 159
1431.899 159
1432.900 159
1433.902 159
1434.903 159
1435.904 159
1436.906 159
1437.907 159
1438.908 159
1439.909 159
1440.910 159
1441.911 159
1442.912 159
1443.913 159
1444.915 159
1445.916 159
1446.917 159
1447.918 159
1448.920 159
1449.921 159
1450.922 159
1451.923 159
1452.925 158
1453.926 158
1454.927 158
1455.928 158
1456.929 158
1457.930 158
1458.932 158
1459.933 158
1460.934 158
1461.935 158
1462.936 158
1463.937 158
1464.938 158
1465.939 158
1466.940 158
1467.941 158
1468.943 158
1469.944 158
1470.945 158
1471.946 158
1472.947 158
1473.948 158
1474.949 158
1475.951 158
1476.952 158
1477.953 158
1478.954 158
1479.955 158
1480.956 158
1481.958 158
1482.959 158
1483.960 158
1484.961 158
1485.963 158
1486.964 158
1487.966 158
1488.967 158
1489.968 158
1490.969 158
1491.970 158
1492.971 158
1493.972 158
1494.974 158
1495.975 158
1496.976 158
1497.977 157
1498.978 157
1499.979 157
1500.980 157
1501.982 157
1502.983 157
1503.984 157
1504.985 157
1505.986 157
1506.987 157
1507.988 157
1508.989 157
1509.991 157
1510.992 157
1511.993 157
1512.994 157
1513.995 157
1514.997 157
1515.998 157
1517.000 157
1518.001 156
1519.003 156
1520.004 156
1521.005 156
1522.006 156
1523.008 155
1524.009 155
1525.010 155
1526.011 155
1527.013 155
1528.014 155
1529.015 155
1530.016 155
1531.018 155
1532.019 155
1533.020 155
1534.021 155
1535.022 155
1536.023 155
1537.024 155
1538.025 155
1539.026 155
1540.028 155
1541.029 155
1542.030 155
1543.031 155
1544.032 155
1545.034 155
1546.035 155
1547.036 155
1548.037 155
1549.039 155
1550.040 155
1551.041 155
1552.042 155
1553.043 155
1554.045 155
1555.046 155
1556.047 155
1557.048 155
1558.050 155
1559.051 155
1560.052 155
1561.053 155
1562.054 155
1563.055 155
1564.057 155
1565.058 155
1566.059 155
1567.060 155
1568.061 155
1569.062 155
1570.064 155
1571.065 155
1572.066 155
1573.067 155
1574.068 155
1575.069 155
1576.070 155
1577.071 155
1578.072 155
1579.073 155
1580.075 155
1581.076 155
1582.077 155
1583.078 155
1584.080 155
1585.081 155
1586.082 155
1587.083 155
1588.084 155
1589.086 155
1590.087 155
1591.088 155
1592.089 155
1593.090 155
1594.092 155
1595.093 155
1596.094 155
1597.095 155
1598.096 153
1599.098 153
1600.099 153
1601.100 153
1602.101 153
1603.102 153
1604.104 153
1605.105 153
1606.107 153
1607.108 153
1608.109 153
1609.111 153
1610.112 153
1611.113 153
1612.115 153
1613.116 153
1614.117 153
1615.118 153
1616.119 153
1617.120 153
1618.121 153
1619.122 153
1620.124 153
1621.125 153
1622.126 153
1623.127 153
1624.128 153
1625.130 152
1626.131 152
1627.132 152
1628.133 152
1629.134 152
1630.135 152
1631.136 151
1632.137 151
1633.139 151
1634.140 150
1635.141 150
1636.142 150
1637.143 150
1638.144 150
1639.145 150
1640.146 150
1641.147 150
1642.149 150
1643.150 150
1644.151 150
1645.152 150
1646.153 150
1647.154 150
1648.156 150
1649.157 150
1650.158 150
1651.159 150
1652.160 150
1653.161 150
1654.162 150
1655.163 150
1656.164 150
1657.166 150
1658.167 150
1659.168 150
1660.169 150
1661.170 150
1662.171 150
1663.172 150
1664.173 150
1665.174 150
1666.176 150
1667.177 150
1668.178 150
1669.179 150
1670.180 150
1671.181 150
1672.182 150
1673.183 150
1674.185 150
1675.186 150
1676.187 149
1677.188 148
1678.189 148
1679.191 147
1680.192 147
1681.193 147
1682.194 147
1683.195 147
1684.196 147
1685.198 147
1686.199 147
1687.200 147
1688.201 147
1689.202 147
1690.203 147
1691.204 147
1692.205 147
1693.206 147
1694.208 147
1695.209 147
1696.210 147
1697.211 147
1698.212 147
1699.213 147
1700.214 147
1701.215 147
1702.216 147
1703.217 147
1704.219 146
1705.220 146
1706.221 146
1707.222 146
1708.223 146
1709.224 145
1710.225 145
1711.227 144
1712.228 144
1713.229 144
1714.230 144
1715.232 144
1716.233 144
1717.234 144
1718.235 144
1719.236 144
1720.238 144
1721.239 144
1722.240 144
1723.241 144
1724.242 144
1725.243 144
1726.245 144
1727.246 143
1728.247 143
1729.248 143
1730.250 143
1731.251 143
1732.252 143
1733.253 143
1734.254 143
1735.255 143
1736.257 143
1737.258 143
1738.259 143
1739.260 143
1740.261 143
1741.263 143
1742.264 143
1743.265 143
1744.266 143
1745.268 143
1746.270 143
1747.271 143
1748.272 143
1749.273 143
1750.274 143
1751.276 143
1752.277 143
1753.278 143
1754.280 143
1755.281 143
1756.282 143
1757.283 143
1758.285 143
1759.286 143
1760.287 143
1761.288 143
1762.290 143
1763.291 143
1764.292 143
1765.293 143
1766.294 143
1767.295 143
1768.296 143
1769.298 143
1770.299 143
1771.300 143
1772.301 143
1773.302 143
1774.304 143
1775.305 143
1776.307 142
1777.308 142
1778.309 142
1779.310 142
1780.312 142
1781.313 142
1782.314 142
1783.315 142
1784.316 142
1785.317 142
1786.319 142
1787.320 142
1788.321 142
1789.322 142
1790.323 142
1791.325 142
1792.326 142
1793.327 142
1794.329 142
1795.330 142
1796.331 142
1797.332 142
1798.333 142
1799.334 142
1800.336 142
1801.337 142
1802.338 142
1803.339 142
1804.340 142
1805.342 142
1806.343 142
1807.344 142
1808.345 142
1809.346 142
1810.347 142
1811.348 142
1812.349 142
1813.351 142
1814.352 142
1815.353 142
1816.354 142
1817.355 142
1818.357 142
1819.358 142
1820.359 142
1821.360 142
1822.361 142
1823.362 142
1824.364 142
1825.365 142
1826.366 142
1827.367 142
1828.369 142
1829.370 142
1830.372 142
1831.373 142
1832.374 141
1833.375 141
1834.377 141
1835.378 141
1836.379 141
1837.381 141
1838.382 141
1839.383 141
1840.385 141
1841.386 141
1842.387 141
1843.388 141
1844.389 141
1845.390 141
1846.391 141
1847.393 141
1848.394 141
1849.395 141
1850.396 141
1851.397 141
1852.398 141
1853.399 141
1854.400 141
1855.401 141
1856.402 141
1857.403 141
1858.405 141
1859.406 141
1860.407 141
1861.308 141
1862.310 141
1863.311 141
1864.312 141
1865.313 141
1866.315 141
1867.316 141
1868.317 141
1869.318 141
1870.319 141
1871.321 141
1872.322 141
1873.323 141
1874.324 141
1875.325 141
1876.326 141
1877.327 141
1878.328 141
1879.329 141
1880.330 141
1881.331 141
1882.333 141
1883.334 141
1884.335 141
1885.336 141
1886.337 141
1887.338 141
1888.339 141
1889.340 141
1890.341 141
1891.343 141
1892.344 141
1893.345 141
1894.346 141
1895.347 141
1896.348 141
1897.349 141
1898.350 141
1899.352 141
1900.353 141
1901.354 141
1902.355 141
1903.356 141
1904.357 141
1905.359 141
1906.360 141
1907.361 141
1908.363 141
1909.364 141
1910.365 141
1911.366 141
1912.367 141
1913.368 141
1914.369 141
1915.371 140
1916.372 140
1917.373 140
1918.374 140
1919.375 140
1920.376 140
1921.377 140
1922.379 140
1923.380 140
1924.381 140
1925.382 140
1926.383 140
1927.384 140
1928.385 140
1929.386 140
1930.388 140
1931.389 140
1932.390 140
1933.391 140
1934.393 140
1935.394 140
1936.395 140
1937.396 140
1938.397 140
1939.399 140
1940.400 140
1941.401 140
1942.402 140
1943.403 140
1944.404 140
1945.405 139
1946.406 139
1947.407 139
1948.409 139
1949.410 139
1950.411 139
1951.412 139
1952.413 139
1953.414 139
1954.415 139
1955.416 139
1956.417 139
1957.418 139
1958.419 139
1959.421 139
1960.422 139
1961.423 139
1962.424 139
1963.425 139
1964.426 139
1965.427 139
1966.428 139
1967.429 139
1968.431 139
1969.432 139
1970.433 139
1971.434 139
1972.435 139
1973.436 139
1974.437 139
1975.438 139
1976.439 138
1977.441 138
1978.442 138
1979.443 138
1980.444 138
1981.445 138
1982.446 138
1983.448 138
1984.449 138
1985.450 138
1986.451 138
1987.452 138
1988.453 138
1989.454 138
1990.456 138
1991.457 138
1992.458 138
1993.459 138
1994.460 138
1995.461 138
1996.463 138
1997.464 138
1998.465 138
1999.466 138
2000.467 138
2001.468 138
2002.469 138
2003.471 138
2004.472 138
2005.473 137
2006.474 137
2007.475 137
2008.476 137
2009.477 137
2010.479 137
2011.480 137
2012.481 137
2013.482 137
2014.484 137
2015.485 137
2016.486 137
2017.487 137
2018.489 137
2019.490 137
2020.491 137
2021.493 137
2022.494 137
2023.496 137
2024.497 136
2025.498 136
2026.500 136
2027.501 136
2028.502 136
2029.503 136
2030.504 136
2031.505 136
2032.506 136
2033.508 136
2034.509 136
2035.510 136
2036.511 136
2037.512 136
2038.513 136
2039.515 136
2040.516 136
2041.517 136
2042.518 136
2043.519 136
2044.520 136
2045.521 136
2046.522 136
2047.524 136
2048.525 136
2049.526 136
2050.527 136
2051.528 136
2052.529 136
2053.530 136
2054.531 136
2055.532 136
2056.533 136
2057.534 136
2058.535 136
2059.536 136
2060.537 136
2061.538 136
2062.539 136
2063.540 136
2064.541 136
2065.542 136
2066.542 136
2067.543 136
2068.544 136
2069.545 136
2070.546 136
2071.547 136
2072.548 136
2073.549 136
2074.550 135
2075.551 135
2076.552 135
2077.553 135
2078.554 135
2079.555 135
2080.556 135
2081.557 135
2082.558 135
2083.559 135
2084.560 135
2085.561 135
2086.562 135
2087.563 135
2088.564 135
2089.565 135
2090.566 135
2091.567 135
2092.568 135
2093.569 135
2094.570 135
2095.571 135
2096.572 135
2097.573 135
2098.574 135
2099.575 135
2100.576 135
2101.577 135
2102.578 135
2103.579 135
2104.580 135
2105.581 135
2106.582 135
2107.583 135
2108.583 135
2109.584 135
2110.585 135
2111.586 135
2112.587 135
2113.588 135
2114.589 135
2115.590 135
2116.591 135
2117.592 135
2118.593 135
2119.594 135
2120.595 135
2121.596 135
2122.597 135
2123.598 135
2124.599 135
2125.600 135
2126.601 135
2127.602 135
2128.603 135
2129.604 135
2130.605 135
2131.606 135
2132.607 135
2133.608 135
2134.609 135
2135.610 135
2136.611 135
2137.612 135
2138.613 135
2139.614 135
2140.615 135
2141.616 135
2142.617 135
2143.618 135
2144.619 135
2145.620 135
2146.621 135
2147.622 135
2148.623 135
2149.624 135
2150.625 135
2151.625 135
2152.626 135
2153.627 135
2154.628 135
2155.629 135
2156.630 135
2157.631 135
2158.632 135
2159.633 135
2160.634 135
2161.635 135
2162.636 135
2163.637 135
2164.638 135
2165.639 135
2166.640 135
2167.641 135
2168.642 135
2169.643 135
2170.644 135
2171.645 135
2172.646 135
2173.647 135
2174.648 135
2175.649 135
2176.650 135
2177.651 135
2178.652 135
2179.653 135
2180.654 135
2181.655 135
2182.656 135
2183.657 135
2184.658 135
2185.659 135
2186.660 135
2187.661 135
2188.662 135
2189.663 135
2190.664 135
2191.665 135
2192.666 135
2193.667 135
2194.668 135
2195.669 135
2196.670 135
2197.671 135
2198.672 135
2199.673 135
2200.674 135
2201.675 135
2202.676 135
2203.677 135
2204.677 135
2205.678 135
2206.679 135
2207.680 135
2208.681 135
2209.682 135
2210.683 135
2211.684 135
2212.685 135
2213.686 135
2214.687 135
2215.688 135
2216.689 135
2217.690 135
2218.691 135
2219.692 135
2220.693 135
2221.694 135
2222.695 135
2223.696 135
2224.697 135
2225.698 135
2226.699 135
2227.700 135
2228.701 135
2229.702 135
2230.703 135
2231.704 135
2232.705 135
2233.706 135
2234.707 135
2235.708 135
2236.709 135
2237.710 135
2238.711 135
2239.712 135
2240.713 135
2241.714 135
2242.715 135
2243.716 135
2244.717 135
2245.718 135
2246.719 135
2247.719 135
2248.720 135
2249.721 135
2250.722 135
2251.723 135
2252.724 135
2253.725 135
2254.726 135
2255.727 134
2256.728 134
2257.729 134
2258.730 134
2259.731 134
2260.732 134
2261.733 134
2262.734 134
2263.735 134
2264.736 134
2265.737 134
2266.738 134
2267.739 134
2268.740 134
2269.741 134
2270.742 134
2271.743 134
2272.744 134
2273.745 134
2274.746 134
2275.747 134
2276.748 134
2277.749 134
2278.750 134
2279.751 134
2280.752 134
2281.753 133
2282.754 133
2283.755 133
2284.756 133
2285.757 133
2286.758 133
2287.759 133
2288.760 133
2289.760 133
2290.761 133
2291.762 133
2292.763 133
2293.764 133
2294.765 133
2295.766 133
2296.767 133
2297.768 133
2298.769 133
2299.770 133
2300.771 133
2301.772 133
2302.773 133
2303.774 133
2304.775 133
2305.776 133
2306.777 133
2307.778 133
2308.779 133
2309.780 133
2310.781 133
2311.782 133
2312.783 133
2313.884 133
2314.885 132
2315.886 132
2316.887 132
2317.888 132
2318.889 132
2319.890 132
2320.891 132
2321.892 132
2322.893 132
2323.894 132
2324.895 132
2325.896 132
2326.897 132
2327.898 132
2328.899 132
2329.900 132
2330.901 132
2331.902 132
2332.903 132
2333.904 132
2334.905 132
2335.906 132
2336.906 132
2337.907 132
2338.908 132
2339.909 132
2340.910 132
2341.911 132
2342.912 132
2343.913 132
2344.914 132
2345.915 132
2346.916 132
2347.917 132
2348.918 132
2349.919 132
2350.920 132
2351.921 132
2352.922 131
2353.923 131
2354.924 131
2355.925 131
2356.926 131
2357.927 131
2358.928 131
2359.929 131
2360.930 131
2361.931 131
2362.932 131
2363.933 131
2364.934 131
2365.935 131
2366.936 130
2367.937 130
2368.938 130
2369.939 130
2370.940 130
2371.941 130
2372.942 130
2373.943 130
2374.944 130
2375.945 130
2376.946 130
2377.947 130
2378.948 130
2379.948 130
2380.949 130
2381.950 130
2382.951 130
2383.952 130
2384.953 130
2385.954 130
2386.955 130
2387.956 130
2388.957 130
2389.958 130
2390.959 130
2391.960 130
2392.961 130
2393.962 130
2394.963 130
2395.964 130
2396.965 130
2397.966 130
2398.967 130
2399.968 130
2400.969 130
2401.970 130
2402.971 130
2403.972 130
2404.973 130
2405.974 130
2406.975 130
2407.976 130
2408.977 130
2409.978 130
2410.979 130
2411.980 130
2412.981 130
2413.982 130
2414.983 130
2415.984 130
2416.985 130
2417.986 130
2418.987 130
2419.988 130
2420.989 130
2421.990 130
2422.990 130
2423.991 130
2424.992 130
2425.993 130
2426.994 130
2427.995 130
2428.996 130
2429.997 130
2430.998 130
2431.999 130
2433.000 130
2434.001 130
2435.002 130
2436.003 130
2437.004 130
2438.005 130
2439.006 130
2440.007 130
2441.008 130
2442.009 130
2443.010 130
2444.011 130
2445.012 130
2446.013 130
2447.014 130
2448.015 130
2449.016 130
2450.017 130
2451.018 130
2452.019 130
2453.020 130
2454.021 130
2455.022 130
2456.023 130
2457.024 130
2458.025 130
2459.026 130
2460.027 130
2461.028 130
2462.029 130
2463.030 130
2464.031 129
2465.031 129
2466.032 129
2467.033 129
2468.034 129
2469.035 129
2470.036 129
2471.037 129
2472.038 129
2473.039 129
2474.040 129
2475.041 129
2476.042 129
2477.043 129
2478.044 129
2479.045 129
2480.046 129
2481.047 129
2482.048 129
2483.049 129
2484.050 129
2485.051 129
2486.052 129
2487.053 129
2488.054 129
2489.055 128
2490.056 128
2491.057 128
2492.058 128
2493.059 128
2494.060 128
2495.061 128
2496.062 128
2497.063 128
2498.064 128
2499.065 128
2500.066 128
2501.067 128
2502.068 128
2503.069 128
2504.070 128
2505.071 128
2506.072 128
2507.073 128
2508.073 128
2509.074 128
2510.075 128
2511.076 128
2512.077 128
2513.078 128
2514.079 128
2515.080 128
2516.081 127
2517.082 127
2518.083 127
2519.084 127
2520.085 127
2521.086 127
2522.087 127
2523.088 127
2524.089 127
2525.090 127
2526.091 127
2527.092 127
2528.093 127
2529.094 127
2530.095 127
2531.096 127
2532.097 127
2533.098 127
2534.099 127
2535.100 127
2536.101 127
2537.102 126
2538.103 126
2539.104 126
2540.105 126
2541.106 126
2542.107 126
2543.108 126
2544.109 126
2545.110 126
2546.111 126
2547.112 126
2548.113 126
2549.114 126
2550.115 126
2551.115 126
2552.116 126
2553.117 126
2554.118 126
2555.119 126
2556.120 126
2557.121 126
2558.122 126
2559.123 126
2560.124 126
2561.125 126
2562.126 126
2563.127 126
2564.128 126
2565.129 125
2566.130 125
2567.131 125
2568.132 125
2569.133 125
2570.134 125
2571.135 125
2572.136 125
2573.137 125
2574.138 125
2575.139 125
2576.140 125
2577.141 125
2578.142 125
2579.143 125
2580.144 125
2581.145 125
2582.146 125
2583.147 125
2584.148 125
2585.149 125
2586.150 125
2587.151 125
2588.152 125
2589.153 125
2590.154 125
2591.155 125
2592.156 125
2593.156 125
2594.157 125
2595.158 125
2596.159 125
2597.160 125
2598.161 125
2599.162 125
2600.163 125
2601.164 125
2602.165 125
2603.166 125
2604.167 125
2605.168 125
2606.169 125
2607.170 125
2608.171 125
2609.172 125
2610.173 125
2611.174 125
2612.176 125
2613.177 125
2614.177 125
2615.178 125
2616.179 125
2617.180 125
2618.181 125
2619.182 125
2620.183 125
2621.184 125
2622.185 125
2623.186 125
2624.187 125
2625.188 125
2626.189 125
2627.190 125
2628.191 125
2629.192 125
2630.193 125
2631.194 125
2632.195 125
2633.196 125
2634.197 125
2635.198 125
2636.199 125
2637.200 125
2638.201 125
2639.202 125
2640.203 125
2641.204 125
2642.205 125
2643.206 125
2644.207 125
2645.208 125
2646.209 125
2647.210 125
2648.211 125
2649.212 125
2650.213 125
2651.214 125
2652.215 125
2653.216 125
2654.217 125
2655.218 125
2656.219 125
2657.220 125
2658.221 125
2659.222 125
2660.223 125
2661.224 125
2662.225 125
2663.226 125
2664.227 125
2665.228 125
2666.229 125
2667.230 125
2668.231 125
2669.232 125
2670.233 125
2671.234 125
2672.235 125
2673.236 125
2674.237 125
2675.238 125
2676.239 125
2677.240 125
2678.240 125
2679.241 125
2680.242 125
2681.243 125
2682.244 125
2683.245 125
2684.246 125
2685.247 125
2686.248 125
2687.249 125
2688.250 125
2689.251 125
2690.252 125
2691.253 125
2692.254 125
2693.255 125
2694.256 125
2695.257 125
2696.258 125
2697.259 125
2698.260 125
2699.261 125
2700.262 125
2701.263 125
2702.264 125
2703.265 125
2704.266 125
2705.267 125
2706.268 125
2707.269 125
2708.270 125
2709.271 125
2710.272 125
2711.273 125
2712.274 125
2713.275 125
2714.276 125
2715.277 125
2716.278 125
2717.279 125
2718.280 125
2719.281 125
2720.281 125
2721.282 125
2722.283 125
2723.284 125
2724.285 125
2725.286 125
2726.287 125
2727.288 125
2728.289 125
2729.290 125
2730.291 125
2731.292 125
2732.293 125
2733.294 125
2734.295 125
2735.296 125
2736.297 125
2737.298 125
2738.299 125
2739.300 125
2740.301 125
2741.302 125
2742.303 125
2743.304 125
2744.305 125
2745.306 125
2746.307 125
2747.308 125
2748.309 125
2749.310 125
2750.311 125
2751.312 125
2752.313 125
2753.314 125
2754.315 125
2755.316 125
2756.317 125
2757.318 125
2758.319 125
2759.320 125
2760.321 125
2761.322 125
2762.323 125
2763.324 125
2764.325 125
2765.326 125
2766.327 125
2767.328 125
2768.329 125
2769.330 125
2770.331 125
2771.332 125
2772.333 125
2773.334 125
2774.335 125
2775.336 125
2776.337 125
2777.338 125
2778.339 125
2779.340 125
2780.341 125
2781.342 125
2782.343 125
2783.344 125
2784.345 125
2785.346 125
2786.347 125
2787.348 125
2788.349 125
2789.350 125
2790.351 125
2791.352 125
2792.353 125
2793.354 125
2794.354 125
2795.355 125
2796.356 125
2797.357 125
2798.358 125
2799.359 125
2800.360 125
2801.361 125
2802.362 125
2803.363 125
2804.364 125
2805.365 125
2806.366 125
2807.367 125
2808.368 125
2809.369 125
2810.370 125
2811.371 125
2812.372 125
2813.373 125
2814.374 125
2815.375 125
2816.376 125
2817.377 125
2818.378 125
2819.379 125
2820.380 125
2821.381 125
2822.382 125
2823.383 125
2824.384 125
2825.385 125
2826.386 125
2827.387 125
2828.388 125
2829.389 125
2830.390 125
2831.391 125
2832.392 125
2833.393 125
2834.394 125
2835.395 125
2836.396 125
2837.397 125
2838.398 125
2839.399 125
2840.400 125
2841.401 125
2842.402 125
2843.403 125
2844.404 125
2845.405 125
2846.406 125
2847.407 125
2848.408 125
2849.409 125
2850.410 125
2851.411 125
2852.412 125
2853.413 125
2854.414 125
2855.415 125
2856.416 125
2857.417 125
2858.418 125
2859.419 125
2860.420 125
2861.421 125
2862.422 125
2863.423 125
2864.424 125
2865.425 125
2866.426 125
2867.427 125
2868.427 125
2869.428 125
2870.429 125
2871.430 125
2872.431 125
2873.432 125
2874.433 125
2875.434 125
2876.435 125
2877.436 125
2878.437 125
2879.438 125
2880.439 125
2881.440 125
2882.441 125
2883.442 125
2884.443 125
2885.444 125
2886.445 125
2887.446 125
2888.447 125
2889.448 125
2890.449 125
2891.450 125
2892.451 125
2893.452 125
2894.453 125
2895.454 125
2896.455 125
2897.456 125
2898.457 125
2899.458 125
2900.459 124
2901.460 124
2902.461 124
2903.462 124
2904.463 124
2905.464 124
2906.465 124
2907.466 124
2908.467 124
2909.468 124
2910.469 124
2911.469 124
2912.470 124
2913.471 124
2914.472 124
2915.473 124
2916.474 124
2917.475 124
2918.476 124
2919.477 124
2920.478 124
2921.479 124
2922.480 124
2923.481 124
2924.482 124
2925.483 124
2926.484 124
2927.485 124
2928.486 124
2929.487 124
2930.488 124
2931.489 124
2932.490 124
2933.491 124
2934.492 123
2935.493 123
2936.494 123
2937.495 123
2938.496 123
2939.497 123
2940.498 123
2941.499 123
2942.500 122
2943.501 122
2944.502 122
2945.503 122
2946.504 122
2947.505 122
2948.506 122
2949.507 122
2950.508 122
2951.509 122
2952.510 122
2953.510 122
2954.511 122
2955.512 122
2956.513 122
2957.514 122
2958.515 122
2959.516 122
2960.517 122
2961.518 122
2962.519 122
2963.520 122
2964.521 121
2965.522 121
2966.523 121
2967.524 121
2968.525 121
2969.526 121
2970.527 121
2971.528 121
2972.529 121
2973.530 121
2974.531 121
2975.532 121
2976.533 121
2977.534 121
2978.535 121
2979.536 121
2980.537 121
2981.538 121
2982.539 121
2983.540 121
2984.541 121
2985.542 121
2986.543 121
2987.544 121
2988.545 121
2989.546 121
2990.547 121
2991.548 121
2992.549 121
2993.550 121
2994.551 121
2995.552 121
2996.552 121
2997.553 121
2998.554 121
2999.555 121
3000.556 121
3001.557 121
3002.558 121
3003.559 121
3004.560 121
3005.561 121
3006.562 121
3007.563 121
3008.564 121
3009.565 121
3010.566 121
3011.567 121
3012.568 121
3013.569 121
3014.570 121
3015.571 121
3016.572 121
3017.573 121
3018.574 121
3019.575 121
3020.576 121
3021.577 121
3022.578 121
3023.579 121
3024.580 121
3025.581 121
3026.582 121
3027.583 121
3028.584 121
3029.585 121
3030.586 121
3031.587 121
3032.588 121
3033.589 121
3034.590 121
3035.591 121
3036.592 121
3037.593 121
3038.594 121
3039.594 121
3040.595 121
3041.596 121
3042.597 121
3043.598 121
3044.599 121
3045.600 121
3046.601 121
3047.602 121
3048.603 121
3049.604 121
3050.605 121
3051.606 121
3052.607 121
3053.608 121
3054.609 121
3055.610 121
3056.611 121
3057.612 121
3058.613 121
3059.614 121
3060.615 121
3061.616 121
3062.617 121
3063.618 121
3064.619 121
3065.620 121
3066.621 121
3067.622 121
3068.623 121
3069.624 121
3070.625 121
3071.626 121
3072.627 121
3073.628 121
3074.629 121
3075.630 121
3076.631 121
3077.632 121
3078.633 121
3079.634 121
3080.635 121
3081.635 121
3082.636 121
3083.637 120
3084.638 120
3085.639 120
3086.640 120
3087.641 120
3088.642 120
3089.643 120
3090.644 120
3091.645 120
3092.646 120
3093.647 120
3094.648 120
3095.649 120
3096.650 120
3097.651 120
3098.652 120
3099.653 120
3100.654 120
3101.655 120
3102.656 120
3103.657 120
3104.658 120
3105.659 120
3106.660 120
3107.661 120
3108.662 120
3109.663 120
3110.664 120
3111.665 120
3112.666 120
3113.667 120
3114.668 120
3115.669 120
3116.670 120
3117.671 120
3118.672 120
3119.673 120
3120.674 120
3121.675 120
3122.676 120
3123.677 120
3124.677 120
3125.678 120
3126.679 120
3127.680 120
3128.681 120
3129.682 120
3130.683 120
3131.684 120
3132.685 120
3133.686 120
3134.687 120
3135.688 120
3136.689 120
3137.690 120
3138.691 120
3139.692 120
3140.693 120
3141.694 120
3142.695 120
3143.696 120
3144.697 120
3145.698 120
3146.699 120
3147.700 120
3148.701 120
3149.702 120
3150.703 120
3151.704 120
3152.705 120
3153.706 120
3154.707 120
3155.708 120
3156.709 120
3157.710 120
3158.711 120
3159.712 120
3160.713 120
3161.714 120
3162.715 120
3163.716 120
3164.717 120
3165.718 120
3166.719 120
3167.719 120
3168.720 120
3169.721 120
3170.722 120
3171.723 120
3172.724 120
3173.725 120
3174.726 120
3175.727 120
3176.728 120
3177.729 120
3178.730 120
3179.731 120
3180.732 120
3181.733 120
3182.734 120
3183.735 120
3184.736 120
3185.737 120
3186.738 120
3187.739 120
3188.740 120
3189.741 120
3190.742 120
3191.743 120
3192.744 120
3193.745 120
3194.746 120
3195.747 120
3196.748 120
3197.749 120
3198.750 120
3199.751 120
3200.752 120
3201.753 120
3202.754 120
3203.755 120
3204.756 120
3205.757 120
3206.758 120
3207.759 120
3208.760 120
3209.760 120
3210.761 120
3211.762 120
3212.763 120
3213.764 120
3214.765 120
3215.766 120
3216.767 120
3217.768 120
3218.769 120
3219.770 120
3220.771 120
3221.772 120
3222.773 120
3223.774 120
3224.775 120
3225.776 120
3226.777 120
3227.778 120
3228.779 120
3229.780 120
3230.781 120
3231.782 120
3232.783 120
3233.784 120
3234.785 120
3235.786 120
3236.787 120
3237.788 120
3238.789 120
3239.790 120
3240.791 120
3241.792 120
3242.793 120
3243.794 120
3244.795 120
3245.796 120
3246.797 120
3247.798 120
3248.799 120
3249.800 120
3250.801 120
3251.802 120
3252.802 120
3253.803 120
3254.804 120
3255.805 120
3256.806 120
3257.807 120
3258.808 120
3259.809 120
3260.810 120
3261.811 120
3262.812 120
3263.813 120
3264.814 120
3265.815 120
3266.816 120
3267.817 120
3268.818 120
3269.819 120
3270.820 120
3271.821 120
3272.822 120
3273.823 120
3274.824 120
3275.825 120
3276.826 120
3277.827 120
3278.828 120
3279.829 120
3280.830 120
3281.831 120
3282.832 120
3283.833 120
3284.834 120
3285.835 120
3286.836 120
3287.837 120
3288.838 120
3289.839 120
3290.840 120
3291.841 120
3292.842 120
3293.843 120
3294.844 120
3295.844 120
3296.845 120
3297.846 120
3298.847 120
3299.848 120
3300.849 120
3301.850 120
3302.851 120
3303.852 120
3304.853 120
3305.854 120
3306.855 120
3307.856 120
3308.857 120
3309.858 120
3310.859 120
3311.860 120
3312.861 120
3313.862 120
3314.863 119
3315.864 119
3316.865 119
3317.866 119
3318.867 119
3319.868 119
3320.869 119
3321.870 119
3322.871 119
3323.872 119
3324.873 119
3325.874 119
3326.875 119
3327.876 119
3328.877 119
3329.878 119
3330.879 119
3331.880 119
3332.881 119
3333.882 119
3334.883 119
3335.884 119
3336.885 119
3337.886 119
3338.887 119
3339.888 119
3340.889 119
3341.890 119
3342.891 119
3343.892 119
3344.893 119
3345.894 119
3346.895 119
3347.896 119
3348.897 119
3349.898 119
3350.899 119
3351.900 119
3352.901 119
3353.902 119
3354.903 119
3355.904 119
3356.905 119
3357.906 119
3358.906 119
3359.907 119
3360.909 119
3361.910 119
3362.911 119
3363.912 119
3364.913 119
3365.914 119
3366.915 119
3367.916 119
3368.917 119
3369.917 119
3370.919 119
3371.920 119
3372.921 119
3373.922 119
3374.923 119
3375.924 119
3376.925 119
3377.926 119
3378.927 119
3379.927 119
3380.928 119
3381.929 119
3382.930 119
3383.931 119
3384.932 119
3385.933 119
3386.934 119
3387.935 119
3388.936 119
3389.937 119
3390.938 119
3391.939 119
3392.940 119
3393.941 119
3394.942 119
3395.943 119
3396.944 119
3397.945 119
3398.946 119
3399.947 119
3400.948 119
3401.949 119
3402.950 119
3403.951 119
3404.952 119
3405.953 119
3406.954 119
3407.955 119
3408.956 119
3409.957 119
3410.958 119
3411.959 119
3412.960 119
3413.961 119
3414.962 119
3415.963 118
3416.964 118
3417.965 118
3418.966 118
3419.967 118
3420.968 118
3421.969 118
3422.969 118
3423.970 118
3424.971 118
3425.972 118
3426.973 118
3427.974 118
3428.975 118
3429.976 118
3430.977 118
3431.978 118
3432.979 118
3433.980 118
3434.981 118
3435.982 118
3436.983 118
3437.984 118
3438.985 118
3439.986 118
3440.987 118
3441.988 118
3442.989 118
3443.990 118
3444.991 118
3445.992 118
3446.993 118
3447.994 118
3448.995 118
3449.996 118
3450.997 118
3451.998 118
3452.999 117
3454.000 117
3455.001 117
3456.002 117
3457.003 117
3458.004 117
3459.005 117
3460.006 117
3461.007 117
3462.008 117
3463.009 117
3464.010 117
3465.010 117
3466.011 117
3467.012 117
3468.013 117
3469.014 117
3470.015 117
3471.016 117
3472.017 117
3473.018 117
3474.019 117
3475.020 117
3476.021 117
3477.022 117
3478.023 117
3479.024 117
3480.025 117
3481.026 117
3482.027 117
3483.028 117
3484.029 117
3485.030 117
3486.031 117
3487.032 117
3488.033 117
3489.034 117
3490.035 117
3491.036 117
3492.037 117
3493.038 117
3494.039 117
3495.040 117
3496.041 117
3497.042 117
3498.043 117
3499.044 117
3500.045 116
3501.046 116
3502.047 116
3503.048 116
3504.049 116
3505.050 116
3506.051 116
3507.052 116
3508.053 116
3509.054 116
3510.055 116
3511.056 116
3512.057 116
3513.058 116
3514.059 116
3515.060 116
3516.061 116
3517.062 116
3518.062 116
3519.063 116
3520.064 116
3521.065 116
3522.066 116
3523.067 116
3524.068 116
3525.069 116
3526.070 116
3527.071 116
3528.072 116
3529.073 116
3530.074 116
3531.075 116
3532.076 116
3533.077 116
3534.078 116
3535.079 116
3536.080 116
3537.081 116
3538.082 116
3539.083 116
3540.084 116
3541.085 116
3542.086 116
3543.087 116
3544.088 116
3545.089 116
3546.090 116
3547.091 116
3548.092 116
3549.093 116
3550.094 116
3551.095 116
3552.096 116
3553.097 116
3554.098 116
3555.099 116
3556.100 116
3557.101 116
3558.102 116
3559.103 116
3560.104 116
3561.104 116
3562.105 116
3563.106 116
3564.107 116
3565.108 116
3566.109 116
3567.110 116
3568.111 116
3569.112 116
3570.113 116
3571.114 116
3572.115 116
3573.116 116
3574.117 116
3575.118 116
3576.119 116
3577.120 116
3578.121 116
3579.122 116
3580.123 116
3581.124 116
3582.125 116
3583.126 116
3584.127 116
3585.128 116
3586.129 116
3587.130 116
3588.131 116
3589.132 116
3590.133 116
3591.134 116
3592.135 116
3593.136 116
3594.137 116
3595.138 116
3596.139 116
3597.140 116
3598.141 116
3599.142 116
3600.143 116
3601.144 116
3602.145 116
3603.146 116
3604.147 116
3605.148 116
3606.149 116
3607.150 116
3608.151 116
3609.152 116
3610.153 116
3611.154 116
3612.155 116
3613.156 116
3614.156 116
3615.157 116
3616.158 116
3617.159 116
3618.160 116
3619.161 116
3620.162 116
3621.163 116
3622.164 116
3623.165 116
3624.166 116
3625.167 116
3626.168 116
3627.169 116
3628.170 116
3629.171 116
3630.172 116
3631.173 116
3632.174 116
3633.175 116
3634.176 116
3635.177 116
3636.178 116
3637.179 116
3638.180 116
3639.181 116
3640.182 116
3641.183 116
3642.184 116
3643.185 116
3644.186 116
3645.187 116
3646.188 116
3647.189 116
3648.190 116
3649.191 116
3650.192 116
3651.193 116
3652.194 116
3653.195 116
3654.196 116
3655.197 116
3656.198 116
3657.199 116
3658.200 116
3659.201 116
3660.202 116
3661.203 116
3662.204 116
3663.205 116
3664.206 116
3665.207 116
3666.208 116
3667.208 116
3668.209 116
3669.210 116
3670.211 116
3671.212 116
3672.213 116
3673.215 116
3674.216 116
3675.217 116
3676.218 116
3677.219 116
3678.219 116
3679.220 116
3680.221 116
3681.222 116
3682.223 116
3683.224 116
3684.225 116
3685.226 116
3686.227 116
3687.228 116
3688.229 116
3689.230 116
3690.231 116
3691.232 116
3692.233 116
3693.234 116
3694.235 116
3695.236 116
3696.237 116
3697.238 116
3698.239 116
3699.240 116
3700.241 116
3701.242 116
3702.243 116
3703.244 116
3704.245 116
3705.246 116
3706.247 116
3707.248 116
3708.249 116
3709.250 116
3710.251 115
3711.252 115
3712.253 115
3713.254 115
3714.255 115
3715.256 115
3716.257 115
3717.258 115
3718.259 115
3719.260 115
3720.260 115
3721.261 115
3722.262 115
3723.263 115
3724.264 115
3725.265 115
3726.266 115
3727.267 115
3728.268 115
3729.269 115
3730.270 115
3731.271 115
3732.272 115
3733.273 115
3734.274 115
3735.275 115
3736.276 115
3737.277 115
3738.278 115
3739.279 115
3740.280 115
3741.281 115
3742.282 115
3743.283 115
3744.284 115
3745.285 115
3746.286 115
3747.287 115
3748.288 115
3749.289 115
3750.290 115
3751.291 115
3752.292 115
3753.293 115
3754.294 115
3755.295 115
3756.296 115
3757.297 115
3758.298 115
3759.299 115
3760.300 115
3761.301 115
3762.302 115
3763.302 115
3764.303 115
3765.304 115
3766.305 115
3767.306 115
3768.307 115
3769.308 115
3770.309 115
3771.310 115
3772.311 115
3773.312 115
3774.313 115
3775.314 115
3776.315 115
3777.316 115
3778.317 115
3779.318 115
3780.319 115
3781.320 115
3782.321 115
3783.322 115
3784.323 115
3785.324 115
3786.325 115
3787.326 115
3788.327 115
3789.328 114
3790.329 114
3791.330 114
3792.331 114
3793.332 114
3794.333 114
3795.334 114
3796.335 114
3797.336 114
3798.337 114
3799.338 114
3800.339 114
3801.340 114
3802.341 114
3803.342 114
3804.343 114
3805.344 114
3806.345 114
3807.346 114
3808.347 114
3809.348 114
3810.349 114
3811.350 114
3812.351 114
3813.352 114
3814.353 114
3815.354 114
3816.355 114
3817.356 114
3818.357 114
3819.358 114
3820.359 114
3821.360 114
3822.361 114
3823.362 114
3824.363 113
3825.364 112
3826.365 112
3827.365 112
3828.366 112
3829.367 112
3830.368 112
3831.369 112
3832.370 112
3833.371 112
3834.372 112
3835.373 112
3836.374 112
3837.375 112
3838.376 112
3839.377 112
3840.378 112
3841.379 112
3842.380 112
3843.381 112
3844.382 112
3845.383 112
3846.384 112
3847.385 112
3848.386 112
3849.387 112
3850.388 112
3851.389 112
3852.390 112
3853.391 112
3854.392 112
3855.393 112
3856.394 112
3857.395 112
3858.396 112
3859.397 112
3860.398 112
3861.399 112
3862.400 112
3863.401 112
3864.402 112
3865.403 112
3866.404 112
3867.405 112
3868.406 112
3869.407 112
3870.408 112
3871.409 112
3872.410 112
3873.411 112
3874.412 112
3875.413 112
3876.414 112
3877.415 112
3878.416 112
3879.417 112
3880.417 112
3881.418 112
3882.419 112
3883.420 112
3884.421 112
3885.422 112
3886.423 112
3887.424 112
3888.425 112
3889.426 112
3890.427 112
3891.428 112
3892.429 112
3893.430 112
3894.431 112
3895.432 112
3896.433 112
3897.434 112
3898.435 112
3899.436 112
3900.437 112
3901.438 112
3902.439 112
3903.440 112
3904.441 112
3905.442 112
3906.443 112
3907.444 112
3908.445 112
3909.446 112
3910.447 112
3911.448 112
3912.449 112
3913.450 112
3914.451 112
3915.452 112
3916.453 112
3917.454 112
3918.455 112
3919.456 112
3920.457 112
3921.458 112
3922.458 112
3923.459 112
3924.460 112
3925.461 112
3926.462 112
3927.463 112
3928.464 112
3929.465 112
3930.466 112
3931.467 112
3932.468 112
3933.469 112
3934.470 112
3935.471 112
3936.472 112
3937.473 112
3938.474 112
3939.475 112
3940.476 112
3941.477 112
3942.478 112
3943.479 112
3944.480 112
3945.481 112
3946.482 112
3947.483 112
3948.484 112
3949.485 112
3950.486 112
3951.487 112
3952.488 112
3953.489 112
3954.490 112
3955.491 112
3956.492 112
3957.493 112
3958.494 112
3959.495 112
3960.496 112
3961.497 112
3962.498 112
3963.499 112
3964.500 112
3965.500 112
3966.501 112
3967.502 112
3968.503 112
3969.504 112
3970.505 112
3971.506 112
3972.507 112
3973.508 112
3974.509 112
3975.510 112
3976.511 112
3977.512 112
3978.513 112
3979.514 112
3980.515 112
3981.516 112
3982.517 112
3983.518 112
3984.519 112
3985.520 112
3986.521 112
3987.522 112
3988.523 112
3989.524 112
3990.525 112
3991.526 112
3992.527 112
3993.528 112
3994.529 112
3995.530 112
3996.531 112
3997.532 112
3998.533 112
3999.534 112
4000.535 112
4001.536 112
4002.537 112
4003.538 112
4004.539 112
4005.540 112
4006.541 112
4007.542 112
4008.542 112
4009.543 112
4010.544 112
4011.545 112
4012.546 112
4013.547 112
4014.548 112
4015.549 112
4016.550 112
4017.551 112
4018.552 112
4019.553 112
4020.554 112
4021.555 112
4022.556 112
4023.557 112
4024.558 112
4025.559 112
4026.560 112
4027.561 112
4028.562 112
4029.563 112
4030.564 112
4031.565 112
4032.566 112
4033.567 112
4034.568 112
4035.569 112
4036.570 112
4037.571 112
4038.572 112
4039.573 112
4040.574 112
4041.575 112
4042.576 112
4043.577 112
4044.578 112
4045.579 112
4046.580 112
4047.581 112
4048.582 112
4049.583 112
4050.583 112
4051.584 112
4052.585 112
4053.586 112
4054.587 112
4055.588 112
4056.589 112
4057.590 112
4058.591 112
4059.592 112
4060.593 112
4061.594 112
4062.595 112
4063.596 112
4064.597 112
4065.598 112
4066.599 112
4067.600 112
4068.601 112
4069.602 112
4070.603 112
4071.604 112
4072.605 112
4073.606 112
4074.607 112
4075.608 112
4076.609 112
4077.610 112
4078.611 112
4079.612 112
4080.613 112
4081.614 112
4082.615 112
4083.616 112
4084.617 112
4085.618 112
4086.619 112
4087.620 112
4088.621 112
4089.622 112
4090.623 112
4091.624 112
4092.625 112
4093.625 112
4094.626 112
4095.627 112
4096.628 112
4097.629 112
4098.630 112
4099.631 112
4100.632 112
4101.633 112
4102.634 112
4103.635 112
4104.636 112
4105.637 112
4106.638 112
4107.639 112
4108.640 112
4109.641 112
4110.642 112
4111.643 112
4112.644 112
4113.645 112
4114.646 112
4115.647 112
4116.648 112
4117.649 112
4118.650 112
4119.651 112
4120.652 112
4121.653 112
4122.654 112
4123.655 112
4124.656 112
4125.657 112
4126.658 112
4127.659 112
4128.660 112
4129.661 112
4130.662 112
4131.663 112
4132.664 112
4133.665 112
4134.666 112
4135.667 111
4136.667 111
4137.668 111
4138.669 111
4139.670 111
4140.671 111
4141.672 111
4142.673 111
4143.674 111
4144.675 111
4145.676 111
4146.677 111
4147.678 111
4148.679 111
4149.680 111
4150.681 111
4151.682 111
4152.683 111
4153.684 111
4154.685 111
4155.686 111
4156.687 111
4157.688 111
4158.689 111
4159.690 111
4160.691 111
4161.692 111
4162.693 111
4163.694 111
4164.695 111
4165.696 110
4166.697 110
4167.698 110
4168.699 110
4169.700 110
4170.701 110
4171.702 110
4172.703 110
4173.704 110
4174.705 110
4175.706 110
4176.707 110
4177.708 110
4178.708 110
4179.709 110
4180.710 110
4181.711 110
4182.712 110
4183.713 110
4184.714 110
4185.715 110
4186.716 110
4187.717 110
4188.718 110
4189.719 109
4190.720 109
4191.721 109
4192.722 109
4193.723 109
4194.724 109
4195.725 109
4196.726 109
4197.727 109
4198.728 109
4199.729 109
4200.730 109
4201.731 109
4202.732 109
4203.733 109
4204.734 109
4205.735 109
4206.736 109
4207.737 109
4208.738 109
4209.739 109
4210.740 109
4211.741 109
4212.742 109
4213.743 109
4214.744 109
4215.745 109
4216.746 109
4217.747 109
4218.748 109
4219.749 109
4220.750 109
4221.750 109
4222.751 109
4223.752 109
4224.753 109
4225.754 109
4226.755 109
4227.756 109
4228.757 109
4229.758 109
4230.759 109
4231.760 109
4232.761 109
4233.762 109
4234.763 109
4235.764 109
4236.765 109
4237.766 109
4238.767 109
4239.768 108
4240.769 108
4241.770 108
4242.771 108
4243.772 108
4244.773 108
4245.774 108
4246.775 108
4247.776 108
4248.777 108
4249.778 108
4250.779 108
4251.780 108
4252.781 108
4253.782 108
4254.783 108
4255.784 108
4256.785 108
4257.786 108
4258.787 108
4259.788 108
4260.789 108
4261.790 108
4262.791 108
4263.792 108
4264.792 108
4265.793 108
4266.794 108
4267.795 108
4268.796 108
4269.797 108
4270.798 108
4271.799 108
4272.800 108
4273.801 108
4274.802 108
4275.803 108
4276.804 108
4277.805 108
4278.806 108
4279.807 108
4280.808 108
4281.809 108
4282.810 108
4283.811 108
4284.812 108
4285.813 108
4286.814 108
4287.815 108
4288.816 108
4289.817 108
4290.818 108
4291.819 108
4292.820 108
4293.821 108
4294.822 108
4295.823 108
4296.824 108
4297.825 108
4298.826 108
4299.827 108
4300.828 108
4301.829 108
4302.830 108
4303.831 108
4304.832 108
4305.833 108
4306.833 108
4307.834 108
4308.835 108
4309.836 108
4310.837 108
4311.838 108
4312.839 108
4313.840 108
4314.841 108
4315.842 108
4316.843 108
4317.844 108
4318.845 108
4319.846 108
4320.847 108
4321.848 108
4322.849 108
4323.850 108
4324.851 108
4325.852 108
4326.853 108
4327.854 108
4328.855 108
4329.856 108
4330.857 108
4331.858 108
4332.859 108
4333.860 108
4334.861 108
4335.862 108
4336.863 108
4337.864 108
4338.865 108
4339.866 108
4340.867 108
4341.868 108
4342.869 108
4343.870 108
4344.871 108
4345.872 108
4346.873 108
4347.874 108
4348.875 108
4349.875 108
4350.876 108
4351.877 108
4352.878 108
4353.879 108
4354.880 108
4355.881 108
4356.882 108
4357.883 108
4358.884 108
4359.885 108
4360.886 108
4361.887 108
4362.888 108
4363.889 108
4364.890 108
4365.891 108
4366.892 108
4367.893 108
4368.894 108
4369.895 108
4370.896 108
4371.897 108
4372.898 108
4373.899 108
4374.900 108
4375.901 108
4376.902 108
4377.903 108
4378.904 108
4379.905 108
4380.906 108
4381.907 108
4382.908 108
4383.909 108
4384.910 108
4385.911 108
4386.912 108
4387.913 108
4388.914 108
4389.915 108
4390.916 108
4391.917 108
4392.917 108
4393.918 108
4394.919 108
4395.920 108
4396.921 108
4397.922 108
4398.923 108
4399.924 108
4400.925 108
4401.926 108
4402.927 108
4403.928 108
4404.929 108
4405.930 108
4406.931 108
4407.932 108
4408.933 108
4409.934 108
4410.935 108
4411.936 108
4412.937 108
4413.938 108
4414.939 108
4415.940 108
4416.941 108
4417.942 108
4418.943 108
4419.944 108
4420.945 108
4421.946 108
4422.947 108
4423.948 108
4424.949 108
4425.950 108
4426.951 108
4427.952 108
4428.953 108
4429.954 108
4430.955 108
4431.956 108
4432.957 108
4433.958 108
4434.958 108
4435.959 108
4436.960 108
4437.961 108
4438.962 108
4439.963 108
4440.964 108
4441.965 108
4442.966 108
4443.967 108
4444.968 108
4445.969 108
4446.970 108
4447.971 108
4448.972 108
4449.973 108
4450.974 108
4451.975 108
4452.976 108
4453.977 108
4454.978 108
4455.979 108
4456.980 108
4457.981 108
4458.982 108
4459.983 108
4460.984 108
4461.985 108
4462.986 108
4463.987 108
4464.988 108
4465.989 108
4466.990 108
4467.991 108
4468.992 108
4469.993 108
4470.994 108
4471.995 108
4472.996 108
4473.997 108
4474.998 108
4475.999 108
4477.000 108
4478.000 108
4479.001 108
4480.002 108
4481.003 108
4482.004 108
4483.005 108
4484.006 108
4485.007 108
4486.008 108
4487.009 108
4488.010 108
4489.011 108
4490.012 108
4491.013 108
4492.014 108
4493.015 108
4494.016 108
4495.017 108
4496.018 108
4497.019 108
4498.020 108
4499.021 108
4500.022 108
4501.023 108
4502.024 108
4503.025 108
4504.026 108
4505.027 108
4506.028 108
4507.029 108
4508.030 108
4509.031 108
4510.032 108
4511.033 108
4512.034 108
4513.035 108
4514.036 108
4515.037 108
4516.038 108
4517.039 108
4518.040 108
4519.041 108
4520.042 108
4521.043 108
4522.044 108
4523.045 108
4524.046 108
4525.047 108
4526.048 108
4527.049 108
4528.050 108
4529.051 108
4530.052 108
4531.053 108
4532.054 108
4533.055 108
4534.056 108
4535.057 108
4536.058 108
4537.059 108
4538.060 108
4539.061 108
4540.062 108
4541.062 108
4542.063 108
4543.064 108
4544.065 108
4545.066 108
4546.067 108
4547.068 108
4548.069 108
4549.070 108
4550.071 108
4551.072 108
4552.073 108
4553.074 108
4554.075 108
4555.076 108
4556.077 108
4557.078 108
4558.079 108
4559.080 108
4560.081 108
4561.082 108
4562.083 108
4563.084 108
4564.085 108
4565.086 108
4566.087 108
4567.088 108
4568.089 108
4569.090 108
4570.091 108
4571.092 108
4572.093 108
4573.094 108
4574.095 108
4575.096 108
4576.097 108
4577.098 108
4578.099 108
4579.100 108
4580.101 108
4581.102 108
4582.103 108
4583.104 108
4584.104 108
4585.105 108
4586.106 108
4587.107 108
4588.108 108
4589.109 108
4590.110 108
4591.111 108
4592.112 108
4593.113 108
4594.114 108
4595.115 108
4596.116 108
4597.117 108
4598.118 108
4599.119 108
4600.120 108
4601.121 108
4602.122 108
4603.123 108
4604.124 108
4605.125 108
4606.126 108
4607.127 108
4608.128 108
4609.129 108
4610.130 108
4611.131 108
4612.132 108
4613.133 108
4614.134 108
4615.135 108
4616.136 108
4617.137 108
4618.138 108
4619.139 108
4620.140 108
4621.141 108
4622.142 108
4623.143 108
4624.144 108
4625.145 107
4626.146 107
4627.146 107
4628.147 107
4629.148 107
4630.149 107
4631.150 107
4632.151 107
4633.152 107
4634.153 107
4635.154 107
4636.155 107
4637.156 107
4638.157 107
4639.158 107
4640.159 107
4641.160 107
4642.161 107
4643.162 107
4644.163 107
4645.164 107
4646.165 107
4647.166 107
4648.167 107
4649.168 107
4650.169 107
4651.170 107
4652.171 107
4653.172 107
4654.173 107
4655.174 107
4656.175 107
4657.176 107
4658.177 107
4659.178 107
4660.179 107
4661.180 107
4662.181 107
4663.182 107
4664.183 107
4665.184 107
4666.185 107
4667.186 107
4668.187 107
4669.188 107
4670.188 107
4671.189 107
4672.190 107
4673.191 107
4674.192 107
4675.193 107
4676.194 107
4677.195 107
4678.196 107
4679.197 107
4680.198 107
4681.199 107
4682.200 107
4683.201 107
4684.202 107
4685.203 107
4686.204 107
4687.205 107
4688.206 107
4689.207 107
4690.208 107
4691.209 107
4692.210 107
4693.211 107
4694.212 107
4695.213 107
4696.214 107
4697.215 107
4698.216 107
4699.217 107
4700.218 107
4701.219 107
4702.220 107
4703.221 107
4704.222 107
4705.223 107
4706.224 107
4707.225 107
4708.226 107
4709.227 107
4710.228 107
4711.229 107
4712.229 107
4713.230 107
4714.231 107
4715.232 107
4716.233 107
4717.234 107
4718.235 107
4719.236 107
4720.237 107
4721.238 107
4722.239 107
4723.240 107
4724.241 107
4725.242 107
4726.243 107
4727.244 107
4728.245 107
4729.246 107
4730.247 107
4731.248 107
4732.249 107
4733.250 107
4734.251 107
4735.252 107
4736.253 107
4737.254 107
4738.255 107
4739.256 107
4740.257 107
4741.258 107
4742.259 107
4743.260 107
4744.261 107
4745.262 107
4746.263 107
4747.264 107
4748.265 107
4749.266 107
4750.267 107
4751.268 107
4752.269 107
4753.270 107
4754.271 107
4755.271 107
4756.272 107
4757.273 107
4758.274 107
4759.275 107
4760.276 107
4761.277 107
4762.278 107
4763.279 107
4764.280 107
4765.281 107
4766.282 107
4767.283 107
4768.284 107
4769.285 107
4770.286 107
4771.287 107
4772.288 107
4773.289 107
4774.290 107
4775.291 107
4776.292 107
4777.293 107
4778.294 107
4779.295 107
4780.296 107
4781.297 107
4782.298 107
4783.299 107
4784.300 107
4785.301 107
4786.302 107
4787.303 107
4788.304 107
4789.305 107
4790.306 107
4791.307 107
4792.308 107
4793.309 107
4794.310 107
4795.311 107
4796.312 107
4797.312 107
4798.313 107
4799.314 107
4800.315 107
4801.316 107
4802.317 107
4803.318 107
4804.319 107
4805.320 107
4806.321 107
4807.322 107
4808.324 107
4809.325 107
4810.326 107
4811.327 107
4812.328 107
4813.329 107
4814.330 107
4815.331 107
4816.332 107
4817.333 107
4818.333 107
4819.334 107
4820.335 107
4821.336 107
4822.337 107
4823.338 107
4824.339 107
4825.340 107
4826.341 107
4827.342 107
4828.343 107
4829.344 107
4830.345 107
4831.346 107
4832.347 107
4833.348 107
4834.349 107
4835.350 107
4836.351 107
4837.352 107
4838.353 107
4839.354 107
4840.355 107
4841.356 107
4842.357 107
4843.358 107
4844.359 107
4845.360 107
4846.361 107
4847.362 107
4848.363 107
4849.364 107
4850.365 107
4851.366 107
4852.367 107
4853.368 107
4854.369 107
4855.370 107
4856.371 107
4857.372 107
4858.373 107
4859.374 107
4860.375 107
4861.375 107
4862.376 107
4863.377 107
4864.378 107
4865.379 107
4866.380 107
4867.381 107
4868.382 107
4869.383 107
4870.384 107
4871.385 107
4872.386 107
4873.387 107
4874.388 107
4875.389 107
4876.390 107
4877.391 107
4878.392 107
4879.393 107
4880.394 107
4881.395 107
4882.396 107
4883.397 107
4884.398 107
4885.399 107
4886.400 107
4887.401 107
4888.402 107
4889.403 107
4890.404 107
4891.405 107
4892.406 107
4893.407 107
4894.408 107
4895.409 107
4896.410 107
4897.411 107
4898.412 107
4899.413 107
4900.414 107
4901.415 107
4902.416 107
4903.417 107
4904.417 107
4905.418 107
4906.419 107
4907.420 107
4908.421 107
4909.423 107
4910.424 107
4911.425 107
4912.426 107
4913.427 107
4914.428 107
4915.429 107
4916.430 107
4917.431 107
4918.432 107
4919.433 107
4920.434 107
4921.435 107
4922.436 107
4923.437 107
4924.438 107
4925.438 107
4926.439 107
4927.440 107
4928.441 107
4929.442 107
4930.443 107
4931.444 107
4932.445 107
4933.446 107
4934.447 107
4935.448 107
4936.449 107
4937.450 107
4938.451 107
4939.452 107
4940.453 107
4941.454 107
4942.455 107
4943.456 107
4944.457 107
4945.458 107
4946.459 107
4947.460 107
4948.461 107
4949.462 107
4950.463 107
4951.464 107
4952.465 107
4953.466 107
4954.467 107
4955.468 107
4956.469 107
4957.470 107
4958.471 107
4959.472 107
4960.473 107
4961.474 107
4962.475 107
4963.476 107
4964.477 107
4965.478 107
4966.479 107
4967.479 107
4968.480 107
4969.481 107
4970.482 107
4971.483 107
4972.484 107
4973.485 107
4974.486 107
4975.487 107
4976.488 107
4977.489 107
4978.490 107
4979.491 107
4980.492 107
4981.493 107
4982.494 107
4983.495 107
4984.496 107
4985.497 107
4986.498 107
4987.499 107
4988.500 107
4989.501 107
4990.502 107
4991.503 107
4992.504 107
4993.505 107
4994.506 107
4995.507 107
4996.508 107
4997.509 107
4998.510 107
4999.511 107
5000.512 107
5001.513 107
5002.514 107
5003.515 107
5004.516 107
5005.517 107
5006.518 107
5007.519 107
5008.520 107
5009.521 107
5010.521 107
5011.522 107
5012.523 107
5013.524 107
5014.525 107
5015.526 107
5016.527 107
5017.528 107
5018.529 107
5019.530 107
5020.531 107
5021.532 107
5022.533 107
5023.534 107
5024.535 107
5025.536 107
5026.537 107
5027.538 107
5028.539 107
5029.540 107
5030.541 107
5031.542 107
5032.543 107
5033.544 107
5034.545 107
5035.546 107
5036.547 107
5037.548 107
5038.549 107
5039.550 107
5040.551 107
5041.552 107
5042.553 107
5043.554 107
5044.555 107
5045.556 107
5046.557 107
5047.558 107
5048.559 107
5049.560 107
5050.561 107
5051.562 107
5052.562 107
5053.563 107
5054.564 107
5055.565 107
5056.566 107
5057.567 107
5058.568 107
5059.569 107
5060.570 107
5061.571 107
5062.572 107
5063.573 107
5064.574 107
5065.575 107
5066.576 107
5067.577 107
5068.578 107
5069.579 107
5070.580 107
5071.581 107
5072.582 107
5073.583 107
5074.584 107
5075.585 107
5076.586 107
5077.587 107
5078.588 107
5079.589 107
5080.590 107
5081.591 107
5082.592 107
5083.593 107
5084.594 107
5085.595 107
5086.596 107
5087.597 107
5088.598 107
5089.599 107
5090.600 107
5091.601 107
5092.602 107
5093.603 107
5094.604 107
5095.604 107
5096.605 107
5097.606 107
5098.607 107
5099.608 107
5100.609 107
5101.610 107
5102.611 107
5103.612 107
5104.613 107
5105.614 107
5106.615 107
5107.616 107
5108.617 107
5109.618 107
5110.619 107
5111.620 107
5112.621 107
5113.622 107
5114.623 107
5115.624 107
5116.625 107
5117.626 107
5118.627 107
5119.628 107
5120.629 107
5121.630 107
5122.631 107
5123.632 107
5124.633 107
5125.634 107
5126.635 107
5127.636 107
5128.637 107
5129.638 107
5130.639 107
5131.640 107
5132.641 107
5133.642 107
5134.643 107
5135.644 107
5136.645 107
5137.646 107
5138.646 107
5139.647 107
5140.648 107
5141.649 107
5142.650 107
5143.651 107
5144.652 107
5145.653 107
5146.654 107
5147.655 107
5148.656 107
5149.657 107
5150.658 107
5151.659 107
5152.660 107
5153.661 107
5154.662 107
5155.663 107
5156.664 107
5157.665 107
5158.666 107
5159.667 107
5160.668 107
5161.669 107
5162.670 107
5163.671 107
5164.672 107
5165.673 107
5166.674 107
5167.675 107
5168.676 107
5169.677 107
5170.678 107
5171.679 107
5172.680 107
5173.681 107
5174.682 107
5175.683 107
5176.684 107
5177.685 107
5178.686 107
5179.687 107
5180.688 107
5181.688 107
5182.689 107
5183.690 107
5184.691 107
5185.692 107
5186.693 107
5187.694 107
5188.695 107
5189.696 107
5190.697 107
5191.698 107
5192.699 107
5193.700 107
5194.701 107
5195.702 107
5196.703 107
5197.704 107
5198.705 107
5199.706 107
5200.707 107
5201.708 107
5202.709 107
5203.710 107
5204.711 107
5205.712 107
5206.713 107
5207.714 107
5208.715 107
5209.716 107
5210.717 107
5211.718 107
5212.719 107
5213.720 107
5214.721 107
5215.722 107
5216.723 107
5217.724 107
5218.725 107
5219.726 107
5220.727 107
5221.728 107
5222.729 107
5223.729 107
5224.730 107
5225.731 107
5226.732 107
5227.733 107
5228.734 107
5229.735 107
5230.736 107
5231.737 107
5232.738 107
5233.739 107
5234.740 107
5235.741 107
5236.742 107
5237.743 107
5238.744 107
5239.745 107
5240.746 107
5241.747 107
5242.748 107
5243.749 107
5244.750 107
5245.751 107
5246.752 107
5247.753 107
5248.754 107
5249.755 107
5250.756 107
5251.757 107
5252.758 107
5253.759 107
5254.760 107
5255.761 107
5256.762 107
5257.763 107
5258.764 107
5259.765 107
5260.766 107
5261.767 107
5262.768 107
5263.769 107
5264.770 107
5265.771 107
5266.771 107
5267.772 107
5268.773 107
5269.774 107
5270.775 107
5271.776 107
5272.777 107
5273.778 107
5274.779 107
5275.780 107
5276.781 107
5277.782 107
5278.783 107
5279.784 107
5280.785 107
5281.786 107
5282.787 107
5283.788 107
5284.789 107
5285.790 107
5286.791 107
5287.792 107
5288.793 107
5289.794 107
5290.795 107
5291.796 107
5292.797 107
5293.798 107
5294.799 107
5295.800 107
5296.801 107
5297.802 107
5298.803 107
5299.804 107
5300.805 107
5301.806 107
5302.807 107
5303.808 107
5304.809 107
5305.810 107
5306.811 107
5307.812 107
5308.812 107
5309.813 107
5310.814 107
5311.815 107
5312.816 107
5313.817 107
5314.818 107
5315.819 107
5316.820 107
5317.821 107
5318.822 107
5319.823 107
5320.824 107
5321.825 107
5322.826 107
5323.827 107
5324.828 107
5325.829 107
5326.830 107
5327.831 107
5328.832 107
5329.833 107
5330.834 107
5331.835 107
5332.836 107
5333.837 107
5334.838 107
5335.839 107
5336.840 107
5337.841 107
5338.842 107
5339.843 107
5340.844 107
5341.845 107
5342.846 107
5343.847 107
5344.848 107
5345.849 107
5346.850 107
5347.851 106
5348.852 106
5349.853 106
5350.854 106
5351.854 106
5352.855 106
5353.856 106
5354.857 106
5355.858 106
5356.859 106
5357.860 106
5358.861 106
5359.862 106
5360.863 106
5361.864 106
5362.865 106
5363.866 106
5364.867 105
5365.868 105
5366.869 105
5367.870 105
5368.871 105
5369.872 105
5370.873 105
5371.874 105
5372.875 105
5373.876 105
5374.877 105
5375.878 105
5376.879 105
5377.880 105
5378.881 105
5379.882 105
5380.883 105
5381.884 105
5382.885 105
5383.886 105
5384.887 105
5385.888 105
5386.889 105
5387.890 105
5388.891 105
5389.892 105
5390.893 105
5391.894 105
5392.895 105
5393.896 105
5394.896 105
5395.897 105
5396.898 105
5397.899 105
5398.900 105
5399.901 105
5400.902 105
5401.903 105
5402.904 105
5403.905 105
5404.906 105
5405.907 105
5406.908 105
5407.909 105
5408.910 105
5409.911 105
5410.912 105
5411.913 105
5412.914 105
5413.915 105
5414.916 105
5415.917 105
5416.918 105
5417.919 105
5418.920 105
5419.921 105
5420.922 105
5421.923 105
5422.924 105
5423.925 105
5424.926 105
5425.927 105
5426.928 105
5427.929 105
5428.930 105
5429.931 105
5430.932 105
5431.933 105
5432.934 105
5433.935 105
5434.936 105
5435.937 105
5436.938 105
5437.938 105
5438.939 105
5439.940 105
5440.941 105
5441.942 105
5442.943 105
5443.944 105
5444.945 105
5445.946 105
5446.947 104
5447.948 104
5448.949 104
5449.950 104
5450.951 104
5451.952 104
5452.953 104
5453.954 104
5454.955 104
5455.956 104
5456.957 104
5457.958 104
5458.959 104
5459.960 104
5460.961 104
5461.962 104
5462.963 104
5463.964 104
5464.965 104
5465.966 104
5466.967 104
5467.968 104
5468.969 104
5469.970 104
5470.971 104
5471.972 104
5472.973 104
5473.974 104
5474.975 104
5475.976 104
5476.977 104
5477.978 104
5478.979 104
5479.979 104
5480.980 104
5481.981 104
5482.982 104
5483.983 104
5484.984 104
5485.985 104
5486.986 104
5487.987 104
5488.988 104
5489.989 104
5490.990 103
5491.991 103
5492.992 103
5493.993 103
5494.994 103
5495.995 103
5496.996 103
5497.997 103
5498.998 103
5499.999 103
5501.000 103
5502.001 103
5503.002 103
5504.003 103
5505.004 103
5506.005 103
5507.006 103
5508.007 103
5509.008 103
5510.009 103
5511.010 103
5512.011 103
5513.012 103
5514.013 103
5515.014 103
5516.015 103
5517.016 103
5518.017 103
5519.018 103
5520.019 103
5521.020 103
5522.021 103
5523.021 103
5524.022 103
5525.023 103
5526.024 103
5527.025 103
5528.026 103
5529.027 103
5530.028 103
5531.029 103
5532.030 103
5533.031 103
5534.032 103
5535.033 103
5536.034 103
5537.035 103
5538.036 103
5539.037 103
5540.038 103
5541.039 103
5542.040 103
5543.041 103
5544.042 103
5545.043 103
5546.044 103
5547.045 103
5548.046 103
5549.047 103
5550.048 103
5551.049 103
5552.050 103
5553.051 103
5554.052 103
5555.053 103
5556.054 103
5557.055 103
5558.056 103
5559.057 103
5560.058 103
5561.059 103
5562.060 103
5563.061 103
5564.062 103
5565.062 103
5566.063 103
5567.064 103
5568.065 103
5569.066 103
5570.067 103
5571.068 103
5572.069 103
5573.070 103
5574.071 103
5575.072 103
5576.073 103
5577.074 103
5578.075 103
5579.076 103
5580.077 103
5581.078 103
5582.079 103
5583.080 103
5584.081 103
5585.082 103
5586.083 103
5587.084 103
5588.085 103
5589.086 103
5590.087 103
5591.088 103
5592.089 103
5593.090 103
5594.091 103
5595.092 103
5596.093 103
5597.094 103
5598.095 103
5599.096 103
5600.097 103
5601.098 103
5602.099 103
5603.100 103
5604.101 103
5605.102 103
5606.103 103
5607.104 103
5608.104 103
5609.105 103
5610.106 103
5611.107 103
5612.108 103
5613.109 103
5614.110 103
5615.111 103
5616.112 103
5617.113 103
5618.114 103
5619.115 103
5620.116 103
5621.117 103
5622.118 103
5623.119 103
5624.120 103
5625.121 103
5626.122 103
5627.123 103
5628.124 103
5629.125 103
5630.126 103
5631.127 103
5632.128 103
5633.129 103
5634.130 103
5635.131 103
5636.132 103
5637.133 103
5638.134 103
5639.135 103
5640.136 103
5641.137 103
5642.138 103
5643.139 103
5644.140 103
5645.141 103
5646.142 103
5647.143 103
5648.144 103
5649.145 103
5650.146 103
5651.146 103
5652.147 103
5653.148 103
5654.149 103
5655.150 103
5656.151 103
5657.152 103
5658.153 103
5659.154 103
5660.155 103
5661.156 103
5662.157 103
5663.158 103
5664.159 103
5665.160 103
5666.161 103
5667.162 103
5668.163 103
5669.164 103
5670.165 103
5671.166 103
5672.167 103
5673.168 103
5674.169 103
5675.170 103
5676.171 103
5677.172 103
5678.173 103
5679.174 103
5680.175 103
5681.176 103
5682.177 103
5683.178 103
5684.179 103
5685.180 103
5686.181 103
5687.182 103
5688.183 103
5689.184 103
5690.185 103
5691.186 103
5692.187 103
5693.188 103
5694.188 103
5695.189 103
5696.190 103
5697.191 103
5698.192 103
5699.193 103
5700.194 103
5701.195 103
5702.196 103
5703.197 103
5704.198 103
5705.199 103
5706.200 103
5707.201 103
5708.202 103
5709.203 103
5710.204 103
5711.205 103
5712.206 103
5713.207 103
5714.208 103
5715.209 103
5716.210 103
5717.211 103
5718.212 103
5719.213 103
5720.214 103
5721.215 103
5722.216 103
5723.217 103
5724.218 103
5725.219 103
5726.220 103
5727.221 103
5728.222 103
5729.223 103
5730.224 103
5731.225 103
5732.226 103
5733.227 103
5734.228 103
5735.229 103
5736.229 103
5737.230 103
5738.231 103
5739.232 103
5740.233 103
5741.234 103
5742.235 103
5743.236 103
5744.237 103
5745.238 103
5746.239 103
5747.240 103
5748.241 103
5749.242 103
5750.243 103
5751.244 103
5752.245 103
5753.246 103
5754.247 103
5755.248 103
5756.249 103
5757.250 103
5758.251 103
5759.252 103
5760.253 103
5761.254 103
5762.255 103
5763.256 103
5764.257 103
5765.258 103
5766.259 103
5767.260 103
5768.261 103
5769.262 103
5770.263 103
5771.264 103
5772.265 103
5773.266 103
5774.267 103
5775.268 103
5776.269 103
5777.270 103
5778.271 103
5779.271 103
5780.272 103
5781.273 103
5782.274 103
5783.275 103
5784.276 103
5785.277 103
5786.278 103
5787.279 103
5788.280 103
5789.281 103
5790.282 103
5791.283 103
5792.284 103
5793.285 103
5794.286 103
5795.287 103
5796.288 103
5797.289 103
5798.290 103
5799.291 103
5800.292 103
5801.293 103
5802.294 103
5803.295 103
5804.296 103
5805.297 103
5806.298 103
5807.299 103
5808.300 103
5809.301 103
5810.302 103
5811.303 103
5812.304 103
5813.305 103
5814.306 103
5815.307 103
5816.308 103
5817.309 103
5818.310 103
5819.311 103
5820.312 103
5821.312 103
5822.313 103
5823.314 103
5824.315 103
5825.316 103
5826.317 103
5827.318 103
5828.319 103
5829.320 103
5830.321 103
5831.322 103
5832.323 103
5833.324 103
5834.325 103
5835.326 103
5836.327 103
5837.328 103
5838.329 103
5839.330 103
5840.331 103
5841.332 103
5842.333 103
5843.334 103
5844.335 103
5845.336 103
5846.337 103
5847.338 103
5848.339 103
5849.340 103
5850.341 103
5851.342 103
5852.343 103
5853.344 103
5854.345 103
5855.346 103
5856.347 103
5857.348 103
5858.349 103
5859.350 103
5860.351 103
5861.352 103
5862.353 103
5863.354 103
5864.354 103
5865.355 103
5866.356 103
5867.357 103
5868.358 103
5869.359 103
5870.360 103
5871.361 103
5872.362 103
5873.363 103
5874.364 103
5875.365 103
5876.366 103
5877.367 103
5878.368 103
5879.369 103
5880.370 103
5881.371 103
5882.372 103
5883.373 103
5884.374 103
5885.375 103
5886.376 103
5887.377 103
5888.378 103
5889.379 103
5890.380 103
5891.381 103
5892.382 103
5893.383 103
5894.384 103
5895.385 103
5896.386 103
5897.387 103
5898.388 103
5899.389 103
5900.390 103
5901.391 103
5902.392 103
5903.393 103
5904.394 103
5905.395 103
5906.396 103
5907.396 103
5908.397 103
5909.398 103
5910.399 103
5911.400 103
5912.401 103
5913.402 103
5914.403 103
5915.404 103
5916.405 103
5917.406 103
5918.407 103
5919.408 103
5920.409 103
5921.410 103
5922.411 103
5923.412 103
5924.413 103
5925.414 103
5926.415 103
5927.416 103
5928.417 103
5929.418 103
5930.419 103
5931.420 103
5932.421 103
5933.422 103
5934.423 103
5935.424 103
5936.425 103
5937.426 103
5938.427 103
5939.428 103
5940.429 103
5941.430 103
5942.431 103
5943.432 103
5944.433 103
5945.434 103
5946.435 103
5947.436 103
5948.437 103
5949.438 103
5950.438 103
5951.439 103
5952.440 103
5953.441 103
5954.442 103
5955.443 103
5956.444 103
5957.445 103
5958.446 103
5959.447 103
5960.448 103
5961.449 103
5962.450 103
5963.451 103
5964.452 103
5965.453 103
5966.454 103
5967.455 103
5968.456 103
5969.457 103
5970.458 103
5971.459 103
5972.460 103
5973.461 103
5974.462 103
5975.463 103
5976.464 103
5977.465 103
5978.466 103
5979.467 103
5980.468 103
5981.469 103
5982.470 103
5983.471 103
5984.472 103
5985.473 103
5986.474 103
5987.475 103
5988.476 103
5989.477 103
5990.478 103
5991.479 103
5992.479 103
5993.480 103
5994.481 103
5995.482 103
5996.483 103
5997.484 103
5998.485 103
5999.486 103
6000.487 103
6001.488 103
6002.489 103
6003.490 103
6004.491 103
6005.492 103
6006.493 103
6007.494 103
6008.495 103
6009.496 103
6010.497 103
6011.498 103
6012.499 103
6013.500 103
6014.501 103
6015.502 103
6016.503 103
6017.504 103
6018.505 103
6019.506 103
6020.507 103
6021.508 103
6022.509 103
6023.510 103
6024.511 103
6025.512 103
6026.513 103
6027.514 103
6028.515 103
6029.516 103
6030.517 103
6031.518 103
6032.519 103
6033.520 103
6034.521 103
6035.521 103
6036.522 103
6037.523 103
6038.524 103
6039.525 103
6040.526 103
6041.527 103
6042.528 103
6043.529 103
6044.530 103
6045.531 103
6046.532 103
6047.533 103
6048.534 103
6049.535 103
6050.536 103
6051.537 103
6052.538 103
6053.539 103
6054.540 103
6055.541 103
6056.542 103
6057.543 103
6058.544 103
6059.545 103
6060.546 103
6061.547 103
6062.548 103
6063.549 103
6064.550 103
6065.551 103
6066.552 103
6067.553 103
6068.554 103
6069.555 103
6070.556 103
6071.557 103
6072.558 103
6073.559 103
6074.560 103
6075.561 103
6076.562 103
6077.562 103
6078.563 103
6079.564 103
6080.565 103
6081.566 103
6082.567 103
6083.568 103
6084.569 103
6085.570 103
6086.571 103
6087.572 103
6088.573 103
6089.574 103
6090.575 103
6091.576 103
6092.577 103
6093.578 103
6094.579 103
6095.580 103
6096.581 103
6097.582 103
6098.583 103
6099.584 103
6100.585 103
6101.586 103
6102.587 103
6103.588 103
6104.589 103
6105.590 103
6106.591 103
6107.592 102
6108.593 102
6109.594 102
6110.595 102
6111.596 102
6112.597 102
6113.598 102
6114.599 102
6115.600 102
6116.601 102
6117.602 102
6118.603 102
6119.604 102
6120.605 102
6121.606 102
6122.607 102
6123.608 102
6124.609 102
6125.610 102
6126.611 102
6127.612 102
6128.613 102
6129.614 102
6130.615 102
6131.616 102
6132.617 102
6133.618 102
6134.619 102
6135.620 102
6136.621 102
6137.622 102
6138.623 102
6139.624 102
6140.625 102
6141.625 102
6142.626 102
6143.627 102
6144.628 102
6145.629 102
6146.630 102
6147.631 102
6148.632 102
6149.633 102
6150.634 102
6151.635 102
6152.636 102
6153.637 102
6154.638 102
6155.639 102
6156.640 102
6157.641 102
6158.642 101
6159.643 101
6160.644 101
6161.645 101
6162.646 101
6163.647 101
6164.648 101
6165.649 101
6166.650 101
6167.651 101
6168.652 101
6169.653 101
6170.654 101
6171.655 101
6172.656 101
6173.657 101
6174.658 101
6175.659 101
6176.660 101
6177.661 101
6178.662 101
6179.663 101
6180.664 101
6181.665 101
6182.666 101
6183.667 101
6184.667 101
6185.668 101
6186.669 101
6187.670 101
6188.671 101
6189.672 101
6190.673 101
6191.674 101
6192.675 101
6193.676 101
6194.677 101
6195.678 101
6196.679 101
6197.680 101
6198.681 101
6199.682 101
6200.683 101
6201.684 101
6202.685 101
6203.686 101
6204.687 101
6205.688 101
6206.689 101
6207.690 101
6208.691 101
6209.692 101
6210.693 101
6211.694 101
6212.695 101
6213.696 101
6214.697 101
6215.698 101
6216.699 101
6217.700 101
6218.701 101
6219.702 101
6220.703 101
6221.704 101
6222.705 101
6223.706 101
6224.707 101
6225.708 101
6226.708 101
6227.709 101
6228.710 101
6229.711 101
6230.712 101
6231.713 101
6232.714 101
6233.715 101
6234.716 101
6235.717 101
6236.718 101
6237.719 101
6238.720 101
6239.721 101
6240.722 101
6241.723 101
6242.724 101
6243.725 101
6244.726 101
6245.727 101
6246.728 101
6247.729 101
6248.730 101
6249.731 101
6250.732 101
6251.733 101
6252.734 101
6253.735 101
6254.736 101
6255.737 101
6256.738 101
6257.739 101
6258.740 101
6259.741 101
6260.742 101
6261.743 101
6262.744 101
6263.745 101
6264.746 101
6265.747 101
6266.748 101
6267.749 101
6268.750 101
6269.750 101
6270.751 101
6271.752 101
6272.753 101
6273.754 101
6274.755 101
6275.756 101
6276.757 101
6277.758 101
6278.759 101
6279.760 101
6280.761 101
6281.762 101
6282.763 101
6283.764 101
6284.765 101
6285.766 101
6286.767 101
6287.768 101
6288.769 101
6289.770 101
6290.771 101
6291.772 101
6292.773 101
6293.774 101
6294.775 101
6295.776 101
6296.777 101
6297.778 101
6298.779 101
6299.780 101
6300.781 101
6301.782 101
6302.783 101
6303.784 101
6304.785 101
6305.786 101
6306.787 101
6307.788 101
6308.789 101
6309.790 101
6310.791 101
6311.792 101
6312.792 101
6313.793 101
6314.794 101
6315.795 101
6316.796 101
6317.797 101
6318.798 101
6319.799 101
6320.800 101
6321.801 101
6322.802 101
6323.803 101
6324.804 101
6325.805 101
6326.806 101
6327.807 101
6328.808 101
6329.809 101
6330.810 101
6331.811 101
6332.812 101
6333.813 101
6334.814 101
6335.815 101
6336.816 101
6337.817 101
6338.818 101
6339.819 101
6340.820 101
6341.821 101
6342.822 101
6343.823 101
6344.824 101
6345.825 101
6346.826 101
6347.827 101
6348.828 101
6349.829 101
6350.830 101
6351.831 101
6352.832 101
6353.833 101
6354.833 101
6355.834 101
6356.835 101
6357.836 101
6358.837 101
6359.838 101
6360.839 101
6361.840 101
6362.841 101
6363.842 101
6364.843 101
6365.844 101
6366.845 101
6367.846 101
6368.847 101
6369.848 101
6370.849 101
6371.850 101
6372.851 101
6373.852 101
6374.853 101
6375.854 101
6376.855 101
6377.856 101
6378.857 101
6379.858 101
6380.859 101
6381.860 101
6382.861 101
6383.862 101
6384.863 101
6385.864 101
6386.865 101
6387.866 101
6388.867 101
6389.868 101
6390.869 101
6391.870 101
6392.871 101
6393.872 101
6394.873 101
6395.874 101
6396.875 101
6397.875 101
6398.876 101
6399.877 101
6400.878 101
6401.879 101
6402.880 101
6403.881 101
6404.882 101
6405.883 101
6406.884 101
6407.885 101
6408.886 101
6409.887 101
6410.888 101
6411.889 101
6412.890 101
6413.891 101
6414.892 101
6415.893 101
6416.894 101
6417.895 101
6418.896 101
6419.897 101
6420.898 101
6421.899 101
6422.900 101
6423.901 101
6424.902 101
6425.903 101
6426.904 101
6427.905 101
6428.906 101
6429.907 101
6430.908 101
6431.909 101
6432.910 101
6433.911 101
6434.912 101
6435.913 101
6436.914 101
6437.915 101
6438.916 101
6439.917 101
6440.917 101
6441.918 101
6442.919 101
6443.920 101
6444.921 101
6445.922 101
6446.923 101
6447.924 101
6448.925 101
6449.926 101
6450.927 101
6451.928 101
6452.929 101
6453.930 101
6454.931 101
6455.932 101
6456.933 101
6457.934 101
6458.935 101
6459.936 101
6460.937 101
6461.938 101
6462.939 101
6463.940 101
6464.941 101
6465.942 101
6466.943 101
6467.944 101
6468.945 101
6469.946 101
6470.947 101
6471.948 101
6472.949 101
6473.950 101
6474.951 101
6475.952 101
6476.953 101
6477.954 101
6478.955 101
6479.956 101
6480.957 101
6481.958 101
6482.958 101
6483.959 101
6484.960 101
6485.961 101
6486.962 101
6487.963 101
6488.964 101
6489.965 101
6490.966 101
6491.967 101
6492.968 101
6493.969 101
6494.970 101
6495.971 101
6496.972 101
6497.973 101
6498.974 101
6499.975 101
6500.976 101
6501.977 101
6502.978 101
6503.979 101
6504.980 101
6505.981 101
6506.982 101
6507.983 101
6508.984 101
6509.985 101
6510.986 101
6511.987 101
6512.988 101
6513.989 101
6514.990 101
6515.991 101
6516.992 101
6517.993 101
6518.994 101
6519.995 101
6520.996 101
6521.997 101
6522.998 101
6523.999 101
6525.000 101
6526.000 101
6527.001 101
6528.002 101
6529.003 101
6530.004 101
6531.005 101
6532.006 101
6533.007 101
6534.008 101
6535.009 101
6536.010 101
6537.011 101
6538.012 101
6539.013 101
6540.014 101
6541.015 101
6542.016 101
6543.017 101
6544.018 101
6545.019 101
6546.020 101
6547.021 101
6548.022 101
6549.023 101
6550.024 101
6551.025 101
6552.026 101
6553.027 101
6554.028 101
6555.029 101
6556.030 101
6557.031 101
6558.032 101
6559.033 101
6560.034 101
6561.035 101
6562.036 101
6563.037 101
6564.038 101
6565.039 101
6566.040 101
6567.041 101
6568.042 101
6569.042 101
6570.043 101
6571.044 101
6572.045 101
6573.046 101
6574.047 101
6575.048 101
6576.049 101
6577.050 101
6578.051 101
6579.052 101
6580.053 101
6581.054 101
6582.055 101
6583.056 101
6584.057 101
6585.058 101
6586.059 101
6587.060 101
6588.061 101
6589.062 101
6590.063 101
6591.064 101
6592.065 101
6593.066 101
6594.067 101
6595.068 101
6596.069 101
6597.070 101
6598.071 101
6599.072 101
6600.073 101
6601.074 101
6602.075 101
6603.076 101
6604.077 101
6605.078 101
6606.079 101
6607.080 101
6608.081 101
6609.082 101
6610.083 101
6611.083 101
6612.084 101
6613.085 101
6614.086 101
6615.087 101
6616.088 101
6617.089 101
6618.090 101
6619.091 101
6620.092 101
6621.093 101
6622.094 101
6623.095 101
6624.096 101
6625.097 101
6626.098 101
6627.099 101
6628.100 101
6629.101 101
6630.102 101
6631.103 101
6632.104 101
6633.105 101
6634.106 101
6635.107 101
6636.108 101
6637.109 101
6638.110 101
6639.111 101
6640.112 101
6641.113 101
6642.114 101
6643.115 101
6644.116 101
6645.117 101
6646.118 101
6647.119 101
6648.120 101
6649.121 101
6650.122 101
6651.123 101
6652.124 101
6653.125 101
6654.125 101
6655.126 101
6656.127 101
6657.128 101
6658.129 101
6659.130 101
6660.131 101
6661.132 101
6662.133 101
6663.134 101
6664.135 101
6665.136 101
6666.137 101
6667.138 101
6668.139 101
6669.140 101
6670.141 101
6671.142 101
6672.143 101
6673.144 101
6674.145 101
6675.146 101
6676.147 101
6677.148 101
6678.149 101
6679.150 101
6680.151 101
6681.152 101
6682.153 101
6683.154 101
6684.155 101
6685.156 101
6686.157 101
6687.158 101
6688.159 101
6689.160 101
6690.161 101
6691.162 101
6692.163 101
6693.164 101
6694.165 101
6695.166 101
6696.167 101
6697.168 101
6698.169 101
6699.170 101
6700.171 101
6701.172 101
6702.173 101
6703.174 101
6704.175 101
6705.176 101
6706.177 101
6707.178 101
6708.179 101
6709.180 101
6710.181 101
6711.182 101
6712.183 101
6713.184 101
6714.185 101
6715.186 101
6716.187 101
6717.188 101
6718.188 101
6719.189 101
6720.190 101
6721.191 101
6722.192 101
6723.193 101
6724.194 101
6725.195 101
6726.196 101
6727.197 101
6728.198 101
6729.199 101
6730.200 101
6731.201 101
6732.202 101
6733.203 101
6734.204 101
6735.205 101
6736.206 101
6737.207 101
6738.208 101
6739.209 101
6740.210 101
6741.211 101
6742.212 101
6743.213 101
6744.214 101
6745.215 101
6746.216 101
6747.217 101
6748.218 101
6749.219 101
6750.220 101
6751.221 101
6752.222 101
6753.223 101
6754.224 101
6755.225 101
6756.226 101
6757.227 101
6758.228 101
6759.229 101
6760.229 101
6761.230 101
6762.231 101
6763.232 101
6764.233 101
6765.234 101
6766.235 101
6767.236 101
6768.237 101
6769.238 101
6770.239 101
6771.240 101
6772.241 101
6773.242 101
6774.243 101
6775.244 101
6776.245 101
6777.246 101
6778.247 101
6779.248 101
6780.249 101
6781.250 101
6782.251 101
6783.252 101
6784.253 101
6785.254 101
6786.255 101
6787.256 101
6788.257 101
6789.258 101
6790.259 101
6791.260 101
6792.261 101
6793.262 101
6794.263 101
6795.264 101
6796.265 101
6797.266 101
6798.267 101
6799.268 101
6800.269 101
6801.270 101
6802.271 101
6803.272 101
6804.273 101
6805.274 101
6806.275 101
6807.276 101
6808.277 101
6809.278 101
6810.279 101
6811.280 101
6812.281 101
6813.282 101
6814.283 101
6815.284 101
6816.285 101
6817.286 101
6818.287 101
6819.288 101
6820.289 101
6821.290 101
6822.291 101
6823.292 101
6824.292 101
6825.293 101
6826.294 101
6827.295 101
6828.296 101
6829.297 101
6830.298 101
6831.299 101
6832.300 101
6833.301 101
6834.302 101
6835.303 101
6836.304 101
6837.305 101
6838.306 101
6839.307 101
6840.308 101
6841.309 101
6842.310 101
6843.311 101
6844.312 101
6845.313 101
6846.314 101
6847.315 101
6848.316 101
6849.317 101
6850.318 101
6851.319 101
6852.320 101
6853.321 101
6854.322 101
6855.323 101
6856.324 101
6857.325 101
6858.326 101
6859.327 101
6860.328 101
6861.329 101
6862.330 101
6863.331 101
6864.332 101
6865.333 101
6866.333 101
6867.334 101
6868.335 101
6869.336 101
6870.337 101
6871.338 101
6872.339 101
6873.340 101
6874.341 101
6875.342 101
6876.343 101
6877.344 101
6878.345 101
6879.346 101
6880.347 101
6881.348 101
6882.350 101
6883.351 101
6884.352 101
6885.353 101
6886.354 101
6887.354 101
6888.355 101
6889.356 101
6890.357 101
6891.358 101
6892.359 101
6893.360 101
6894.361 101
6895.362 101
6896.363 101
6897.364 101
6898.365 101
6899.366 101
6900.367 101
6901.368 101
6902.369 101
6903.370 101
6904.371 101
6905.372 101
6906.373 101
6907.374 101
6908.375 101
6909.376 101
6910.377 101
6911.378 101
6912.379 101
6913.380 101
6914.381 101
6915.382 101
6916.383 101
6917.384 101
6918.385 101
6919.386 101
6920.387 101
6921.388 101
6922.389 101
6923.390 101
6924.391 101
6925.392 101
6926.393 101
6927.394 101
6928.395 101
6929.396 101
6930.396 101
6931.397 101
6932.398 101
6933.399 101
6934.400 101
6935.401 101
6936.402 101
6937.403 101
6938.404 101
6939.405 101
6940.406 101
6941.407 101
6942.408 101
6943.409 101
6944.410 101
6945.411 101
6946.412 101
6947.413 101
6948.414 101
6949.415 101
6950.416 101
6951.417 101
6952.418 101
6953.419 101
6954.420 101
6955.421 101
6956.422 101
6957.423 101
6958.424 101
6959.425 101
6960.426 101
6961.427 101
6962.428 101
6963.429 101
6964.430 101
6965.431 101
6966.432 101
6967.433 101
6968.434 101
6969.435 101
6970.436 101
6971.437 101
6972.438 101
6973.438 101
6974.439 101
6975.440 101
6976.441 101
6977.442 101
6978.443 101
6979.444 101
6980.445 101
6981.446 101
6982.447 101
6983.449 101
6984.450 101
6985.451 101
6986.452 101
6987.453 101
6988.454 101
6989.455 101
6990.456 101
6991.457 101
6992.458 101
6993.458 101
6994.459 101
6995.460 101
6996.461 101
6997.462 101
6998.463 101
6999.464 101
7000.465 101
7001.466 101
7002.467 101
7003.468 101
7004.469 101
7005.470 101
7006.471 101
7007.472 101
7008.473 101
7009.474 101
7010.475 101
7011.476 101
7012.477 101
7013.478 101
7014.479 101
7015.480 101
7016.481 101
7017.482 101
7018.483 101
7019.484 101
7020.485 101
7021.486 101
7022.487 101
7023.488 101
7024.489 101
7025.490 101
7026.491 101
7027.492 101
7028.493 101
7029.494 101
7030.495 101
7031.496 101
7032.497 101
7033.498 101
7034.499 101
7035.500 101
7036.500 101
7037.501 101
7038.502 101
7039.503 101
7040.504 101
7041.505 101
7042.506 101
7043.507 101
7044.508 101
7045.509 101
7046.510 101
7047.511 101
7048.512 101
7049.513 101
7050.514 101
7051.515 101
7052.516 101
7053.517 101
7054.518 101
7055.519 101
7056.520 101
7057.521 101
7058.522 101
7059.523 101
7060.524 101
7061.525 101
7062.526 101
7063.527 101
7064.528 101
7065.529 101
7066.530 101
7067.531 101
7068.532 101
7069.533 101
7070.534 101
7071.535 101
7072.536 101
7073.537 101
7074.538 101
7075.539 101
7076.540 101
7077.541 101
7078.542 101
7079.542 101
7080.543 101
7081.544 101
7082.545 101
7083.547 101
7084.548 101
7085.549 101
7086.550 101
7087.551 101
7088.552 101
7089.553 101
7090.554 101
7091.555 101
7092.556 101
7093.557 101
7094.558 101
7095.559 101
7096.560 101
7097.561 101
7098.562 101
7099.562 101
7100.563 101
7101.564 101
7102.565 101
7103.566 101
7104.567 101
7105.568 101
7106.569 101
7107.570 101
7108.571 101
7109.572 101
7110.573 101
7111.574 101
7112.575 101
7113.576 101
7114.577 101
7115.578 101
7116.579 101
7117.580 101
7118.581 101
7119.582 101
7120.583 101
7121.584 101
7122.585 101
7123.586 101
7124.587 101
7125.588 101
7126.589 101
7127.590 101
7128.591 101
7129.592 101
7130.593 101
7131.594 101
7132.595 101
7133.596 101
7134.597 101
7135.598 101
7136.599 101
7137.600 101
7138.601 101
7139.602 101
7140.603 101
7141.604 101
7142.604 101
7143.605 101
7144.606 101
7145.607 101
7146.608 101
7147.609 101
7148.610 101
7149.611 101
7150.612 101
7151.613 101
7152.614 101
7153.615 101
7154.616 101
7155.617 101
7156.618 101
7157.619 101
7158.620 101
7159.621 101
7160.622 101
7161.623 101
7162.624 101
7163.625 101
7164.626 101
7165.627 101
7166.628 101
7167.629 101
7168.630 101
7169.631 101
7170.632 101
7171.633 101
7172.634 101
7173.635 101
7174.636 101
7175.637 101
7176.638 101
7177.639 101
7178.640 101
7179.641 101
