1.200 4
2.206 12
3.238 24
4.330 38
5.368 42
6.527 54
7.548 65
8.724 75
9.705 93
10.835 105
12.987 113
13.922 136
15.269 141
16.191 149
17.906 154
20.059 166
20.496 178
24.754 184
25.897 204
26.930 210
27.998 216
28.999 220
30.098 228
31.077 234
32.269 246
33.586 255
34.399 261
35.495 270
36.657 283
38.489 298
40.770 309
41.580 321
42.709 333
44.090 344
44.950 357
46.136 365
47.254 376
48.261 379
49.286 383
50.529 386
51.959 388
52.670 389
53.731 389
54.829 390
55.857 390
57.011 392
58.218 393
59.247 394
60.253 394
61.271 396
62.565 397
63.571 397
65.599 398
66.664 398
67.710 399
68.775 399
69.780 400
70.787 400
71.793 400
72.801 400
73.806 400
75.545 400
75.847 400
76.853 400
77.858 400
78.863 400
79.869 400
80.875 400
81.881 400
82.887 400
83.894 400
84.901 400
85.907 400
86.912 400
87.918 400
88.924 400
89.929 400
90.934 400
91.941 400
92.947 400
93.954 400
94.961 400
95.967 400
96.971 400
97.974 400
98.978 400
99.980 400
100.985 400
101.990 400
102.995 400
104.001 400
105.629 400
106.334 400
107.422 400
108.426 400
109.427 400
110.432 400
111.436 400
112.440 400
113.445 400
114.451 400
115.546 400
116.551 400
117.556 400
118.562 400
119.566 400
120.571 400
121.578 400
122.582 400
123.587 400
124.592 400
125.597 400
126.602 400
127.608 400
128.613 400
129.618 400
131.012 400
132.017 400
133.022 400
134.027 400
135.030 400
136.031 400
137.035 400
138.040 400
139.044 400
140.049 400
141.053 400
142.148 400
143.155 400
144.162 400
145.167 400
146.175 400
147.181 400
148.185 400
149.187 400
150.190 400
151.193 400
152.200 400
153.205 400
154.211 400
155.216 400
156.221 400
157.226 400
158.231 400
159.236 400
160.242 400
161.247 400
162.252 400
163.256 400
164.262 400
165.267 400
166.273 400
167.276 400
168.280 400
169.284 400
170.289 400
171.294 400
172.299 400
173.305 400
174.313 400
175.320 400
176.332 400
177.338 400
178.341 400
179.343 400
180.345 400
181.348 400
182.350 400
183.352 400
184.354 400
185.355 400
186.359 400
187.364 400
188.370 400
189.375 400
190.380 400
191.385 400
192.391 400
193.396 400
194.403 400
195.436 400
196.444 400
197.447 400
198.452 400
199.459 400
200.465 400
201.473 400
202.480 400
203.488 400
204.496 400
205.503 400
206.510 400
207.518 400
208.521 400
209.523 400
210.525 400
211.527 400
212.533 400
213.540 400
214.547 400
215.551 400
216.554 400
217.557 400
218.559 400
219.562 400
220.565 400
221.568 400
222.571 400
223.575 400
224.580 400
225.586 400
226.591 400
227.595 400
228.597 400
229.600 400
230.603 400
231.685 400
232.691 400
233.697 400
234.702 400
235.708 400
236.713 400
237.718 400
238.723 400
239.730 400
240.735 400
241.741 400
242.748 400
243.799 400
244.802 400
245.805 400
246.808 400
247.811 400
248.814 400
249.819 400
250.822 400
251.825 400
252.828 400
253.831 400
254.851 400
255.857 400
256.861 400
257.867 400
258.872 400
259.878 400
260.884 400
261.889 400
262.895 400
263.901 400
264.905 400
265.908 400
266.910 400
267.913 400
268.916 400
269.920 400
270.925 400
271.931 400
272.936 400
273.941 400
274.947 400
275.952 400
276.957 400
277.960 400
278.964 400
279.969 400
280.973 400
283.969 400
284.976 400
285.979 400
286.983 400
287.990 400
288.997 400
290.003 400
291.010 400
292.017 400
293.024 400
294.032 400
295.040 400
296.116 400
297.120 400
298.123 400
299.126 400
300.128 400
301.131 400
302.134 400
303.137 400
304.139 400
305.144 400
306.150 400
307.155 400
308.159 400
309.164 400
310.169 400
311.173 400
312.177 400
313.180 400
314.184 400
315.189 400
316.195 400
317.201 400
318.238 400
319.244 400
320.251 400
321.258 400
322.262 400
323.267 400
324.268 400
325.269 400
326.270 400
327.273 400
328.274 400
329.292 400
330.295 400
331.298 400
332.302 400
333.306 400
334.310 400
335.315 400
336.319 400
337.324 400
338.328 400
339.333 400
340.337 400
341.342 400
342.346 400
343.351 400
344.356 400
345.361 400
346.366 400
347.370 400
348.375 400
349.380 400
350.385 400
351.389 400
352.394 400
353.400 400
354.405 400
355.410 400
356.415 400
357.421 400
358.426 400
359.432 400
360.438 400
361.444 400
362.450 400
363.456 400
364.461 400
365.467 400
366.472 400
367.478 400
368.483 400
369.489 400
370.494 400
371.498 400
372.500 400
373.504 400
374.510 400
375.515 400
376.519 400
377.524 400
378.529 400
379.534 400
380.539 400
381.544 400
382.549 400
383.554 400
384.559 400
385.564 400
386.569 400
387.574 400
388.579 400
389.584 400
390.589 400
391.593 400
392.598 400
393.603 400
394.608 400
395.613 400
396.618 400
397.623 400
398.628 400
399.633 400
400.637 400
401.642 400
402.647 400
403.652 400
404.658 400
405.666 400
406.672 400
407.679 400
408.684 400
409.689 400
410.694 400
411.698 400
412.703 400
413.708 400
414.713 400
415.717 400
416.722 400
417.727 400
418.732 400
419.737 400
420.742 400
421.747 400
422.754 400
423.759 400
424.764 400
425.770 400
426.775 400
427.780 400
428.811 400
429.816 400
430.822 400
433.074 400
434.078 400
435.082 400
436.084 400
437.089 400
438.095 400
439.100 400
440.104 400
441.109 400
442.115 400
443.120 400
444.126 400
445.132 400
446.138 400
447.144 400
448.150 400
449.156 400
450.161 400
451.164 400
452.166 400
453.169 400
454.174 400
455.180 400
456.188 400
457.195 400
458.202 400
459.209 400
460.216 400
461.223 400
462.231 400
463.238 400
464.245 400
465.251 400
466.257 400
467.263 400
468.267 400
469.270 400
470.272 400
471.275 400
472.278 400
473.280 400
474.283 400
475.286 400
476.291 400
477.296 400
478.300 400
479.305 400
480.309 400
481.314 400
482.319 400
483.324 400
484.329 400
485.335 400
486.340 400
487.345 400
488.351 400
489.356 400
490.362 400
491.367 400
492.373 400
493.378 400
494.382 400
495.388 400
496.393 400
497.398 400
498.404 400
499.423 400
500.429 400
501.434 400
502.440 400
503.445 400
504.452 400
505.457 400
506.462 400
507.529 400
508.535 400
509.540 400
510.546 400
511.553 400
512.561 400
513.565 400
514.570 400
515.575 400
516.582 400
517.589 400
518.596 400
519.601 400
520.605 400
521.610 400
522.615 400
523.622 400
524.628 400
525.630 400
526.633 400
527.635 400
528.636 400
529.638 400
530.643 400
531.647 400
532.650 400
533.654 400
534.657 400
535.662 400
536.664 400
537.666 400
538.667 400
539.673 400
540.678 400
541.681 400
542.683 400
543.687 400
544.691 400
545.698 400
546.705 400
547.712 400
548.719 400
549.726 400
550.729 400
551.732 400
552.734 400
553.738 400
554.744 400
555.748 400
556.752 400
557.756 400
558.760 400
559.764 400
560.767 400
561.771 400
562.776 400
563.780 400
564.785 400
565.789 400
566.794 400
567.800 400
568.807 400
569.812 400
570.815 400
571.820 400
572.823 400
573.826 400
574.829 400
575.833 400
576.838 400
577.842 400
578.846 400
579.851 400
580.858 400
581.865 400
582.871 400
583.876 400
584.882 400
585.890 400
586.896 400
587.900 400
588.903 400
589.906 400
590.908 400
591.911 400
592.913 400
593.917 400
594.922 400
595.928 400
596.933 400
598.206 400
599.214 400
600.221 400
601.228 400
602.235 400
603.242 400
604.249 400
605.259 400
606.264 400
607.267 400
608.275 400
609.279 400
610.283 400
611.286 400
612.291 400
613.297 400
614.303 400
615.310 400
616.315 400
617.319 400
618.326 400
619.334 400
620.341 400
621.347 400
622.354 400
623.361 400
624.368 400
625.375 400
626.380 400
627.385 400
628.391 400
629.395 400
630.402 400
631.410 400
632.417 400
633.424 400
634.431 400
635.439 400
636.446 400
637.452 400
638.458 400
639.465 400
640.469 400
641.473 400
642.478 400
643.484 400
644.489 400
645.494 400
646.498 400
647.501 400
648.503 400
649.506 400
650.509 400
651.511 400
652.513 400
653.515 400
654.518 400
655.521 400
656.523 400
657.526 400
658.531 400
659.537 400
660.543 400
661.549 400
662.551 400
663.554 400
664.559 400
665.563 400
666.566 400
667.569 400
668.571 400
669.576 400
670.579 400
671.583 400
672.586 400
673.590 400
674.597 400
675.600 400
676.602 400
677.603 400
678.606 400
679.608 400
680.647 400
681.652 400
682.657 400
683.662 400
684.668 400
685.675 400
686.680 400
687.685 400
688.689 400
689.692 400
690.695 400
691.698 400
692.702 400
693.706 400
694.710 400
695.714 400
696.716 400
697.717 400
698.719 400
699.721 400
700.723 400
701.726 400
702.728 400
703.732 400
704.734 400
705.738 400
706.742 400
707.747 400
708.752 400
709.758 400
710.762 400
711.769 400
712.775 400
713.780 400
714.785 400
715.790 400
716.792 400
717.795 400
718.798 400
719.800 400
720.802 400
721.804 400
722.807 400
723.812 400
724.816 400
725.820 400
726.844 400
727.848 400
728.854 400
729.858 400
730.863 400
731.868 400
732.873 400
733.877 400
734.883 400
735.888 400
736.893 400
737.898 400
738.901 400
739.903 400
740.906 400
741.909 400
742.912 400
743.914 400
744.917 400
745.919 400
746.922 400
747.926 400
748.931 400
749.936 400
750.941 400
751.948 400
752.954 400
753.962 400
754.969 400
755.976 400
756.983 400
757.989 400
758.995 400
760.018 400
761.026 400
762.033 400
763.038 400
764.042 400
765.047 400
766.049 400
767.052 400
768.059 400
769.066 400
770.073 400
771.079 400
772.087 400
773.094 400
774.101 400
775.108 400
776.113 400
777.119 400
778.122 400
779.124 400
780.126 400
781.129 400
782.133 400
783.136 400
784.139 400
785.142 400
786.146 400
787.149 400
788.152 400
789.154 400
790.156 400
791.159 400
792.161 400
793.163 400
794.167 400
795.170 400
796.173 400
797.175 400
798.178 400
799.184 400
800.191 400
801.199 400
802.203 400
803.206 400
804.208 400
805.211 400
806.214 400
807.217 400
808.219 400
809.222 400
810.224 400
811.227 400
812.233 400
813.238 400
814.254 400
815.259 400
816.267 400
817.274 400
818.280 400
819.288 400
820.295 400
821.302 400
822.309 400
823.315 400
824.321 400
825.324 400
826.327 400
827.334 400
828.341 400
829.347 400
830.353 400
831.357 400
832.360 400
833.363 400
834.365 400
835.368 400
836.371 400
837.374 400
838.377 400
839.379 400
840.382 400
841.385 400
842.388 400
843.390 400
844.393 400
845.396 400
846.399 400
847.401 400
848.404 400
849.407 400
850.411 400
851.415 400
852.420 400
853.425 400
854.431 400
855.436 400
856.442 400
857.447 400
858.451 400
859.457 400
860.460 400
861.462 400
862.465 400
863.469 400
864.473 400
865.475 400
866.480 400
867.485 400
868.490 400
869.495 400
870.779 400
871.783 400
872.788 400
873.793 400
874.798 400
875.804 400
876.809 400
877.814 400
878.820 400
879.825 400
880.830 400
881.836 400
882.841 400
883.847 400
884.849 400
885.854 400
886.861 400
887.866 400
888.873 400
889.875 400
890.879 400
891.882 400
892.885 400
893.888 400
894.890 400
895.893 400
896.896 400
897.899 400
898.902 400
899.904 400
900.907 400
901.910 400
902.914 400
903.919 400
904.926 400
905.934 400
906.942 400
907.950 400
908.955 400
909.960 400
910.961 400
911.963 400
912.967 400
913.974 400
914.979 400
915.985 400
916.989 400
917.994 400
918.999 400
920.005 400
921.009 400
922.015 400
923.020 400
924.025 400
925.030 400
926.034 400
927.039 400
928.044 400
929.049 400
930.054 400
931.059 400
932.064 400
933.070 400
934.075 400
935.080 400
936.088 400
937.095 400
938.102 400
939.109 400
940.116 400
941.124 400
942.132 400
943.138 400
944.143 400
945.148 400
946.208 400
947.213 400
948.238 400
949.243 400
950.248 400
951.252 400
952.255 400
953.259 400
954.263 400
955.267 400
956.271 400
957.276 400
958.280 400
959.285 400
960.291 400
961.296 400
962.302 400
963.308 400
964.313 400
965.319 400
966.324 400
967.329 400
968.334 400
969.340 400
970.345 400
971.350 400
972.355 400
973.359 400
974.365 400
975.370 400
976.376 400
977.383 400
978.392 400
979.400 400
980.408 400
981.412 400
982.416 400
983.420 400
984.425 400
985.430 400
986.435 400
987.440 400
988.445 400
989.450 400
990.455 400
991.460 400
992.464 400
993.470 400
994.478 400
995.487 400
996.495 400
997.503 400
998.511 400
999.519 400
1000.528 400
1001.536 400
1002.546 400
1003.551 400
1004.557 400
1005.562 400
1006.568 400
1007.573 400
1008.578 400
1009.586 400
1010.593 400
1011.598 400
1012.604 400
1013.610 400
1014.618 400
1015.626 400
1016.633 400
1017.637 400
1018.641 400
1019.645 400
1020.648 400
1021.653 400
1022.657 400
1023.661 400
1024.665 400
1025.668 400
1026.672 400
1027.677 400
1028.681 400
1029.686 400
1030.690 400
1031.693 400
1032.697 400
1033.701 400
1034.708 400
1035.716 400
1036.723 400
1037.729 400
1038.735 400
1039.741 400
1040.747 400
1041.752 400
1042.758 400
1043.764 400
1044.769 400
1045.772 400
1046.775 400
1047.778 400
1048.781 400
1049.784 400
1050.787 400
1051.790 400
1052.796 400
1053.803 400
1054.815 400
1055.822 400
1056.830 400
1057.837 400
1058.845 400
1059.851 400
1060.857 400
1061.862 400
1062.867 400
1063.874 400
1064.882 400
1065.889 400
1066.895 400
1067.901 400
1068.906 400
1069.911 400
1070.917 400
1071.922 400
1072.930 400
1073.935 400
1074.945 400
1075.949 400
1076.953 400
1077.956 400
1078.960 400
1079.964 400
1080.970 400
1081.977 400
1082.982 400
1083.984 400
1084.988 400
1085.991 400
1086.995 400
1088.000 400
1089.005 400
1090.010 400
1091.017 400
1092.025 400
1093.032 400
1094.039 400
1095.046 400
1096.052 400
1097.058 400
1098.062 400
1099.068 400
1100.070 400
1101.078 400
1102.083 400
1103.089 400
1104.093 400
1105.099 400
1106.103 400
1107.107 400
1108.111 400
1109.117 400
1110.122 400
1111.125 400
1112.129 400
1113.135 400
1114.137 400
1115.144 400
1116.148 400
1117.152 400
1118.156 400
1119.160 400
1120.163 400
1121.167 400
1122.171 400
1123.176 400
1124.181 400
1125.188 400
1126.193 400
1127.196 400
1128.199 400
1129.201 400
1130.204 400
1131.207 400
1132.209 400
1133.212 400
1134.217 400
1135.223 400
1136.231 400
1137.239 400
1138.246 400
1139.253 400
1140.258 400
1141.263 400
1142.268 400
1143.274 400
1144.278 400
1145.283 400
1146.287 400
1147.290 400
1148.293 400
1149.296 400
1150.298 400
1151.301 400
1152.304 400
1153.307 400
1154.310 400
1155.313 400
1156.315 400
1157.318 400
1158.320 400
1159.323 400
1160.333 400
1161.338 400
1162.343 400
1163.345 400
1164.348 400
1165.351 400
1166.354 400
1167.357 400
1168.359 400
1169.362 400
1170.365 400
1171.367 400
1172.370 400
1173.372 400
1174.375 400
1175.378 400
1176.381 400
1177.383 400
1178.386 400
1179.388 400
1180.392 400
1181.395 400
1182.399 400
1183.405 400
1184.410 400
1185.416 400
1186.423 400
1187.429 400
1188.434 400
1189.439 400
1190.443 400
1191.449 400
1192.454 400
1193.460 400
1194.465 400
1195.470 400
1196.473 400
1197.477 400
1198.480 400
1199.482 400
1200.485 400
1201.487 400
1202.490 400
1203.493 400
1204.498 400
1205.504 400
1206.508 400
1207.509 400
1208.512 400
1209.515 400
1210.517 400
1211.520 400
1212.522 400
1213.526 400
1214.529 400
1215.533 400
1216.535 400
1217.541 400
1218.546 400
1219.551 400
1220.556 400
1221.560 400
1222.563 400
1223.568 400
1224.576 400
1225.583 400
1226.588 400
1227.593 400
1229.484 400
1230.490 400
1231.495 400
1232.502 400
1233.509 400
1234.517 400
1235.523 400
1236.526 400
1237.529 400
1238.532 400
1239.535 400
1240.538 400
1241.540 400
1242.543 400
1243.547 400
1244.550 400
1245.553 400
1246.555 400
1247.559 400
1248.563 400
1249.568 400
1250.572 400
1251.578 400
1252.582 400
1253.585 400
1254.591 400
1255.598 400
1256.604 400
1257.611 400
1258.618 400
1259.625 400
1260.630 400
1261.636 400
1262.641 400
1263.647 400
1264.652 400
1265.656 400
1266.663 400
1267.668 400
1268.671 400
1269.673 400
1270.675 400
1271.677 400
1272.679 400
1273.682 400
1274.684 400
1275.686 400
1276.690 400
1277.696 400
1278.701 400
1279.707 400
1280.712 400
1281.714 400
1282.719 400
1283.723 400
1284.726 400
1285.728 400
1286.731 400
1287.734 400
1288.737 400
1289.740 400
1290.742 400
1291.744 400
1292.747 400
1293.755 400
1294.762 400
1295.769 400
1296.772 400
1297.776 400
1298.779 400
1299.782 400
1300.784 400
1301.787 400
1302.790 400
1303.792 400
1304.796 400
1305.798 400
1306.800 400
1307.802 400
1308.805 400
1309.807 400
1310.809 400
1311.812 400
1312.815 400
1313.817 400
1314.819 400
1315.822 400
1316.825 400
1317.827 400
1318.829 400
1319.831 400
1320.834 400
1321.836 400
1322.838 400
1323.841 400
1324.843 400
1325.845 400
1326.848 400
1327.850 400
1328.852 400
1329.854 400
1330.857 400
1331.859 400
1332.864 400
1333.867 400
1334.869 400
1335.872 400
1336.874 400
1337.879 400
1338.884 400
1339.889 400
1340.893 400
1341.896 400
1342.898 400
1343.901 400
1344.903 400
1345.905 400
1346.911 400
1347.916 400
1348.921 400
1349.927 400
1350.932 400
1351.937 400
1352.943 400
1353.951 400
1354.958 400
1355.964 400
1356.969 400
1357.975 400
1358.980 400
1359.985 400
1360.991 400
1361.997 400
1363.005 400
1364.012 400
1365.019 400
1366.027 400
1367.035 400
1368.040 400
1369.043 400
1370.046 400
1371.049 400
1372.051 400
1373.055 400
1374.057 400
1375.061 400
1376.067 400
1377.069 400
1378.072 400
1379.075 400
1380.078 400
1381.080 400
1382.083 400
1383.086 400
1384.089 400
1385.093 400
1386.100 400
1387.106 400
1388.109 400
1389.112 400
1390.114 400
1391.117 400
1392.121 400
1393.127 400
1394.136 400
1395.145 400
1396.153 400
1397.158 400
1398.164 400
1399.170 400
1400.176 400
1401.182 400
1402.188 400
1403.195 400
1404.201 400
1405.207 400
1406.213 400
1407.220 400
1408.224 400
1409.230 400
1410.237 400
1411.244 400
1412.251 400
1413.259 400
1414.266 400
1415.274 400
1416.281 400
1417.288 400
1418.295 400
1419.302 400
1420.309 400
1421.317 400
1422.320 400
1423.323 400
1424.326 400
1425.328 400
1426.331 400
1427.336 400
1428.344 400
1429.352 400
1430.360 400
1431.368 400
1432.375 400
1433.383 400
1434.391 400
1435.396 400
1436.399 400
1437.403 400
1438.406 400
1439.410 400
1440.413 400
1441.416 400
1442.419 400
1443.421 400
1444.424 400
1445.427 400
1446.429 400
1447.432 400
1448.435 400
1449.438 400
1450.441 400
1451.446 400
1452.451 400
1453.457 400
1454.462 400
1455.467 400
1456.473 400
1457.478 400
1458.484 400
1459.491 400
1460.496 400
1461.499 400
1462.502 400
1463.505 400
1464.507 400
1465.510 400
1466.513 400
1467.516 400
1468.519 400
1469.522 400
1470.524 400
1471.527 400
1472.529 400
1473.532 400
1474.534 400
1475.536 400
1476.539 400
1477.542 400
1478.544 400
1479.547 400
1480.550 400
1481.552 400
1482.555 400
1483.558 400
1484.561 400
1485.564 400
1486.567 400
1487.570 400
1488.573 400
1489.576 400
1490.579 400
1491.582 400
1492.584 400
1493.587 400
1494.591 400
1495.594 400
1496.597 400
1497.600 400
1498.605 400
1499.610 400
1500.616 400
1501.622 400
1502.630 400
1503.637 400
1504.644 400
1505.652 400
1506.659 400
1507.667 400
1508.674 400
1509.682 400
1510.689 400
1511.696 400
1512.704 400
1513.711 400
1514.719 400
1515.726 400
1516.733 400
1517.739 400
1518.745 400
1519.751 400
1520.757 400
1521.763 400
1522.769 400
1523.775 400
1524.781 400
1525.786 400
1526.792 400
1527.798 400
1528.804 400
1529.810 400
1530.816 400
1531.822 400
1532.825 400
1533.828 400
1534.831 400
1535.834 400
1536.838 400
1537.846 400
1538.854 400
1539.861 400
1540.868 400
1541.875 400
1542.882 400
1543.890 400
1544.897 400
1545.905 400
1546.912 400
1547.917 400
1548.923 400
1549.931 400
1550.938 400
1551.945 400
1552.950 400
1553.956 400
1554.961 400
1555.967 400
1556.975 400
1557.981 400
1558.986 400
1559.992 400
1560.997 400
1562.003 400
1563.006 400
1564.010 400
1565.013 400
1566.015 400
1567.018 400
1568.021 400
1569.024 400
1570.026 400
1571.029 400
1572.032 400
1573.034 400
1574.037 400
1575.042 400
1576.046 400
1577.049 400
1578.055 400
1579.062 400
1580.069 400
1581.075 400
1582.082 400
1583.088 400
1584.093 400
1585.098 400
1586.103 400
1587.108 400
1588.113 400
1589.117 400
1590.121 400
1591.125 400
1592.131 400
1593.138 400
1594.145 400
1595.153 400
1596.160 400
1597.166 400
1598.173 400
1599.179 400
1600.186 400
1601.193 400
1602.200 400
1603.208 400
1604.214 400
1605.222 400
1606.229 400
1607.235 400
1608.241 400
1609.243 400
1610.245 400
1611.250 400
1612.256 400
1613.264 400
1614.271 400
1615.278 400
1616.284 400
1617.290 400
1618.297 400
1619.304 400
1620.311 400
1621.317 400
1622.325 400
1623.332 400
1624.336 400
1625.341 400
1626.343 400
1627.347 400
1628.350 400
1629.355 400
1630.361 400
1631.367 400
1632.375 400
1633.380 400
1634.383 400
1635.389 400
1636.396 400
1637.401 400
1638.407 400
1639.414 400
1640.421 400
1641.428 400
1642.435 400
1643.442 400
1644.449 400
1645.456 400
1646.461 400
1647.465 400
1648.470 400
1649.473 400
1650.476 400
1651.479 400
1652.482 400
1653.488 400
1654.493 400
1655.499 400
1656.506 400
1657.514 400
1658.521 400
1659.528 400
1660.536 400
1661.541 400
1662.544 400
1663.552 400
1664.558 400
1665.563 400
1666.568 400
1667.574 400
1668.580 400
1669.586 400
1670.592 400
1671.599 400
1672.606 400
1673.614 400
1674.629 400
1675.637 400
1676.645 400
1677.666 400
1678.673 400
1679.680 400
1680.688 400
1681.695 400
1682.702 400
1683.709 400
1684.716 400
1685.724 400
1686.731 400
1687.739 400
1688.747 400
1689.753 400
1690.761 400
1691.768 400
1692.775 400
1693.783 400
1694.789 400
1695.797 400
1696.802 400
1697.807 400
1698.810 400
1699.813 400
1700.815 400
1701.819 400
1702.872 400
1703.880 400
1704.887 400
1705.893 400
1706.898 400
1707.905 400
1708.933 400
1709.939 400
1710.945 400
1711.951 400
1712.957 400
1713.961 400
1714.967 400
1715.972 400
1716.977 400
1717.981 400
1718.985 400
1719.990 400
1720.994 400
1721.998 400
1723.003 400
1724.011 400
1725.017 400
1726.022 400
1727.027 400
1728.030 400
1729.033 400
1730.035 400
1731.038 400
1732.040 400
1733.043 400
1734.046 400
1735.048 400
1736.051 400
1737.053 400
1738.056 400
1739.058 400
1740.061 400
1741.063 400
1742.066 400
1743.068 400
1744.070 400
1745.073 400
1746.075 400
1747.078 400
1748.080 400
1749.084 400
1750.086 400
1751.088 400
1752.091 400
1753.095 400
1754.097 400
1755.104 400
1756.111 400
1757.118 400
1758.125 400
1759.132 400
1760.139 400
1761.146 400
1762.154 400
1763.160 400
1764.168 400
1765.175 400
1766.180 400
1767.185 400
1768.189 400
1769.193 400
1770.198 400
1771.204 400
1772.209 400
1773.215 400
1774.220 400
1775.225 400
1776.230 400
1777.234 400
1778.239 400
1779.244 400
1780.249 400
1781.254 400
1782.260 400
1783.265 400
1784.270 400
1785.276 400
1786.280 400
1787.284 400
1788.288 400
1789.292 400
1790.296 400
1791.300 400
1792.304 400
1793.308 400
1794.312 400
1795.316 400
1796.320 400
1797.324 400
1798.328 400
1799.332 400
1800.337 400
1801.342 400
1802.347 400
1803.352 400
1804.358 400
1805.362 400
1806.367 400
1807.371 400
1808.376 400
1809.380 400
1810.385 400
1811.389 400
1812.394 400
1813.399 400
1814.402 400
1815.407 400
1816.411 400
1817.415 400
1818.420 400
1819.424 400
1820.429 400
1821.433 400
1822.437 400
1823.442 400
1824.447 400
1825.452 400
1826.458 400
1827.461 400
1828.465 400
1829.469 400
1830.474 400
1831.477 400
1832.481 400
1833.487 400
1834.494 400
1835.500 400
1836.506 400
1837.511 400
1838.516 400
1839.521 400
1840.527 400
1841.535 400
1842.541 400
1843.548 400
1844.553 400
1845.559 400
1846.562 400
1847.566 400
1848.570 400
1849.574 400
1850.579 400
1851.586 400
1852.595 400
1853.603 400
1854.609 400
1855.613 400
1856.618 400
1857.622 400
1858.626 400
1859.632 400
1860.637 400
1861.641 400
1862.648 400
1863.651 400
1864.655 400
1865.661 400
1866.667 400
1867.673 400
1868.678 400
1869.684 400
1870.690 400
1871.696 400
1872.702 400
1873.708 400
1874.714 400
1875.718 400
1876.723 400
1877.726 400
1878.730 400
1879.734 400
1880.738 400
1881.742 400
1882.746 400
1883.753 400
1884.760 400
1885.765 400
1886.768 400
1887.771 400
1888.773 400
1889.778 400
1890.783 400
1891.788 400
1892.792 400
1893.795 400
1894.800 400
1895.805 400
1896.807 400
1897.810 400
1898.812 400
1899.815 400
1900.817 400
1901.820 400
1902.822 400
1903.825 400
1904.828 400
1905.831 400
1906.834 400
1907.838 400
1908.843 400
1909.848 400
1910.853 400
1911.859 400
1912.864 400
1913.922 400
1914.926 400
1915.929 400
1916.932 400
1917.934 400
1918.937 400
1919.940 400
1920.943 400
1921.945 400
1922.948 400
1923.950 400
1924.952 400
1925.955 400
1926.958 400
1927.964 400
1928.969 400
1929.974 400
1930.976 400
1931.983 400
1932.988 400
1933.992 400
1934.998 400
1936.004 400
1937.008 400
1938.015 400
1939.020 400
1940.026 400
1941.032 400
1942.038 400
1943.044 400
1944.048 400
1945.054 400
1946.059 400
1947.062 400
1948.065 400
1949.067 400
1950.071 400
1951.074 400
1952.077 400
1953.082 400
1954.086 400
1955.092 400
1956.097 400
1957.102 400
1958.107 400
1959.113 400
1960.118 400
1961.124 400
1962.129 400
1963.136 400
1964.143 400
1965.149 400
1966.154 400
1967.159 400
1968.164 400
1969.169 400
1970.174 400
1971.179 400
1972.186 400
1973.192 400
1974.198 400
1975.203 400
1976.209 400
1977.214 400
1978.219 400
1979.223 400
1980.227 400
1981.235 400
1982.243 400
1983.246 400
1984.249 400
1985.251 400
1986.252 400
1987.256 400
1988.259 400
1989.261 400
1990.264 400
1991.268 400
1992.272 400
1993.278 400
1994.286 400
1995.295 400
1996.304 400
1997.314 400
1998.322 400
1999.331 400
2000.340 400
2001.349 400
2002.358 400
2003.366 400
2004.374 400
2005.382 400
2006.389 400
2007.394 400
2008.400 400
2009.405 400
2010.411 400
2011.417 400
2012.423 400
2013.429 400
2014.435 400
2015.441 400
2016.447 400
2017.453 400
2018.458 400
2019.464 400
2020.470 400
2021.476 400
2022.484 400
2023.489 400
2024.494 400
2025.500 400
2026.505 400
2027.511 400
2028.515 400
2029.519 400
2030.523 400
2031.527 400
2032.531 400
2033.535 400
2034.541 400
2035.548 400
2036.552 400
2037.557 400
2038.560 400
2039.564 400
2040.570 400
2041.574 400
2042.578 400
2043.582 400
2044.585 400
2045.587 400
2046.591 400
2047.594 400
2048.598 400
2049.603 400
2050.605 400
2051.608 400
2052.613 400
2053.615 400
2054.622 400
2055.628 400
2056.635 400
2057.641 400
2058.647 400
2059.653 400
2060.659 400
2061.665 400
2062.671 400
2063.679 400
2064.685 400
2065.689 400
2066.695 400
2067.701 400
2068.705 400
2069.711 400
2070.715 400
2071.720 400
2072.727 400
2073.747 400
2074.751 400
2075.757 400
2076.763 400
2077.770 400
2078.776 400
2079.783 400
2080.790 400
2081.796 400
2082.802 400
2083.809 400
2084.816 400
2085.823 400
2086.829 400
2087.836 400
2088.842 400
2089.847 400
2090.854 400
2091.862 400
2092.870 400
2093.875 400
2094.882 400
2095.886 400
2096.888 400
2097.892 400
2098.894 400
2099.896 400
2100.898 400
2101.900 400
2102.903 400
2103.906 400
2104.907 400
2105.910 400
2106.913 400
2107.915 400
2108.917 400
2109.919 400
2110.921 400
2111.927 400
2112.929 400
2113.932 400
2114.936 400
2115.940 400
2116.945 400
2117.949 400
2118.955 400
2119.958 400
2120.967 400
2121.975 400
2122.982 400
2123.991 400
2124.998 400
2126.005 400
2127.013 400
2128.019 400
2129.023 400
2130.025 400
2131.028 400
2132.033 400
2133.038 400
2134.044 400
2135.049 400
2136.051 400
2137.054 400
2138.056 400
2139.059 400
2140.062 400
2141.065 400
2142.068 400
2143.071 400
2144.076 400
2145.081 400
2146.084 400
2147.087 400
2148.090 400
2149.093 400
2150.096 400
2151.099 400
2152.103 400
2153.105 400
2154.111 400
2155.118 400
2156.123 400
2157.128 400
2158.133 400
2159.138 400
2160.143 400
2161.150 400
2162.156 400
2163.162 400
2164.166 400
2165.170 400
2166.174 400
2167.178 400
2168.182 400
2169.186 400
2170.191 400
2171.196 400
2172.200 400
2173.203 400
2174.206 400
2175.211 400
2176.217 400
2177.222 400
2178.225 400
2179.229 400
2180.234 400
2181.236 400
2182.239 400
2183.244 400
2184.249 400
2185.254 400
2186.258 400
2187.261 400
2188.263 400
2189.266 400
2190.268 400
2191.271 400
2192.274 400
2193.279 400
2194.283 400
2195.288 400
2196.293 400
2197.298 400
2198.303 400
2199.309 400
2200.314 400
2201.320 400
2202.324 400
2203.329 400
2204.332 400
2205.336 400
2206.339 400
2207.342 400
2208.344 400
2209.348 400
2210.351 400
2211.354 400
2212.356 400
2213.359 400
2214.362 400
2215.365 400
2216.368 400
2217.371 400
2218.373 400
2219.376 400
2220.379 400
2221.382 400
2222.385 400
2223.388 400
2224.391 400
2225.394 400
2226.396 400
2227.399 400
2228.402 400
2229.405 400
2230.408 400
2231.411 400
2232.414 400
2233.417 400
2234.419 400
2235.422 400
2236.427 400
2237.432 400
2238.439 400
2239.444 400
2240.449 400
2241.454 400
2242.459 400
2243.463 400
2244.467 400
2245.472 400
2246.476 400
2247.481 400
2248.485 400
2249.489 400
2250.493 400
2251.498 400
2252.502 400
2253.509 400
2254.515 400
2255.521 400
2256.527 400
2257.534 400
2258.542 400
2259.549 400
2260.555 400
2261.561 400
2262.566 400
2263.571 400
2264.576 400
2265.581 400
2266.585 400
2267.590 400
2268.591 400
2269.597 400
2270.601 400
2271.605 400
2272.609 400
2273.612 400
2274.617 400
2275.620 400
2276.624 400
2277.627 400
2278.630 400
2279.635 400
2280.641 400
2281.649 400
2282.654 400
2283.661 400
2284.668 400
2285.676 400
2286.684 400
2287.690 400
2288.698 400
2289.704 400
2290.710 400
2291.718 400
2292.726 400
2293.735 400
2294.743 400
2295.748 400
2296.754 400
2297.759 400
2298.765 400
2299.770 400
2300.775 400
2301.780 400
2302.785 400
2303.790 400
2304.795 400
2305.800 400
2306.805 400
2307.811 400
2308.815 400
2309.821 400
2310.826 400
2311.831 400
2312.836 400
2313.841 400
2314.846 400
2315.852 400
2316.857 400
2317.862 400
2318.867 400
2319.872 400
2320.877 400
2321.883 400
2322.887 400
2323.893 400
2324.897 400
2325.903 400
2326.907 400
2327.912 400
2328.916 400
2329.921 400
2330.927 400
2331.932 400
2332.938 400
2333.942 400
2334.946 400
2335.950 400
2336.954 400
2337.959 400
2338.966 400
2339.974 400
2340.982 400
2341.989 400
2342.999 400
2344.006 400
2345.012 400
2346.019 400
2347.025 400
2348.032 400
2349.040 400
2350.049 400
2351.057 400
2352.063 400
2353.071 400
2354.078 400
2355.085 400
2356.093 400
2357.100 400
2358.107 400
2359.113 400
2360.119 400
2361.125 400
2362.131 400
2363.137 400
2364.143 400
2365.148 400
2366.154 400
2367.160 400
2368.166 400
2369.172 400
2370.178 400
2371.183 400
2372.188 400
2373.193 400
2374.199 400
2375.206 400
2376.213 400
2377.219 400
2378.226 400
2379.234 400
2380.240 400
2381.248 400
2382.255 400
2383.263 400
2384.271 400
2385.279 400
2386.284 400
2387.289 400
2388.296 400
2389.304 400
2390.313 400
2391.321 400
2392.329 400
2393.336 400
2394.344 400
2395.352 400
2396.359 400
2397.365 400
2398.373 400
2399.379 400
2400.387 400
2401.396 400
2402.401 400
2403.407 400
2404.413 400
2405.419 400
2406.425 400
2407.430 400
2408.436 400
2409.442 400
2410.448 400
2411.454 400
2412.460 400
2413.465 400
2414.471 400
2415.477 400
2416.486 400
2417.493 400
2418.501 400
2419.510 400
2420.518 400
2421.524 400
2422.532 400
2423.538 400
2424.543 400
2425.548 400
2426.553 400
2427.558 400
2428.563 400
2429.569 400
2430.574 400
2431.579 400
2432.584 400
2433.590 400
2434.595 400
2435.600 400
2436.605 400
2437.610 400
2438.615 400
2439.621 400
2440.626 400
2441.631 400
2442.636 400
2443.642 400
2444.647 400
2445.649 400
2446.651 400
2447.654 400
2448.657 400
2449.660 400
2450.666 400
2451.671 400
2452.675 400
2453.679 400
2454.683 400
2455.687 400
2456.691 400
2457.695 400
2458.699 400
2459.702 400
2460.706 400
2461.710 400
2462.714 400
2463.720 400
2464.725 400
2465.731 400
2466.736 400
2467.740 400
2468.745 400
2469.748 400
2470.752 400
2471.760 400
2472.767 400
2473.773 400
2474.781 400
2475.785 400
2476.790 400
2477.795 400
2478.800 400
2479.806 400
2480.811 400
2481.816 400
2482.821 400
2483.829 400
2484.836 400
2485.843 400
2486.851 400
2487.859 400
2488.866 400
2489.873 400
2490.879 400
2491.885 400
2492.891 400
2493.897 400
2494.902 400
2495.909 400
2496.915 400
2497.920 400
2498.926 400
2499.932 400
2500.937 400
2501.941 400
2502.946 400
2503.950 400
2504.954 400
2505.959 400
2506.964 400
2507.970 400
2508.973 400
2509.976 400
2510.978 400
2511.983 400
2512.989 400
2513.994 400
2515.000 400
2516.008 400
2517.015 400
2518.021 400
2519.026 400
2520.031 400
2521.036 400
2522.041 400
2523.044 400
2524.047 400
2525.055 400
2526.062 400
2527.068 400
2528.076 400
2529.082 400
2530.087 400
2531.091 400
2532.096 400
2533.101 400
2534.106 400
2535.110 400
2536.116 400
2537.123 400
2538.129 400
2539.135 400
2540.141 400
2541.146 400
2542.152 400
2543.157 400
2544.163 400
2545.168 400
2546.174 400
2547.179 400
2548.185 400
2549.190 400
2550.196 400
2551.201 400
2552.206 400
2553.211 400
2554.215 400
2555.219 400
2556.224 400
2557.229 400
2558.233 400
2559.237 400
2560.242 400
2561.247 400
2562.251 400
2563.255 400
2564.260 400
2565.265 400
2566.269 400
2567.271 400
2568.274 400
2569.277 400
2570.279 400
2571.282 400
2572.284 400
2573.288 400
2574.293 400
2575.299 400
2576.304 400
2577.310 400
2578.315 400
2579.321 400
2580.326 400
2581.332 400
2582.337 400
2583.341 400
2584.344 400
2585.348 400
2586.351 400
2587.353 400
2588.355 400
2589.358 400
2590.362 400
2591.367 400
2592.371 400
2593.377 400
2594.385 400
2595.392 400
2596.398 400
2597.405 400
2598.412 400
2599.419 400
2600.426 400
2601.433 400
2602.441 400
2603.448 400
2604.456 400
2605.463 400
2606.467 400
2607.471 400
2608.475 400
2609.479 400
2610.483 400
2611.489 400
2612.494 400
2613.499 400
2614.504 400
2615.509 400
2616.515 400
2617.520 400
2618.522 400
2619.525 400
2620.527 400
2621.530 400
2622.533 400
2623.535 400
2624.538 400
2625.540 400
2626.545 400
2627.550 400
2628.556 400
2629.561 400
2630.566 400
2631.572 400
2632.579 400
2633.584 400
2634.591 400
2635.597 400
2636.604 400
2637.609 400
2638.615 400
2639.621 400
2640.627 400
2641.632 400
2642.637 400
2643.642 400
2644.647 400
2645.652 400
2646.657 400
2647.662 400
2648.667 400
2649.672 400
2650.677 400
2651.682 400
2652.688 400
2653.691 400
2654.696 400
2655.699 400
2656.704 400
2657.709 400
2658.714 400
2659.719 400
2660.724 400
2661.729 400
2662.734 400
2663.739 400
2664.744 400
2665.750 400
2666.756 400
2667.764 400
2668.769 400
2669.774 400
2670.780 400
2671.784 400
2672.789 400
2673.794 400
2674.799 400
2675.804 400
2676.809 400
2677.814 400
2678.819 400
2679.826 400
2680.832 400
2681.840 400
2682.847 400
2683.853 400
2684.860 400
2685.865 400
2686.870 400
2687.875 400
2688.880 400
2689.886 400
2690.892 400
2691.897 400
2692.902 400
2693.906 400
2694.911 400
2695.916 400
2696.921 400
2697.928 400
2698.934 400
2699.940 400
2700.947 400
2701.953 400
2702.959 400
2703.966 400
2704.972 400
2705.979 400
2706.981 400
2707.983 400
2708.986 400
2709.988 400
2710.990 400
2711.993 400
2712.997 400
2714.002 400
2715.007 400
2716.011 400
2717.016 400
2718.020 400
2719.025 400
2720.030 400
2721.035 400
2722.040 400
2723.045 400
2724.050 400
2725.053 400
2726.056 400
2727.059 400
2728.066 400
2729.073 400
2730.080 400
2731.086 400
2732.093 400
2733.099 400
2734.102 400
2735.104 400
2736.106 400
2737.108 400
2738.111 400
2739.113 400
2740.115 400
2741.117 400
2742.120 400
2743.124 400
2744.126 400
2745.130 400
2746.135 400
2747.138 400
2748.144 400
2749.148 400
2750.154 400
2751.158 400
2752.160 400
2753.163 400
2754.166 400
2755.171 400
2756.176 400
2757.182 400
2758.187 400
2759.192 400
2760.200 400
2761.207 400
2762.212 400
2763.215 400
2764.219 400
2765.222 400
2766.224 400
2767.230 400
2768.235 400
2769.240 400
2770.245 400
2771.250 400
2772.255 400
2773.260 400
2774.265 400
2775.271 400
2776.273 400
2777.278 400
2778.282 400
2779.286 400
2780.290 400
2781.293 400
2782.297 400
2783.302 400
2784.309 400
2785.317 400
2786.323 400
2787.329 400
2788.337 400
2789.344 400
2790.351 400
2791.359 400
2792.366 400
2793.372 400
2794.376 400
2795.380 400
2796.385 400
2797.389 400
2798.393 400
2799.398 400
2800.402 400
2801.407 400
2802.411 400
2803.414 400
2804.417 400
2805.420 400
2806.424 400
2807.429 400
2808.434 400
2809.439 400
2810.444 400
2811.448 400
2812.453 400
2813.458 400
2814.463 400
2815.465 400
2816.471 400
2817.480 400
2818.481 400
2819.483 400
2820.486 400
2821.487 400
2822.489 400
2823.495 400
2824.502 400
2825.508 400
2826.514 400
2827.518 400
2828.520 400
2829.523 400
2830.525 400
2831.529 400
2832.534 400
2833.540 400
2834.545 400
2835.552 400
2836.559 400
2837.566 400
2838.573 400
2839.581 400
2840.588 400
2841.595 400
2842.602 400
2843.606 400
2844.610 400
2845.613 400
2846.616 400
2847.620 400
2848.623 400
2849.625 400
2850.628 400
2851.632 400
2852.635 400
2853.638 400
2854.641 400
2855.644 400
2856.647 400
2857.650 400
2858.652 400
2859.655 400
2860.657 400
2861.660 400
2862.663 400
2863.666 400
2864.668 400
2865.671 400
2866.674 400
2867.677 400
2868.679 400
2869.682 400
2870.684 400
2871.687 400
2872.690 400
2873.693 400
2874.695 400
2875.698 400
2876.700 400
2877.703 400
2878.705 400
2879.708 400
2880.711 400
2881.713 400
2882.716 400
2883.719 400
2884.721 400
2885.724 400
2886.726 400
2887.730 400
2888.734 400
2889.739 400
2890.744 400
2891.750 400
2892.753 400
2893.756 400
2894.758 400
2895.761 400
2896.764 400
2897.767 400
2898.785 400
2899.788 400
2900.792 400
2901.799 400
2902.803 400
2903.807 400
2904.812 400
2905.818 400
2906.823 400
2907.827 400
2908.833 400
2909.836 400
2910.839 400
2911.842 400
2912.846 400
2913.850 400
2914.856 400
2915.862 400
2916.868 400
2917.873 400
2918.877 400
2919.879 400
2920.882 400
2921.884 400
2922.885 400
2923.888 400
2924.892 400
2925.897 400
2926.902 400
2927.908 400
2928.913 400
2929.917 400
2930.921 400
2931.927 400
2932.933 400
2933.939 400
2934.947 400
2935.952 400
2936.957 400
2937.960 400
2938.964 400
2939.970 400
2940.976 400
2941.980 400
2942.986 400
2943.989 400
2944.992 400
2945.996 400
2946.999 400
2948.003 400
2949.009 400
2950.014 400
2951.021 400
2952.026 400
2953.032 400
2954.036 400
2955.041 400
2956.044 400
2957.049 400
2958.054 400
2959.057 400
2960.059 400
2961.062 400
2962.065 400
2963.083 400
2964.091 400
2965.098 400
2966.106 400
2967.113 400
2968.120 400
2969.127 400
2970.135 400
2971.142 400
2972.149 400
2973.155 400
2974.160 400
2975.165 400
2976.170 400
2977.173 400
2978.176 400
2979.178 400
2980.180 400
2981.182 400
2982.185 400
2983.187 400
2984.190 400
2985.193 400
2986.198 400
2987.204 400
2988.209 400
2989.216 400
2990.223 400
2991.230 400
2992.238 400
2993.244 400
2994.251 400
2995.258 400
2996.261 400
2997.266 400
2998.271 400
2999.276 400
3000.281 400
3001.286 400
3002.291 400
3003.295 400
3004.300 400
3005.306 400
3006.309 400
3007.312 400
3008.315 400
3009.316 400
3010.317 400
3011.319 400
3012.321 400
3013.322 400
3014.324 400
3015.325 400
3016.327 400
3017.329 400
3018.332 400
3019.338 400
3020.342 400
3021.343 400
3022.346 400
3023.351 400
3024.354 400
3025.355 400
3026.357 400
3027.359 400
3028.361 400
3029.363 400
3030.365 400
3031.366 400
3032.368 400
3033.370 400
3034.374 400
3035.377 400
3036.380 400
3037.385 400
3038.390 400
3039.393 400
3040.401 400
3041.406 400
3042.413 400
3043.419 400
3044.426 400
3045.429 400
3046.432 400
3047.437 400
3048.442 400
3049.448 400
3050.453 400
3051.459 400
3052.465 400
3053.468 400
3054.471 400
3055.475 400
3056.479 400
3057.482 400
3058.488 400
3059.494 400
3060.500 400
3061.506 400
3062.512 400
3063.518 400
3064.525 400
3065.531 400
3066.537 400
3067.543 400
3068.548 400
3069.554 400
3070.560 400
3071.565 400
3072.570 400
3073.572 400
3074.574 400
3075.576 400
3076.579 400
3077.581 400
3078.584 400
3079.586 400
3080.589 400
3081.592 400
3082.595 400
3083.600 400
3084.605 400
3085.610 400
3086.615 400
3087.619 400
3088.625 400
3089.629 400
3090.635 400
3091.640 400
3092.645 400
3093.647 400
3094.651 400
3095.654 400
3096.656 400
3097.658 400
3098.660 400
3099.663 400
3100.665 400
3101.670 400
3102.676 400
3103.681 400
3104.687 400
3105.692 400
3106.700 400
3107.707 400
3108.715 400
3109.723 400
3110.729 400
3111.736 400
3112.744 400
3113.750 400
3114.757 400
3115.763 400
3116.770 400
3117.777 400
3118.784 400
3119.790 400
3120.795 400
3121.801 400
3122.806 400
3123.810 400
3124.813 400
3125.816 400
3126.819 400
3127.821 400
3128.824 400
3129.827 400
3130.830 400
3131.833 400
3132.838 400
3133.843 400
3134.846 400
3135.850 400
3136.854 400
3137.858 400
3138.865 400
3139.870 400
3140.875 400
3141.877 400
3142.881 400
3143.886 400
3144.891 400
3145.896 400
3146.900 400
3147.905 400
3148.909 400
3149.914 400
3150.918 400
3151.923 400
3152.927 400
3153.932 400
3154.936 400
3155.940 400
3156.945 400
3157.951 400
3158.956 400
3159.961 400
3160.966 400
3161.970 400
3162.973 400
3163.977 400
3164.981 400
3165.986 400
3166.990 400
3167.994 400
3168.999 400
3170.004 400
3171.009 400
3172.014 400
3173.019 400
3174.024 400
3175.029 400
3176.034 400
3177.038 400
3178.040 400
3179.045 400
3180.050 400
3181.055 400
3182.061 400
3183.068 400
3184.075 400
3185.082 400
3186.089 400
3187.095 400
3188.100 400
3189.104 400
3190.109 400
3191.112 400
3192.114 400
3193.119 400
3194.126 400
3195.132 400
3196.139 400
3197.145 400
3198.150 400
3199.154 400
3200.155 400
3201.162 400
3202.169 400
3203.173 400
3204.178 400
3205.183 400
3206.189 400
3207.195 400
3208.201 400
3209.205 400
3210.207 400
3211.209 400
3212.212 400
3213.216 400
3214.222 400
3215.228 400
3216.234 400
3217.239 400
3218.246 400
3219.253 400
3220.260 400
3221.267 400
3222.273 400
3223.279 400
3224.283 400
3225.288 400
3226.293 400
3227.295 400
3228.304 400
3229.309 400
3230.313 400
3231.318 400
3232.323 400
3233.328 400
3234.333 400
3235.338 400
3236.343 400
3237.347 400
3238.352 400
3239.357 400
3240.363 400
3241.369 400
3242.374 400
3243.379 400
3244.385 400
3245.390 400
3246.395 400
3247.400 400
3248.406 400
3249.412 400
3250.417 400
3251.422 400
3252.427 400
3253.432 400
3254.438 400
3255.443 400
3256.448 400
3257.452 400
3258.458 400
3259.463 400
3260.468 400
3261.473 400
3262.478 400
3263.482 400
3264.487 400
3265.493 400
3266.498 400
3267.503 400
3268.509 400
3269.514 400
3270.520 400
3271.525 400
3272.530 400
3273.535 400
3274.541 400
3275.546 400
3276.552 400
3277.557 400
3278.563 400
3279.568 400
3280.572 400
3281.577 400
3282.582 400
3283.586 400
3284.590 400
3285.595 400
3286.600 400
3287.604 400
3288.609 400
3289.614 400
3290.619 400
3291.624 400
3292.629 400
3293.635 400
3294.640 400
3295.646 400
3296.652 400
3297.656 400
3298.659 400
3299.664 400
3300.672 400
3301.679 400
3302.687 400
3303.694 400
3304.700 400
3305.706 400
3306.711 400
3307.716 400
3308.721 400
3309.727 400
3310.732 400
3311.735 400
3312.737 400
3313.740 400
3314.742 400
3315.746 400
3316.749 400
3317.754 400
3318.758 400
3319.760 400
3320.763 400
3321.768 400
3322.776 400
3323.783 400
3324.789 400
3325.795 400
3326.801 400
3327.807 400
3328.814 400
3329.820 400
3330.827 400
3331.831 400
3332.836 400
3333.841 400
3334.843 400
3335.845 400
3336.850 400
3337.853 400
3338.856 400
3339.862 400
3340.867 400
3341.869 400
3342.873 400
3343.878 400
3344.882 400
3345.886 400
3346.888 400
3347.891 400
3348.895 400
3349.899 400
3350.903 400
3351.907 400
3352.912 400
3353.917 400
3354.923 400
3355.929 400
3356.934 400
3357.940 400
3358.945 400
3359.951 400
3360.956 400
3361.962 400
3362.968 400
3363.974 400
3364.980 400
3365.985 400
3366.990 400
3367.996 400
3369.002 400
3370.007 400
3371.012 400
3372.017 400
3373.023 400
3374.029 400
3375.035 400
3376.039 400
3377.043 400
3378.048 400
3379.051 400
3380.054 400
3381.057 400
3382.060 400
3383.062 400
3384.065 400
3385.068 400
3386.071 400
3387.073 400
3388.076 400
3389.079 400
3390.083 400
3391.089 400
3392.095 400
3393.100 400
3394.106 400
3395.111 400
3396.117 400
3397.122 400
3398.127 400
3399.132 400
3400.137 400
3401.142 400
3402.147 400
3403.153 400
3404.158 400
3405.165 400
3406.171 400
3407.177 400
3408.183 400
3409.189 400
3410.196 400
3411.202 400
3412.208 400
3413.214 400
3414.220 400
3415.307 400
3416.314 400
3417.321 400
3418.329 400
3419.334 400
3420.341 400
3421.348 400
3422.356 400
3423.362 400
3424.367 400
3425.373 400
3426.379 400
3427.384 400
3428.391 400
3429.398 400
3430.406 400
3431.413 400
3432.421 400
3433.427 400
3434.436 400
3435.445 400
3436.451 400
3437.458 400
3438.465 400
3439.473 400
3440.481 400
3441.489 400
3442.497 400
3443.505 400
3444.512 400
3445.519 400
3446.526 400
3447.531 400
3448.536 400
3449.542 400
3450.547 400
3451.553 400
3452.558 400
3453.564 400
3454.569 400
3455.574 400
3456.580 400
3457.585 400
3458.588 400
3459.592 400
3460.596 400
3461.600 400
3462.604 400
3463.613 400
3464.621 400
3465.627 400
3466.631 400
3467.635 400
3468.639 400
3469.644 400
3470.647 400
3471.651 400
3472.656 400
3473.661 400
3474.666 400
3475.673 400
3476.680 400
3477.688 400
3478.694 400
3479.699 400
3480.706 400
3481.711 400
3482.719 400
3483.725 400
3484.730 400
3485.736 400
3486.742 400
3487.748 400
3488.753 400
3489.758 400
3490.763 400
3491.768 400
3492.773 400
3493.779 400
3494.784 400
3495.790 400
3496.795 400
3497.800 400
3498.805 400
3499.814 400
3500.819 400
3501.825 400
3502.831 400
3503.837 400
3504.843 400
3505.849 400
3506.854 400
3507.860 400
3508.866 400
3509.873 400
3510.879 400
3511.885 400
3512.891 400
3513.897 400
3514.903 400
3515.909 400
3516.915 400
3517.921 400
3518.927 400
3519.933 400
3520.939 400
3521.945 400
3522.951 400
3523.957 400
3524.964 400
3525.970 400
3526.976 400
3527.983 400
3528.989 400
3529.995 400
3531.001 400
3532.007 400
3533.013 400
3534.019 400
3535.025 400
3536.031 400
3537.037 400
3538.043 400
3539.049 400
3540.055 400
3541.061 400
3542.067 400
3543.073 400
3544.079 400
3545.085 400
3546.091 400
3547.097 400
3548.103 400
3549.109 400
3550.116 400
3551.122 400
3552.128 400
3553.134 400
3554.140 400
3555.146 400
3556.152 400
3557.158 400
3558.164 400
3559.170 400
3560.176 400
3561.182 400
3562.188 400
3563.193 400
3564.199 400
3565.205 400
3566.211 400
3567.217 400
3568.223 400
3569.230 400
3570.236 400
3571.242 400
3572.248 400
3573.254 400
3574.260 400
3575.266 400
3576.272 400
3577.278 400
3578.283 400
3579.289 400
3580.295 400
3581.302 400
3582.307 400
3583.313 400
3584.319 400
3585.325 400
3586.331 400
3587.337 400
3588.344 400
3589.350 400
3590.356 400
3591.362 400
3592.368 400
3593.374 400
3594.380 400
3595.386 400
3596.392 400
3597.398 400
3598.404 400
3599.410 400
3600.416 400
3601.422 400
3602.428 400
3603.434 400
3604.440 400
3605.446 400
3606.452 400
3607.458 400
3608.464 400
3609.470 400
3610.476 400
3611.482 400
3612.488 400
3613.494 400
3614.500 400
3615.507 400
3616.512 400
3617.518 400
3618.524 400
3619.530 400
3620.536 400
3621.542 400
3622.549 400
3623.554 400
3624.560 400
3625.566 400
3626.572 400
3627.578 400
3628.584 400
3629.591 400
3630.597 400
3631.603 400
3632.609 400
3633.615 400
3634.621 400
3635.627 400
3636.633 400
3637.639 400
3638.645 400
3639.651 400
3640.657 400
3641.662 400
3642.665 400
3643.667 400
3644.670 400
3645.673 400
3646.676 400
3647.679 400
3648.682 400
3649.687 400
3650.692 400
3651.697 400
3652.701 400
3653.707 400
3654.712 400
3655.717 400
3656.722 400
3657.727 400
3658.732 400
3659.737 400
3660.742 400
3661.747 400
3662.752 400
3663.757 400
3664.763 400
3665.769 400
3666.774 400
3667.781 400
3668.786 400
3669.792 400
3670.798 400
3671.804 400
3672.810 400
3673.814 400
3674.818 400
3675.825 400
3676.831 400
3677.837 400
3678.843 400
3679.849 400
3680.854 400
3681.860 400
3682.867 400
3683.873 400
3684.879 400
3685.885 400
3686.891 400
3687.897 400
3688.903 400
3689.909 400
3690.915 400
3691.921 400
3692.927 400
3693.933 400
3694.939 400
3695.946 400
3696.952 400
3697.958 400
3698.964 400
3699.970 400
3700.976 400
3701.981 400
3702.988 400
3703.994 400
3705.000 400
3706.006 400
3707.011 400
3708.017 400
3709.101 400
3710.109 400
3711.116 400
3712.123 400
3713.129 400
3714.135 400
3715.140 400
3716.146 400
3717.152 400
3718.157 400
3719.161 400
3720.165 400
3721.170 400
3722.174 400
3723.177 400
3724.183 400
3725.188 400
3726.192 400
3727.197 400
3728.202 400
3729.206 400
3730.209 400
3731.213 400
3732.217 400
3733.222 400
3734.227 400
3735.231 400
3736.236 400
3737.241 400
3738.246 400
3739.253 400
3740.260 400
3741.264 400
3742.270 400
3743.275 400
3744.280 400
3745.285 400
3746.291 400
3747.299 400
3748.306 400
3749.313 400
3750.320 400
3751.328 400
3752.335 400
3753.344 400
3754.352 400
3755.359 400
3756.365 400
3757.369 400
3758.374 400
3759.378 400
3760.383 400
3761.388 400
3762.393 400
3763.398 400
3764.402 400
3765.407 400
3766.412 400
3767.417 400
3768.421 400
3769.427 400
3770.431 400
3771.435 400
3772.439 400
3773.444 400
3774.450 400
3775.455 400
3776.462 400
3777.472 400
3778.478 400
3779.483 400
3780.488 400
3781.493 400
3782.498 400
3783.504 400
3784.509 400
3785.514 400
3786.520 400
3787.525 400
3788.531 400
3789.536 400
3790.542 400
3791.547 400
3792.552 400
3793.557 400
3794.563 400
3795.568 400
3796.573 400
3797.579 400
3798.584 400
3799.592 400
3800.599 400
3801.604 400
3802.609 400
3803.615 400
3804.620 400
3805.625 400
3806.630 400
3807.637 400
3808.645 400
3809.654 400
3810.662 400
3811.670 400
3812.677 400
3813.683 400
3814.688 400
3815.693 400
3816.698 400
3817.704 400
3818.708 400
3819.713 400
3820.719 400
3821.723 400
3822.728 400
3823.744 400
3824.749 400
3825.754 400
3826.760 400
3827.765 400
3828.770 400
3829.773 400
3830.777 400
3831.780 400
3832.784 400
3833.788 400
3834.793 400
3835.800 400
3836.806 400
3837.812 400
3838.818 400
3839.824 400
3840.830 400
3841.836 400
3842.842 400
3843.848 400
3844.854 400
3845.859 400
3846.864 400
3847.869 400
3848.875 400
3849.880 400
3850.888 400
3851.894 400
3852.899 400
3853.905 400
3854.911 400
3855.917 400
3856.923 400
3857.927 400
3858.931 400
3859.934 400
3860.938 400
3861.944 400
3862.949 400
3863.955 400
3864.961 400
3865.967 400
3866.973 400
3867.979 400
3868.984 400
3869.990 400
3870.995 400
3871.999 400
3873.002 400
3874.007 400
3875.010 400
3876.016 400
3877.021 400
3878.025 400
3879.030 400
3880.034 400
3881.038 400
3882.042 400
3883.046 400
3884.050 400
3885.055 400
3886.059 400
3887.063 400
3888.068 400
3889.072 400
3890.076 400
3891.081 400
3892.085 400
3893.088 400
3894.092 400
3895.096 400
3896.101 400
3897.109 400
3898.116 400
3899.124 400
3900.131 400
3901.140 400
3902.146 400
3903.151 400
3904.157 400
3905.162 400
3906.166 400
3907.169 400
3908.174 400
3909.178 400
3910.182 400
3911.186 400
3912.191 400
3913.196 400
3914.202 400
3915.207 400
3916.210 400
3917.214 400
3918.217 400
3919.220 400
3920.223 400
3921.227 400
3922.234 400
3923.239 400
3924.245 400
3925.250 400
3926.255 400
3927.260 400
3928.265 400
3929.271 400
3930.276 400
3931.281 400
3932.288 400
3933.296 400
3934.302 400
3935.310 400
3936.316 400
3937.323 400
3938.330 400
3939.336 400
3940.344 400
3941.350 400
3942.355 400
3943.360 400
3944.366 400
3945.371 400
3946.377 400
3947.384 400
3948.390 400
3949.393 400
3950.397 400
3951.400 400
3952.404 400
3953.408 400
3954.411 400
3955.417 400
3956.422 400
3957.428 400
3958.433 400
3959.436 400
3960.439 400
3961.443 400
3962.445 400
3963.448 400
3964.454 400
3965.459 400
3966.465 400
3967.471 400
3968.476 400
3969.481 400
3970.486 400
3971.490 400
3972.494 400
3973.499 400
3974.503 400
3975.508 400
3976.512 400
3977.517 400
3978.521 400
3979.525 400
3980.530 400
3981.534 400
3982.538 400
3983.542 400
3984.545 400
3985.549 400
3986.553 400
3987.558 400
3988.563 400
3989.569 400
3990.574 400
3991.579 400
3992.584 400
3993.590 400
3994.595 400
3995.600 400
3996.606 400
3997.610 400
3998.615 400
3999.620 400
4000.625 400
4001.631 400
4002.636 400
4003.642 400
4004.647 400
4005.652 400
4006.657 400
4007.661 400
4008.665 400
4009.668 400
4010.672 400
4011.676 400
4012.680 400
4013.684 400
4014.688 400
4015.691 400
4016.696 400
4017.700 400
4018.705 400
4019.710 400
4020.716 400
4021.720 400
4022.726 400
4023.730 400
4024.735 400
4025.739 400
4026.743 400
4027.747 400
4028.752 400
4029.757 400
4030.761 400
4031.766 400
4032.771 400
4033.776 400
4034.781 400
4035.785 400
4036.790 400
4037.795 400
4038.800 400
4039.804 400
4040.808 400
4041.811 400
4042.815 400
4043.820 400
4044.823 400
4045.828 400
4046.832 400
4047.837 400
4048.841 400
4049.846 400
4050.851 400
4051.856 400
4052.861 400
4053.867 400
4054.873 400
4055.879 400
4056.885 400
4057.890 400
4058.896 400
4059.901 400
4060.906 400
4061.908 400
4062.912 400
4063.915 400
4064.917 400
4065.920 400
4066.923 400
4067.926 400
4068.931 400
4069.937 400
4070.941 400
4071.946 400
4072.950 400
4073.954 400
4074.959 400
4075.964 400
4076.969 400
4077.974 400
4078.979 400
4079.986 400
4080.991 400
4081.997 400
4083.003 400
4084.009 400
4085.014 400
4086.020 400
4087.025 400
4088.031 400
4089.036 400
4090.042 400
4091.047 400
4092.052 400
4093.056 400
4094.060 400
4095.063 400
4096.068 400
4097.073 400
4098.078 400
4099.082 400
4100.086 400
4101.091 400
4102.096 400
4103.102 400
4104.106 400
4105.112 400
4106.118 400
4107.123 400
4108.128 400
4109.133 400
4110.139 400
4111.145 400
4112.149 400
4113.154 400
4114.158 400
4115.162 400
4116.167 400
4117.171 400
4118.175 400
4119.180 400
4120.185 400
4121.189 400
4122.193 400
4123.199 400
4124.203 400
4125.208 400
4126.212 400
4127.217 400
4128.221 400
4129.226 400
4130.230 400
4131.235 400
4132.240 400
4133.244 400
4134.251 400
4135.256 400
4136.262 400
4137.268 400
4138.271 400
4139.276 400
4140.282 400
4141.287 400
4142.292 400
4143.297 400
4144.302 400
4145.308 400
4146.312 400
4147.317 400
4148.323 400
4149.329 400
4150.334 400
4151.340 400
4152.345 400
4153.349 400
4154.353 400
4155.357 400
4156.362 400
4157.365 400
4158.368 400
4159.370 400
4160.372 400
4161.378 400
4162.383 400
4163.386 400
4164.390 400
4165.396 400
4166.401 400
4167.405 400
4168.410 400
4169.415 400
4170.419 400
4171.421 400
4172.422 400
4173.425 400
4174.430 400
4175.435 400
4176.439 400
4177.444 400
4178.448 400
4179.453 400
4180.460 400
4181.463 400
4182.465 400
4183.469 400
4184.470 400
4185.473 400
4186.478 400
4187.481 400
4188.485 400
4189.492 400
4190.498 400
4191.502 400
4192.505 400
4193.510 400
4194.514 400
4195.518 400
4196.521 400
4197.525 400
4198.529 400
4199.534 400
4200.537 400
4201.540 400
4202.543 400
4203.545 400
4204.550 400
4205.556 400
4206.561 400
4207.566 400
4208.572 400
4209.578 400
4210.581 400
4211.587 400
4212.591 400
4213.596 400
4214.602 400
4215.606 400
4216.612 400
4217.618 400
4218.622 400
4219.628 400
4220.633 400
4221.638 400
4222.643 400
4223.648 400
4224.653 400
4225.659 400
4226.665 400
4227.669 400
4228.673 400
4229.676 400
4230.679 400
4231.682 400
4232.685 400
4233.688 400
4234.691 400
4235.694 400
4236.697 400
4237.700 400
4238.735 400
4239.738 400
4240.741 400
4241.744 400
4242.747 400
4243.750 400
4244.756 400
4245.761 400
4246.765 400
4247.770 400
4248.773 400
4249.778 400
4250.782 400
4251.786 400
4252.790 400
4253.793 400
4254.798 400
4255.802 400
4256.806 400
4257.810 400
4258.813 400
4259.817 400
4260.821 400
4261.826 400
4262.829 400
4263.833 400
4264.836 400
4265.838 400
4266.841 400
4267.845 400
4268.850 400
4269.855 400
4270.860 400
4271.865 400
4272.870 400
4273.876 400
4274.882 400
4275.887 400
4276.891 400
4277.896 400
4278.900 400
4279.902 400
4280.905 400
4281.908 400
4282.910 400
4283.913 400
4284.918 400
4285.925 400
4286.928 400
4287.931 400
4288.935 400
4289.939 400
4290.943 400
4291.947 400
4292.950 400
4293.956 400
4294.960 400
4295.966 400
4296.972 400
4297.977 400
4298.982 400
4299.988 400
4300.994 400
4301.999 400
4303.004 400
4304.009 400
4305.015 400
4306.020 400
4307.024 400
4308.027 400
4309.032 400
4310.038 400
4311.044 400
4312.048 400
4313.054 400
4314.059 400
4315.066 400
4316.072 400
4317.076 400
4318.080 400
4319.085 400
4320.087 400
4321.092 400
4322.098 400
4323.104 400
4324.109 400
4325.115 400
4326.121 400
4327.126 400
4328.131 400
4329.136 400
4330.142 400
4331.146 400
4332.151 400
4333.156 400
4334.161 400
4335.166 400
4336.171 400
4337.177 400
4338.183 400
4339.188 400
4340.192 400
4341.198 400
4342.203 400
4343.208 400
4344.212 400
4345.218 400
4346.224 400
4347.229 400
4348.234 400
4349.239 400
4350.244 400
4351.249 400
4352.253 400
4353.258 400
4354.262 400
4355.267 400
4356.271 400
4357.274 400
4358.278 400
4359.282 400
4360.287 400
4361.292 400
4362.296 400
4363.301 400
4364.306 400
4365.311 400
4366.314 400
4367.317 400
4368.321 400
4369.324 400
4370.328 400
4371.333 400
4372.335 400
4373.338 400
4374.341 400
4375.345 400
4376.348 400
4377.351 400
4378.354 400
4379.359 400
4380.364 400
4381.369 400
4382.374 400
4383.380 400
4384.385 400
4385.390 400
4386.395 400
4387.400 400
4388.405 400
4389.410 400
4390.416 400
4391.421 400
4392.426 400
4393.432 400
4394.438 400
4395.443 400
4396.449 400
4397.455 400
4398.461 400
4399.466 400
4400.472 400
4401.478 400
4402.483 400
4403.489 400
4404.495 400
4405.501 400
4406.506 400
4407.512 400
4408.518 400
4409.524 400
4410.527 400
4411.531 400
4412.535 400
4413.539 400
4414.543 400
4415.545 400
4416.547 400
4417.550 400
4418.553 400
4419.557 400
4420.561 400
4421.566 400
4422.571 400
4423.577 400
4424.581 400
4425.585 400
4426.591 400
4427.595 400
4428.600 400
4429.606 400
4430.613 400
4431.620 400
4432.625 400
4433.631 400
4434.637 400
4435.639 400
4436.642 400
4437.643 400
4438.646 400
4439.646 400
4440.650 400
4441.652 400
4442.654 400
4443.656 400
4444.658 400
4445.663 400
4446.667 400
4447.671 400
4448.676 400
4449.682 400
4450.687 400
4451.692 400
4452.697 400
4453.702 400
4454.707 400
4455.712 400
4456.716 400
4457.720 400
4458.724 400
4459.730 400
4460.736 400
4461.740 400
4462.745 400
4463.748 400
4464.750 400
4465.755 400
4466.760 400
4467.767 400
4468.773 400
4469.778 400
4470.785 400
4471.789 400
4472.793 400
4473.798 400
4474.803 400
4475.807 400
4476.812 400
4477.816 400
4478.821 400
4479.826 400
4480.830 400
4481.834 400
4482.838 400
4483.843 400
4484.848 400
4485.852 400
4486.855 400
4487.858 400
4488.861 400
4489.866 400
4490.870 400
4491.875 400
4492.880 400
4493.885 400
4494.891 400
4495.896 400
4496.900 400
4497.906 400
4498.912 400
4499.917 400
4500.923 400
4501.928 400
4502.934 400
4503.939 400
4504.945 400
4505.950 400
4506.956 400
4507.961 400
4508.966 400
4509.971 400
4510.977 400
4511.981 400
4512.987 400
4513.992 400
4514.997 400
4516.002 400
4517.009 400
4518.014 400
4519.021 400
4520.026 400
4521.032 400
4522.037 400
4523.044 400
4524.048 400
4525.054 400
4526.060 400
4527.066 400
4528.072 400
4529.078 400
4530.083 400
4531.087 400
4532.090 400
4533.092 400
4534.094 400
4535.097 400
4536.100 400
4537.103 400
4538.104 400
4539.107 400
4540.109 400
4541.112 400
4542.114 400
4543.117 400
4544.119 400
4545.122 400
4546.125 400
4547.129 400
4548.134 400
4549.139 400
4550.145 400
4551.150 400
4552.156 400
4553.162 400
4554.167 400
4555.173 400
4556.180 400
4557.186 400
4558.192 400
4559.198 400
4560.203 400
4561.208 400
4562.212 400
4563.217 400
4564.221 400
4565.223 400
4566.226 400
4567.229 400
4568.232 400
4569.235 400
4570.238 400
4571.241 400
4572.244 400
4573.247 400
4574.250 400
4575.252 400
4576.258 400
4577.263 400
4578.268 400
4579.273 400
4580.278 400
4581.284 400
4582.290 400
4583.294 400
4584.299 400
4585.304 400
4586.309 400
4587.314 400
4588.319 400
4589.324 400
4590.328 400
4591.332 400
4592.335 400
4593.340 400
4594.343 400
4595.347 400
4596.351 400
4597.354 400
4598.358 400
4599.361 400
4600.366 400
4601.370 400
4602.375 400
4603.379 400
4604.384 400
4605.388 400
4606.392 400
4607.396 400
4608.397 400
4609.400 400
4610.402 400
4611.404 400
4612.406 400
4613.409 400
4614.411 400
4615.416 400
4616.423 400
4617.429 400
4618.436 400
4619.441 400
4620.446 400
4621.452 400
4622.458 400
4623.475 400
4624.480 400
4625.486 400
4626.491 400
4627.497 400
4628.501 400
4629.507 400
4630.512 400
4631.517 400
4632.521 400
4633.525 400
4634.531 400
4635.536 400
4636.539 400
4637.544 400
4638.548 400
4639.550 400
4640.553 400
4641.554 400
4642.556 400
4643.558 400
4644.560 400
4645.562 400
4646.563 400
4647.565 400
4648.568 400
4649.571 400
4650.573 400
4651.575 400
4652.578 400
4653.580 400
4654.583 400
4655.588 400
4656.593 400
4657.600 400
4658.605 400
4659.610 400
4660.615 400
4661.620 400
4662.622 400
4663.625 400
4664.627 400
4665.630 400
4666.635 400
4667.639 400
4668.644 400
4669.649 400
4670.655 400
4671.660 400
4672.665 400
4673.670 400
4674.674 400
4675.679 400
4676.685 400
4677.690 400
4678.695 400
4679.701 400
4680.706 400
4681.711 400
4682.716 400
4683.721 400
4684.726 400
4685.732 400
4686.739 400
4687.744 400
4688.748 400
4689.750 400
4690.752 400
4691.754 400
4692.757 400
4693.759 400
4694.761 400
4695.766 400
4696.772 400
4697.777 400
4698.782 400
4699.787 400
4700.793 400
4701.798 400
4702.804 400
4703.810 400
4704.815 400
4705.821 400
4706.827 400
4707.832 400
4708.835 400
4709.841 400
4710.847 400
4711.852 400
4712.858 400
4713.863 400
4714.865 400
4715.870 400
4716.875 400
4717.880 400
4718.887 400
4719.893 400
4720.898 400
4721.903 400
4722.907 400
4723.913 400
4724.918 400
4725.924 400
4726.926 400
4727.932 400
4728.934 400
4729.936 400
4730.939 400
4731.941 400
4732.946 400
4733.952 400
4734.957 400
4735.959 400
4736.961 400
4737.964 400
4738.968 400
4739.971 400
4740.974 400
4741.977 400
4742.979 400
4743.982 400
4744.984 400
4745.987 400
4746.990 400
4747.992 400
4748.994 400
4750.000 400
4751.006 400
4752.011 400
4753.017 400
4754.022 400
4755.027 400
4756.032 400
4757.038 400
4758.043 400
4759.048 400
4760.052 400
4761.056 400
4762.062 400
4763.066 400
4764.071 400
4765.077 400
4766.082 400
4767.086 400
4768.091 400
4769.095 400
4770.101 400
4771.105 400
4772.110 400
4773.115 400
4774.120 400
4775.125 400
4776.129 400
4777.134 400
4778.140 400
4779.145 400
4780.150 400
4781.155 400
4782.160 400
4783.165 400
4784.170 400
4785.175 400
4786.180 400
4787.185 400
4788.190 400
4789.196 400
4790.201 400
4791.206 400
4792.210 400
4793.216 400
4794.221 400
4795.227 400
4796.231 400
4797.238 400
4798.242 400
4799.247 400
4800.251 400
4801.257 400
4802.264 400
4803.270 400
4804.275 400
4805.282 400
4806.288 400
4807.293 400
4808.300 400
4809.306 400
4810.312 400
4811.318 400
4812.324 400
4813.330 400
4814.336 400
4815.342 400
4816.349 400
4817.354 400
4818.360 400
4819.367 400
4820.373 400
4821.379 400
4822.385 400
4823.391 400
4824.396 400
4825.400 400
4826.405 400
4827.409 400
4828.414 400
4829.418 400
4830.424 400
4831.428 400
4832.433 400
4833.437 400
4834.441 400
4835.445 400
4836.450 400
4837.455 400
4838.458 400
4839.463 400
4840.468 400
4841.472 400
4842.477 400
4843.481 400
4844.485 400
4845.489 400
4846.493 400
4847.497 400
4848.501 400
4849.506 400
4850.510 400
4851.515 400
4852.520 400
4853.524 400
4854.529 400
4855.535 400
4856.540 400
4857.544 400
4858.549 400
4859.555 400
4860.560 400
4861.565 400
4862.571 400
4863.575 400
4864.579 400
4865.584 400
4866.589 400
4867.593 400
4868.598 400
4869.602 400
4870.606 400
4871.610 400
4872.613 400
4873.616 400
4874.619 400
4875.624 400
4876.628 400
4877.632 400
4878.638 400
4879.642 400
4880.647 400
4881.653 400
4882.658 400
4883.663 400
4884.668 400
4885.674 400
4886.680 400
4887.686 400
4888.691 400
4889.696 400
4890.702 400
4891.708 400
4892.713 400
4893.720 400
4894.726 400
4895.731 400
4896.736 400
4897.740 400
4898.746 400
4899.752 400
4900.758 400
4901.764 400
4902.770 400
4903.775 400
4904.781 400
4905.785 400
4906.790 400
4907.795 400
4908.801 400
4909.807 400
4910.812 400
4911.818 400
4912.823 400
4913.829 400
4914.834 400
4915.838 400
4916.843 400
4917.849 400
4918.853 400
4919.859 400
4920.864 400
4921.867 400
4922.872 400
4923.877 400
4924.882 400
4925.886 400
4926.890 400
4927.895 400
4928.900 400
4929.904 400
4930.909 400
4931.915 400
4932.920 400
4933.925 400
4934.930 400
4935.935 400
4936.938 400
4937.943 400
4938.948 400
4939.952 400
4940.957 400
4941.962 400
4942.968 400
4943.972 400
4944.978 400
4945.984 400
4946.989 400
4947.994 400
4949.000 400
4950.005 400
4951.010 400
4952.016 400
4953.021 400
4954.026 400
4955.031 400
4956.034 400
4957.041 400
4958.045 400
4959.051 400
4960.055 400
4961.061 400
4962.066 400
4963.071 400
4964.076 400
4965.081 400
4966.085 400
4967.089 400
4968.095 400
4969.102 400
4970.107 400
4971.112 400
4972.116 400
4973.122 400
4974.127 400
4975.131 400
4976.135 400
4977.142 400
4978.146 400
4979.151 400
4980.157 400
4981.162 400
4982.167 400
4983.172 400
4984.176 400
4985.181 400
4986.187 400
4987.193 400
4988.199 400
4989.205 400
4990.212 400
4991.216 400
4992.220 400
4993.225 400
4994.229 400
4995.233 400
4996.238 400
4997.243 400
4998.248 400
4999.252 400
5000.257 400
5001.262 400
5002.267 400
5003.271 400
5004.276 400
5005.280 400
5006.285 400
5007.289 400
5008.293 400
5009.297 400
5010.300 400
5011.303 400
5012.308 400
5013.313 400
5014.318 400
5015.324 400
5016.329 400
5017.335 400
5018.340 400
5019.346 400
5020.351 400
5021.356 400
5022.360 400
5023.364 400
5024.370 400
5025.376 400
5026.382 400
5027.388 400
5028.394 400
5029.399 400
5030.403 400
5031.408 400
5032.414 400
5033.417 400
5034.420 400
5035.426 400
5036.431 400
5037.437 400
5038.442 400
5039.446 400
5040.451 400
5041.456 400
5042.460 400
5043.464 400
5044.467 400
5045.473 400
5046.477 400
5047.481 400
5048.484 400
5049.490 400
5050.495 400
5051.500 400
5052.506 400
5053.510 400
5054.515 400
5055.520 400
5056.525 400
5057.531 400
5058.537 400
5059.542 400
5060.546 400
5061.551 400
5062.555 400
5063.560 400
5064.563 400
5065.566 400
5066.570 400
5067.574 400
5068.577 400
5069.581 400
5070.584 400
5071.590 400
5072.594 400
5073.598 400
5074.602 400
5075.608 400
5076.615 400
5077.622 400
5078.628 400
5079.633 400
5080.637 400
5081.641 400
5082.647 400
5083.653 400
5084.656 400
5085.662 400
5086.665 400
5087.669 400
5088.672 400
5089.676 400
5090.680 400
5091.684 400
5092.688 400
5093.692 400
5094.695 400
5095.700 400
5096.704 400
5097.708 400
5098.711 400
5099.715 400
5100.719 400
5101.724 400
5102.727 400
5103.732 400
5104.737 400
5105.742 400
5106.747 400
5107.752 400
5108.757 400
5109.761 400
5110.765 400
5111.769 400
5112.773 400
5113.777 400
5114.781 400
5115.785 400
5116.789 400
5117.794 400
5118.798 400
5119.802 400
5120.807 400
5121.811 400
5122.815 400
5123.821 400
5124.826 400
5125.831 400
5126.834 400
5127.837 400
5128.839 400
5129.842 400
5130.844 400
5131.847 400
5132.849 400
5133.851 400
5134.857 400
5135.862 400
5136.867 400
5137.872 400
5138.876 400
5139.881 400
5140.887 400
5141.892 400
5142.897 400
5143.904 400
5144.910 400
5145.917 400
5146.923 400
5147.928 400
5148.933 400
5149.938 400
5150.944 400
5151.950 400
5152.956 400
5153.960 400
5154.965 400
5155.969 400
5156.974 400
5157.979 400
5158.984 400
5159.988 400
5160.993 400
5161.998 400
5163.003 400
5164.008 400
5165.014 400
5166.019 400
5167.025 400
5168.030 400
5169.036 400
5170.042 400
5171.047 400
5172.053 400
5173.058 400
5174.063 400
5175.068 400
5176.073 400
5177.078 400
5178.084 400
5179.089 400
5180.092 400
5181.094 400
5182.096 400
5183.098 400
5184.100 400
5185.102 400
5186.104 400
5187.108 400
5188.113 400
5189.118 400
5190.122 400
5191.126 400
5192.131 400
5193.135 400
5194.139 400
5195.144 400
5196.148 400
5197.152 400
5198.157 400
5199.161 400
5200.166 400
5201.170 400
5202.174 400
5203.177 400
5204.183 400
5205.188 400
5206.193 400
5207.198 400
5208.203 400
5209.207 400
5210.212 400
5211.216 400
5212.220 400
5213.223 400
5214.225 400
5215.227 400
5216.229 400
5217.232 400
5218.237 400
5219.240 400
5220.244 400
5221.250 400
5222.255 400
5223.261 400
5224.266 400
5225.272 400
5226.279 400
5227.285 400
5228.287 400
5229.290 400
5230.292 400
5231.295 400
5232.300 400
5233.304 400
5234.309 400
5235.315 400
5236.320 400
5237.326 400
5238.332 400
5239.336 400
5240.343 400
5241.349 400
5242.354 400
5243.359 400
5244.364 400
5245.368 400
5246.372 400
5247.377 400
5248.383 400
5249.388 400
5250.393 400
5251.397 400
5252.402 400
5253.407 400
5254.412 400
5255.417 400
5256.420 400
5257.427 400
5258.432 400
5259.437 400
5260.442 400
5261.448 400
5262.454 400
5263.458 400
5264.464 400
5265.471 400
5266.476 400
5267.479 400
5268.481 400
5269.483 400
5270.486 400
5271.489 400
5272.492 400
5273.495 400
5274.497 400
5275.500 400
5276.502 400
5277.504 400
5278.507 400
5279.509 400
5280.512 400
5281.514 400
5282.516 400
5283.519 400
5284.523 400
5285.527 400
5286.530 400
5287.533 400
5288.535 400
5289.537 400
5290.541 400
5291.545 400
5292.550 400
5293.555 400
5294.560 400
5295.565 400
5296.571 400
5297.575 400
5298.579 400
5299.583 400
5300.589 400
5301.594 400
5302.598 400
5303.603 400
5304.609 400
5305.615 400
5306.621 400
5307.625 400
5308.630 400
5309.634 400
5310.638 400
5311.643 400
5312.647 400
5313.652 400
5314.657 400
5315.660 400
5316.662 400
5317.664 400
5318.666 400
5319.668 400
5320.670 400
5321.672 400
5322.674 400
5323.677 400
5324.680 400
5325.682 400
5326.684 400
5327.687 400
5328.688 400
5329.690 400
5330.692 400
5331.695 400
5332.697 400
5333.701 400
5334.703 400
5335.704 400
5336.705 400
5337.706 400
5338.708 400
5339.712 400
5340.717 400
5341.721 400
5342.725 400
5343.729 400
5344.735 400
5345.749 400
5346.753 400
5347.757 400
5348.761 400
5349.766 400
5350.771 400
5351.777 400
5352.781 400
5353.785 400
5354.789 400
5355.794 400
5356.797 400
5357.800 400
5358.804 400
5359.809 400
5360.816 400
5361.822 400
5362.829 400
5363.851 400
5364.857 400
5365.862 400
5366.868 400
5367.873 400
5368.878 400
5369.884 400
5370.889 400
5371.894 400
5372.900 400
5373.904 400
5374.907 400
5375.910 400
5376.912 400
5377.915 400
5378.917 400
5379.919 400
5380.923 400
5381.928 400
5382.935 400
5383.940 400
5384.945 400
5385.951 400
5386.956 400
5387.961 400
5388.965 400
5389.973 400
5390.979 400
5391.984 400
5392.990 400
5393.995 400
5395.002 400
5396.008 400
5397.015 400
5398.020 400
5399.024 400
5400.030 400
5401.036 400
5402.041 400
5403.045 400
5404.051 400
5405.058 400
5406.064 400
5407.069 400
5408.074 400
5409.080 400
5410.084 400
5411.090 400
5412.095 400
5413.102 400
5414.108 400
5415.113 400
5416.120 400
5417.125 400
5418.131 400
5419.133 400
5420.135 400
5421.142 400
5422.146 400
5423.150 400
5424.155 400
5425.161 400
5426.168 400
5427.173 400
5428.180 400
5429.183 400
5430.185 400
5431.187 400
5432.191 400
5433.198 400
5434.204 400
5435.209 400
5436.214 400
5437.219 400
5438.224 400
5439.229 400
5440.233 400
5441.239 400
5442.244 400
5443.249 400
5444.254 400
5445.275 400
5446.280 400
5447.286 400
5448.288 400
5449.292 400
5450.293 400
5451.295 400
5452.298 400
5453.301 400
5454.306 400
5455.309 400
5456.312 400
5457.314 400
5458.317 400
5459.323 400
5460.328 400
5461.333 400
5462.338 400
5463.344 400
5464.350 400
5465.356 400
5466.361 400
5467.368 400
5468.373 400
5469.378 400
5470.384 400
5471.389 400
5472.394 400
5473.396 400
5474.399 400
5475.406 400
5476.412 400
5477.418 400
5478.423 400
5479.428 400
5480.433 400
5481.438 400
5482.445 400
5483.451 400
5484.454 400
5485.458 400
5486.463 400
5487.469 400
5488.473 400
5489.477 400
5490.484 400
5491.489 400
5492.495 400
5493.501 400
5494.507 400
5495.514 400
5496.519 400
5497.522 400
5498.527 400
5499.529 400
5500.533 400
5501.538 400
5502.543 400
5503.547 400
5504.551 400
5505.557 400
5506.562 400
5507.566 400
5508.570 400
5509.577 400
5510.580 400
5511.582 400
5512.584 400
5513.588 400
5514.593 400
5515.598 400
5516.604 400
5517.606 400
5518.611 400
5519.617 400
5520.621 400
5521.624 400
5522.628 400
5523.634 400
5524.639 400
5525.645 400
5526.648 400
5527.650 400
5528.653 400
5529.656 400
5530.658 400
5531.661 400
5532.665 400
5533.668 400
5534.672 400
5535.676 400
5536.680 400
5537.685 400
5538.690 400
5539.694 400
5540.696 400
5541.698 400
5542.701 400
5543.704 400
5544.708 400
5545.713 400
5546.717 400
5547.721 400
5548.724 400
5549.728 400
5550.733 400
5551.738 400
5552.743 400
5553.749 400
5554.753 400
5555.756 400
5556.759 400
5557.761 400
5558.765 400
5559.771 400
5560.776 400
5561.782 400
5562.789 400
5563.795 400
5564.801 400
5565.807 400
5566.811 400
5567.816 400
5568.821 400
5569.826 400
5570.831 400
5571.836 400
5572.840 400
5573.843 400
5574.847 400
5575.850 400
5576.854 400
5577.857 400
5578.860 400
5579.864 400
5580.867 400
5581.871 400
5582.874 400
5583.876 400
5584.881 400
5585.883 400
5586.887 400
5587.892 400
5588.896 400
5589.901 400
5590.906 400
5591.911 400
5592.916 400
5593.921 400
5594.926 400
5595.930 400
5596.936 400
5597.940 400
5598.948 400
5599.952 400
5600.955 400
5601.958 400
5602.961 400
5603.966 400
5604.972 400
5605.979 400
5606.984 400
5607.990 400
5608.995 400
5610.000 400
5611.005 400
5612.010 400
5613.015 400
5614.019 400
5615.023 400
5616.027 400
5617.032 400
5618.036 400
5619.039 400
5620.042 400
5621.046 400
5622.050 400
5623.054 400
5624.058 400
5625.062 400
5626.067 400
5627.072 400
5628.077 400
5629.082 400
5630.088 400
5631.093 400
5632.097 400
5633.102 400
5634.106 400
5635.112 400
5636.118 400
5637.123 400
5638.129 400
5639.134 400
5640.139 400
5641.144 400
5642.150 400
5643.156 400
5644.162 400
5645.167 400
5646.173 400
5647.179 400
5648.185 400
5649.190 400
5650.196 400
5651.201 400
5652.205 400
5653.210 400
5654.215 400
5655.220 400
5656.224 400
5657.227 400
5658.231 400
5659.235 400
5660.239 400
5661.243 400
5662.247 400
5663.252 400
5664.258 400
5665.263 400
5666.268 400
5667.273 400
5668.279 400
5669.284 400
5670.290 400
5671.295 400
5672.301 400
5673.307 400
5674.312 400
5675.317 400
5676.321 400
5677.326 400
5678.331 400
5679.334 400
5680.337 400
5681.340 400
5682.343 400
5683.345 400
5684.348 400
5685.351 400
5686.354 400
5687.356 400
5688.359 400
5689.362 400
5690.365 400
5691.370 400
5692.374 400
5693.377 400
5694.383 400
5695.387 400
5696.391 400
5697.395 400
5698.398 400
5699.403 400
5700.407 400
5701.412 400
5702.417 400
5703.422 400
5704.427 400
5705.433 400
5706.437 400
5707.442 400
5708.445 400
5709.449 400
5710.453 400
5711.457 400
5712.462 400
5713.467 400
5714.473 400
5715.479 400
5716.483 400
5717.489 400
5718.494 400
5719.499 400
5720.504 400
5721.510 400
5722.515 400
5723.519 400
5724.523 400
5725.527 400
5726.533 400
5727.539 400
5728.545 400
5729.550 400
5730.556 400
5731.563 400
5732.567 400
5733.574 400
5734.578 400
5735.581 400
5736.584 400
5737.587 400
5738.590 400
5739.593 400
5740.597 400
5741.600 400
5742.603 400
5743.605 400
5744.608 400
5745.611 400
5746.616 400
5747.621 400
5748.628 400
5749.633 400
5750.638 400
5751.643 400
5752.649 400
5753.653 400
5754.659 400
5755.664 400
5756.670 400
5757.673 400
5758.675 400
5759.678 400
5760.681 400
5761.684 400
5762.687 400
5763.690 400
5764.692 400
5765.696 400
5766.699 400
5767.702 400
5768.705 400
5769.708 400
5770.710 400
5771.713 400
5772.716 400
5773.719 400
5774.722 400
5775.725 400
5776.727 400
5777.731 400
5778.736 400
5779.742 400
5780.747 400
5781.752 400
5782.757 400
5783.762 400
5784.768 400
5785.773 400
5786.778 400
5787.783 400
5788.789 400
5789.793 400
5790.799 400
5791.805 400
5792.810 400
5793.815 400
5794.820 400
5795.826 400
5796.832 400
5797.837 400
5798.843 400
5799.849 400
5800.853 400
5801.855 400
5802.859 400
5803.864 400
5804.870 400
5805.875 400
5806.880 400
5807.884 400
5808.890 400
5809.893 400
5810.897 400
5811.900 400
5812.904 400
5813.909 400
5814.913 400
5815.917 400
5816.919 400
5817.924 400
5818.927 400
5819.928 400
5820.932 400
5821.938 400
5822.941 400
5823.945 400
5824.949 400
5825.953 400
5826.959 400
5827.965 400
5828.971 400
5829.977 400
5830.983 400
5831.989 400
5832.995 400
5834.001 400
5835.007 400
5836.012 400
5837.017 400
5838.020 400
5839.024 400
5840.028 400
5841.033 400
5842.038 400
5843.042 400
5844.047 400
5845.052 400
5846.056 400
5847.061 400
5848.065 400
5849.070 400
5850.075 400
5851.079 400
5852.083 400
5853.087 400
5854.092 400
5855.095 400
5856.096 400
5857.098 400
5858.099 400
5859.102 400
5860.104 400
5861.105 400
5862.107 400
5863.108 400
5864.110 400
5865.113 400
5866.115 400
5867.120 400
5868.125 400
5869.129 400
5870.136 400
5871.140 400
5872.145 400
5873.149 400
5874.154 400
5875.160 400
5876.166 400
5877.171 400
5878.176 400
5879.180 400
5880.182 400
5881.184 400
5882.186 400
5883.187 400
5884.189 400
5885.192 400
5886.195 400
5887.197 400
5888.199 400
5889.201 400
5890.203 400
5891.205 400
5892.207 400
5893.208 400
5894.210 400
5895.212 400
5896.215 400
5897.218 400
5898.223 400
5899.228 400
5900.232 400
5901.238 400
5902.243 400
5903.249 400
5904.253 400
5905.259 400
5906.264 400
5907.269 400
5908.274 400
5909.280 400
5910.283 400
5911.286 400
5912.290 400
5913.293 400
5914.295 400
5915.298 400
5916.301 400
5917.305 400
5918.308 400
5919.311 400
5920.313 400
5921.317 400
5922.318 400
5923.323 400
5924.328 400
5925.332 400
5926.335 400
5927.341 400
5928.347 400
5929.354 400
5930.359 400
5931.365 400
5932.372 400
5933.376 400
5934.382 400
5935.389 400
5936.395 400
5937.400 400
5938.405 400
5939.410 400
5940.415 400
5941.419 400
5942.424 400
5943.428 400
5944.431 400
5945.434 400
5946.436 400
5947.439 400
5948.442 400
5949.445 400
5950.448 400
5951.450 400
5952.454 400
5953.459 400
5954.465 400
5955.470 400
5956.476 400
5957.479 400
5958.482 400
5959.486 400
5960.490 400
5961.495 400
5962.500 400
5963.502 400
5964.505 400
5965.507 400
5966.510 400
5967.512 400
5968.515 400
5969.517 400
5970.519 400
5971.521 400
5972.523 400
5973.525 400
5974.527 400
5975.529 400
5976.532 400
5977.535 400
5978.537 400
5979.539 400
5980.540 400
5981.542 400
5982.544 400
5983.546 400
5984.550 400
5985.553 400
5986.555 400
5987.561 400
5988.568 400
5989.572 400
5990.577 400
5991.582 400
5992.588 400
5993.594 400
5994.597 400
5995.601 400
5996.605 400
5997.610 400
5998.616 400
5999.621 400
6000.627 400
6001.634 400
6002.639 400
6003.643 400
6004.647 400
6005.652 400
6006.656 400
6007.662 400
6008.667 400
6009.672 400
6010.677 400
6011.682 400
6012.687 400
6013.692 400
6014.698 400
6015.703 400
6016.708 400
6017.714 400
6018.720 400
6019.726 400
6020.732 400
6021.737 400
6022.742 400
6023.748 400
6024.753 400
6025.758 400
6026.763 400
6027.769 400
6028.774 400
6029.780 400
6030.786 400
6031.792 400
6032.797 400
6033.801 400
6034.807 400
6035.812 400
6036.816 400
6037.822 400
6038.828 400
6039.833 400
6040.839 400
6041.844 400
6042.850 400
6043.855 400
6044.861 400
6045.867 400
6046.873 400
6047.878 400
6048.884 400
6049.888 400
6050.889 400
6051.892 400
6052.896 400
6053.901 400
6054.907 400
6055.912 400
6056.917 400
6057.923 400
6058.928 400
6059.933 400
6060.938 400
6061.942 400
6062.948 400
6063.953 400
6064.957 400
6065.959 400
6066.961 400
6067.964 400
6068.967 400
6069.969 400
6070.972 400
6071.975 400
6072.978 400
6073.982 400
6074.990 400
6075.997 400
6077.001 400
6078.003 400
6079.006 400
6080.008 400
6081.009 400
6082.011 400
6083.013 400
6084.017 400
6085.019 400
6086.022 400
6087.027 400
6088.033 400
6089.038 400
6090.043 400
6091.048 400
6092.054 400
6093.059 400
6094.064 400
6095.069 400
6096.074 400
6097.080 400
6098.084 400
6099.090 400
6100.096 400
6101.100 400
6102.105 400
6103.109 400
6104.115 400
6105.120 400
6106.123 400
6107.125 400
6108.127 400
6109.129 400
6110.134 400
6111.139 400
6112.143 400
6113.146 400
6114.149 400
6115.154 400
6116.158 400
6117.164 400
6118.171 400
6119.179 400
6120.185 400
6121.190 400
6122.196 400
6123.200 400
6124.204 400
6125.207 400
6126.210 400
6127.215 400
6128.218 400
6129.222 400
6130.226 400
6131.229 400
6132.233 400
6133.237 400
6134.239 400
6135.241 400
6136.245 400
6137.252 400
6138.259 400
6139.265 400
6140.271 400
6141.276 400
6142.284 400
6143.289 400
6144.292 400
6145.296 400
6146.300 400
6147.304 400
6148.309 400
6149.312 400
6150.316 400
6151.320 400
6152.324 400
6153.329 400
6154.333 400
6155.338 400
6156.343 400
6157.348 400
6158.353 400
6159.358 400
6160.364 400
6161.367 400
6162.370 400
6163.373 400
6164.377 400
6165.380 400
6166.383 400
6167.387 400
6168.393 400
6169.397 400
6170.399 400
6171.403 400
6172.409 400
6173.414 400
6174.418 400
6175.423 400
6176.428 400
6177.433 400
6178.438 400
6179.444 400
6180.450 400
6181.455 400
6182.460 400
6183.466 400
6184.472 400
6185.478 400
6186.483 400
6187.489 400
6188.494 400
6189.500 400
6190.506 400
6191.512 400
6192.518 400
6193.523 400
6194.529 400
6195.534 400
6196.540 400
6197.545 400
6198.551 400
6199.556 400
6200.560 400
6201.562 400
6202.567 400
6203.572 400
6204.578 400
6205.583 400
6206.588 400
6207.594 400
6208.599 400
6209.602 400
6210.605 400
6211.609 400
6212.613 400
6213.619 400
6214.625 400
6215.631 400
6216.636 400
6217.640 400
6218.645 400
6219.650 400
6220.655 400
6221.661 400
6222.666 400
6223.671 400
6224.676 400
6225.682 400
6226.688 400
6227.691 400
6228.696 400
6229.702 400
6230.707 400
6231.712 400
6232.717 400
6233.723 400
6234.728 400
6235.733 400
6236.739 400
6237.745 400
6238.750 400
6239.756 400
6240.762 400
6241.767 400
6242.772 400
6243.777 400
6244.783 400
6245.789 400
6246.794 400
6247.799 400
6248.804 400
6249.808 400
6250.813 400
6251.819 400
6252.825 400
6253.831 400
6254.836 400
6255.842 400
6256.848 400
6257.854 400
6258.860 400
6259.865 400
6260.871 400
6261.875 400
6262.880 400
6263.883 400
6264.887 400
6265.890 400
6266.892 400
6267.894 400
6268.896 400
6269.898 400
6270.901 400
6271.904 400
6272.906 400
6273.910 400
6274.913 400
6275.916 400
6276.919 400
6277.923 400
6278.928 400
6279.933 400
6280.938 400
6281.943 400
6282.948 400
6283.954 400
6284.958 400
6285.965 400
6286.969 400
6287.972 400
6288.978 400
6289.982 400
6290.987 400
6291.992 400
6292.996 400
6294.002 400
6295.009 400
6296.015 400
6297.021 400
6298.028 400
6299.033 400
6300.039 400
6301.044 400
6302.049 400
6303.055 400
6304.061 400
6305.065 400
6306.070 400
6307.076 400
6308.081 400
6309.086 400
6310.091 400
6311.097 400
6312.102 400
6313.107 400
6314.111 400
6315.117 400
6316.122 400
6317.127 400
6318.133 400
6319.139 400
6320.145 400
6321.150 400
6322.155 400
6323.159 400
6324.165 400
6325.168 400
6326.173 400
6327.177 400
6328.182 400
6329.188 400
6330.195 400
6331.200 400
6332.206 400
6333.213 400
6334.219 400
6335.224 400
6336.229 400
6337.234 400
6338.238 400
6339.243 400
6340.247 400
6341.251 400
6342.256 400
6343.260 400
6344.264 400
6345.269 400
6346.273 400
6347.278 400
6348.283 400
6349.288 400
6350.293 400
6351.299 400
6352.304 400
6353.309 400
6354.314 400
6355.319 400
6356.325 400
6357.330 400
6358.335 400
6359.341 400
6360.346 400
6361.351 400
6362.356 400
6363.362 400
6364.367 400
6365.372 400
6366.377 400
6367.382 400
6368.388 400
6369.394 400
6370.399 400
6371.404 400
6372.409 400
6373.414 400
6374.417 400
6375.423 400
6376.429 400
6377.434 400
6378.439 400
6379.445 400
6380.451 400
6381.456 400
6382.461 400
6383.467 400
6384.473 400
6385.479 400
6386.484 400
6387.490 400
6388.496 400
6389.501 400
6390.508 400
6391.514 400
6392.519 400
6393.525 400
6394.530 400
6395.534 400
6396.536 400
6397.538 400
6398.541 400
6399.543 400
6400.545 400
6401.548 400
6402.551 400
6403.556 400
6404.558 400
6405.561 400
6406.563 400
6407.569 400
6408.575 400
6409.580 400
6410.586 400
6411.594 400
6412.600 400
6413.605 400
6414.607 400
6415.609 400
6416.611 400
6417.613 400
6418.616 400
6419.619 400
6420.621 400
6421.624 400
6422.626 400
6423.629 400
6424.632 400
6425.638 400
6426.645 400
6427.651 400
6428.655 400
6429.660 400
6430.665 400
6431.670 400
6432.676 400
6433.683 400
6434.689 400
6435.696 400
6436.702 400
6437.708 400
6438.714 400
6439.720 400
6440.727 400
6441.733 400
6442.738 400
6443.744 400
6444.749 400
6445.754 400
6446.760 400
6447.765 400
6448.771 400
6449.776 400
6450.781 400
6451.787 400
6452.792 400
6453.797 400
6454.801 400
6455.807 400
6456.812 400
6457.816 400
6458.818 400
6459.821 400
6460.826 400
6461.830 400
6462.833 400
6463.836 400
6464.838 400
6465.840 400
6466.842 400
6467.844 400
6468.848 400
6469.853 400
6470.856 400
6471.858 400
6472.861 400
6473.863 400
6474.866 400
6475.869 400
6476.874 400
6477.879 400
6478.885 400
6479.890 400
6480.895 400
6481.901 400
6482.907 400
6483.912 400
6484.917 400
6485.922 400
6486.925 400
6487.927 400
6488.930 400
6489.933 400
6490.936 400
6491.938 400
6492.941 400
6493.943 400
6494.945 400
6495.948 400
6496.950 400
6497.952 400
6498.957 400
6499.962 400
6500.965 400
6501.968 400
6502.970 400
6503.973 400
6504.977 400
6505.979 400
6506.982 400
6507.986 400
6508.992 400
6509.998 400
6511.003 400
6512.008 400
6513.014 400
6514.019 400
6515.024 400
6516.027 400
6517.031 400
6518.034 400
6519.037 400
6520.040 400
6521.042 400
6522.046 400
6523.052 400
6524.058 400
6525.063 400
6526.070 400
6527.075 400
6528.081 400
6529.086 400
6530.092 400
6531.098 400
6532.104 400
6533.110 400
6534.116 400
6535.122 400
6536.127 400
6537.133 400
6538.139 400
6539.145 400
6540.151 400
6541.157 400
6542.163 400
6543.169 400
6544.176 400
6545.181 400
6546.187 400
6547.192 400
6548.198 400
6549.203 400
6550.208 400
6551.214 400
6552.219 400
6553.225 400
6554.230 400
6555.235 400
6556.241 400
6557.246 400
6558.251 400
6559.256 400
6560.261 400
6561.265 400
6562.269 400
6563.273 400
6564.277 400
6565.282 400
6566.286 400
6567.289 400
6568.294 400
6569.299 400
6570.304 400
6571.308 400
6572.312 400
6573.318 400
6574.324 400
6575.330 400
6576.335 400
6577.341 400
6578.346 400
6579.351 400
6580.357 400
6581.362 400
6582.368 400
6583.374 400
6584.379 400
6585.385 400
6586.391 400
6587.395 400
6588.400 400
6589.405 400
6590.412 400
6591.417 400
6592.422 400
6593.425 400
6594.427 400
6595.428 400
6596.430 400
6597.433 400
6598.435 400
6599.437 400
6600.439 400
6601.441 400
6602.442 400
6603.445 400
6604.450 400
6605.456 400
6606.460 400
6607.463 400
6608.469 400
6609.476 400
6610.482 400
6611.488 400
6612.494 400
6613.497 400
6614.500 400
6615.503 400
6616.507 400
6617.513 400
6618.519 400
6619.524 400
6620.528 400
6621.533 400
6622.539 400
6623.545 400
6624.551 400
6625.558 400
6626.563 400
6627.569 400
6628.575 400
6629.581 400
6630.587 400
6631.593 400
6632.600 400
6633.605 400
6634.611 400
6635.618 400
6636.624 400
6637.629 400
6638.634 400
6639.640 400
6640.645 400
6641.650 400
6642.656 400
6643.661 400
6644.666 400
6645.671 400
6646.675 400
6647.678 400
6648.681 400
6649.686 400
6650.688 400
6651.689 400
6652.694 400
6653.699 400
6654.702 400
6655.706 400
6656.708 400
6657.712 400
6658.718 400
6659.723 400
6660.729 400
6661.735 400
6662.740 400
6663.745 400
6664.750 400
6665.756 400
6666.761 400
6667.767 400
6668.772 400
6669.778 400
6670.784 400
6671.790 400
6672.796 400
6673.801 400
6674.806 400
6675.812 400
6676.817 400
6677.820 400
6678.823 400
6679.830 400
6680.833 400
6681.835 400
6682.839 400
6683.844 400
6684.848 400
6685.852 400
6686.856 400
6687.860 400
6688.862 400
6689.868 400
6690.873 400
6691.875 400
6692.876 400
6693.879 400
6694.881 400
6695.884 400
6696.886 400
6697.888 400
6698.892 400
6699.894 400
6700.896 400
6701.898 400
6702.901 400
6703.906 400
6704.911 400
6705.915 400
6706.920 400
6707.925 400
6708.931 400
6709.938 400
6710.942 400
6711.948 400
6712.953 400
6713.959 400
6714.964 400
6715.970 400
6716.975 400
6717.980 400
6718.986 400
6719.992 400
6720.999 400
6722.004 400
6723.010 400
6724.015 400
6725.019 400
6726.024 400
6727.029 400
6728.032 400
6729.035 400
6730.037 400
6731.040 400
6732.042 400
6733.046 400
6734.051 400
6735.057 400
6736.063 400
6737.067 400
6738.072 400
6739.077 400
6740.082 400
6741.089 400
6742.094 400
6743.098 400
6744.104 400
6745.109 400
6746.113 400
6747.117 400
6748.122 400
6749.127 400
6750.133 400
6751.140 400
6752.147 400
6753.153 400
6754.158 400
6755.164 400
6756.170 400
6757.176 400
6758.180 400
6759.188 400
6760.192 400
6761.199 400
6762.207 400
6763.212 400
6764.217 400
6765.223 400
6766.228 400
6767.231 400
6768.237 400
6769.243 400
6770.248 400
6771.251 400
6772.255 400
6773.258 400
6774.261 400
6775.266 400
6776.270 400
6777.272 400
6778.276 400
6779.279 400
6780.282 400
6781.285 400
6782.289 400
6783.292 400
6784.296 400
6785.301 400
6786.305 400
6787.309 400
6788.314 400
6789.318 400
6790.325 400
6791.330 400
6792.335 400
6793.341 400
6794.346 400
6795.350 400
6796.354 400
6797.360 400
6798.364 400
6799.369 400
6800.374 400
6801.379 400
6802.384 400
6803.389 400
6804.395 400
6805.398 400
6806.400 400
6807.402 400
6808.403 400
6809.405 400
6810.409 400
6811.412 400
6812.414 400
6813.419 400
6814.426 400
6815.430 400
6816.436 400
6817.441 400
6818.447 400
6819.452 400
6820.458 400
6821.463 400
6822.471 400
6823.477 400
6824.484 400
6825.491 400
6826.497 400
6827.501 400
6828.505 400
6829.508 400
6830.513 400
6831.517 400
6832.521 400
6833.528 400
6834.536 400
6835.542 400
6836.548 400
6837.554 400
6838.557 400
6839.562 400
6840.570 400
6841.576 400
6842.581 400
6843.586 400
6844.591 400
6845.595 400
6846.598 400
6847.600 400
6848.603 400
6849.606 400
6850.611 400
6851.617 400
6852.624 400
6853.629 400
6854.635 400
6855.641 400
6856.646 400
6857.651 400
6858.656 400
6859.661 400
6860.667 400
6861.672 400
6862.677 400
6863.682 400
6864.687 400
6865.692 400
6866.698 400
6867.703 400
6868.708 400
6869.712 400
6870.717 400
6871.722 400
6872.727 400
6873.731 400
6874.733 400
6875.737 400
6876.742 400
6877.747 400
6878.751 400
6879.755 400
6880.760 400
6881.762 400
6882.765 400
6883.769 400
6884.772 400
6885.775 400
6886.778 400
6887.783 400
6888.788 400
6889.793 400
6890.799 400
6891.804 400
6892.809 400
6893.814 400
6894.819 400
6895.823 400
6896.828 400
6897.832 400
6898.836 400
6899.840 400
6900.845 400
6901.850 400
6902.854 400
6903.858 400
6904.862 400
6905.866 400
6906.870 400
6907.875 400
6908.878 400
6909.883 400
6910.888 400
6911.892 400
6912.897 400
6913.901 400
6914.908 400
6915.914 400
6916.920 400
6917.925 400
6918.931 400
6919.936 400
6920.941 400
6921.946 400
6922.952 400
6923.957 400
6924.960 400
6925.965 400
6926.969 400
6927.973 400
6928.978 400
6929.983 400
6930.990 400
6931.996 400
6933.002 400
6934.007 400
6935.012 400
6936.017 400
6937.022 400
6938.027 400
6939.031 400
6940.037 400
6941.041 400
6942.046 400
6943.052 400
6944.058 400
6945.063 400
6946.069 400
6947.074 400
6948.081 400
6949.087 400
6950.092 400
6951.099 400
6952.104 400
6953.109 400
6954.112 400
6955.116 400
6956.121 400
6957.126 400
6958.131 400
6959.136 400
6960.140 400
6961.143 400
6962.145 400
6963.147 400
6964.149 400
6965.151 400
6966.154 400
6967.156 400
6968.159 400
6969.161 400
6970.163 400
6971.166 400
6972.167 400
6973.169 400
6974.171 400
6975.174 400
6976.177 400
6977.180 400
6978.185 400
6979.189 400
6980.193 400
6981.197 400
6982.201 400
6983.208 400
6984.213 400
6985.218 400
6986.225 400
6987.229 400
6988.235 400
6989.239 400
6990.241 400
6991.243 400
6992.246 400
6993.248 400
6994.252 400
6995.259 400
6996.265 400
6997.270 400
6998.276 400
6999.282 400
7000.287 400
7001.291 400
7002.293 400
7003.299 400
7004.304 400
7005.309 400
7006.312 400
7007.317 400
7008.319 400
7009.323 400
7010.328 400
7011.332 400
7012.336 400
7013.339 400
7014.341 400
7015.344 400
7016.347 400
7017.350 400
7018.351 400
7019.354 400
7020.356 400
7021.358 400
7022.361 400
7023.363 400
7024.366 400
7025.368 400
7026.371 400
7027.377 400
7028.383 400
7029.388 400
7030.393 400
7031.397 400
7032.402 400
7033.408 400
7034.411 400
7035.414 400
7036.417 400
7037.419 400
7038.424 400
7039.430 400
7040.435 400
7041.439 400
7042.445 400
7043.451 400
7044.456 400
7045.461 400
7046.466 400
7047.472 400
7048.478 400
7049.483 400
7050.490 400
7051.495 400
7052.499 400
7053.504 400
7054.509 400
7055.515 400
7056.519 400
7057.526 400
7058.532 400
7059.536 400
7060.537 400
7061.539 400
7062.542 400
7063.544 400
7064.548 400
7065.554 400
7066.558 400
7067.563 400
7068.569 400
7069.574 400
7070.580 400
7071.585 400
7072.591 400
7073.597 400
7074.602 400
7075.607 400
7076.613 400
7077.618 400
7078.624 400
7079.629 400
7080.634 400
7081.640 400
7082.645 400
7083.650 400
7084.654 400
7085.657 400
7086.659 400
7087.661 400
7088.666 400
7089.671 400
7090.676 400
7091.680 400
7092.681 400
7093.684 400
7094.688 400
7095.694 400
7096.698 400
7097.703 400
7098.707 400
7099.711 400
7100.715 400
7101.719 400
7102.725 400
7103.727 400
7104.729 400
7105.733 400
7106.735 400
7107.739 400
7108.745 400
7109.750 400
7110.755 400
7111.760 400
7112.766 400
7113.771 400
7114.777 400
7115.782 400
7116.785 400
7117.788 400
7118.791 400
7119.793 400
7120.797 400
7121.800 400
7122.803 400
7123.807 400
7124.810 400
7125.812 400
7126.815 400
7127.820 400
7128.827 400
7129.833 400
7130.838 400
7131.842 400
7132.847 400
7133.851 400
7134.856 400
7135.861 400
7136.867 400
7137.868 400
7138.872 400
7139.876 400
7140.880 400
7141.885 400
7142.890 400
7143.895 400
7144.902 400
7145.907 400
7146.911 400
7147.912 400
7148.914 400
7149.916 400
7150.917 400
7151.923 400
7152.928 400
7153.933 400
7154.938 400
7155.945 400
7156.951 400
7157.957 400
7158.962 400
7159.968 400
7160.975 400
7161.979 400
7162.985 400
7163.989 400
7164.994 400
7165.999 400
7167.003 400
7168.008 400
7169.012 400
7170.016 400
7171.021 400
7172.024 400
7173.028 400
7174.033 400
7175.039 400
7176.045 400
7177.050 400
7178.054 400
7179.060 400
7180.066 400
