1 .340
2 .794
3 .525
4 .280
5 1.738
6 .047
7 .075
8 .030
9 .271
10 .421
11 .017
12 .283
13 .133
14 .719
15 1.817
16 .059
17 .184
18 .362
19 .029
20 .345
21 .647
22 1.131
23 .022
24 .008
25 .231
26 .488
27 .778
28 .505
29 .470
30 1.365
31 .018
32 .785
33 .183
34 .035
35 .486
36 .185
37 1.222
38 1.079
39 .414
40 .189
41 .258
42 .978
43 .470
44 .376
45 .023
46 .154
47 .006
48 .531
49 .150
50 .260
51 .236
52 .948
53 .067
54 4.057
55 .876
56 .057
57 .778
58 .290
59 .027
60 .306
61 .822
62 .231
63 .044
64 .378
65 .051
66 .295
67 .034
68 .022
69 .832
70 .232
71 .277
72 1.841
73 .372
74 .791
75 .069
76 .041
77 .086
78 .113
79 1.041
80 .492
81 1.184
82 .069
83 .486
84 .415
85 1.100
86 .242
87 .228
88 .023
89 .228
90 .072
91 .099
92 1.502
93 .117
94 .184
95 .235
96 .637
97 .980
98 .353
99 .024
100 1.004
101 .063
102 1.374
103 .499
104 .461
105 .885
106 .026
107 .533
108 .222
109 1.731
110 1.009
111 .207
112 .752
113 .943
114 .420
115 .550
116 .484
117 1.088
118 .205
119 1.239
120 .121
121 .977
122 .142
123 .817
124 .463
125 .025
126 .903
127 .508
128 .367
129 .087
130 1.079
131 .403
132 .974
133 .243
134 .627
135 .854
136 .386
137 .356
138 2.333
139 .505
140 1.690
141 .020
142 1.042
143 .407
144 1.543
145 .170
146 .028
147 .590
148 .018
149 .329
150 .475
151 .276
152 .015
153 .120
154 .013
155 .341
156 .886
157 .683
158 .465
159 .003
160 .814
161 .946
162 .321
163 .067
164 .661
165 1.113
166 .948
167 .504
168 .083
169 .033
170 1.014
171 .830
172 .544
173 .377
174 .005
175 .054
176 .005
177 .388
178 .649
179 .726
180 1.671
181 .947
182 .343
183 .597
184 .014
185 .429
186 .229
187 .075
188 .019
189 .077
190 .398
191 .266
192 .623
193 .040
194 .827
195 .390
196 .032
197 1.207
198 .529
199 .005
200 .437
201 .123
202 .450
203 .806
204 1.754
205 1.007
206 .629
207 .230
208 .335
209 .143
210 .392
211 1.137
212 .058
213 .233
214 .007
215 .136
216 1.597
217 .099
218 .317
219 .541
220 .984
221 .041
222 2.035
223 .015
224 .084
225 .417
226 .052
227 .061
228 .318
229 .417
230 .816
231 .018
232 .897
233 .119
234 .552
235 .480
236 .966
237 .035
238 .294
239 .805
240 .218
241 .276
242 1.514
243 .014
244 .257
245 2.250
246 .226
247 .027
248 .495
249 .201
250 .031
251 .531
252 .011
253 .241
254 .262
255 .007
256 .618
257 .072
258 .703
259 .012
260 .055
261 .034
262 .015
263 .078
264 .098
265 .248
266 3.943
267 .029
268 .704
269 .324
270 .319
271 .218
272 .928
273 .847
274 .927
275 1.080
276 .770
277 .232
278 .885
279 .397
280 .309
281 .624
282 .737
283 .031
284 1.028
285 .329
286 .035
287 .021
288 .763
289 .711
290 .433
291 .375
292 .015
293 .272
294 .167
295 1.102
296 .037
297 .750
298 .273
299 .560
300 .005
301 .222
302 .103
303 .012
304 .082
305 .027
306 .438
307 1.303
308 .021
309 1.048
310 .315
311 .854
312 .014
313 .263
314 .976
315 .744
316 .036
317 .798
318 1.121
319 .077
320 .252
321 .485
322 .058
323 .050
324 1.209
325 .251
326 .586
327 .879
328 .327
329 .356
330 .247
331 .739
332 .027
333 .869
334 .016
335 1.036
336 .415
337 .859
338 .554
339 .017
340 .445
341 .231
342 .359
343 .879
344 .080
345 .356
346 .089
347 .909
348 .596
349 .176
350 .242
351 .502
352 .889
353 .494
354 .292
355 .287
356 1.125
357 .139
358 .216
359 .138
360 .806
361 .007
362 .565
363 .042
364 .015
365 .118
366 .306
367 .033
368 1.803
369 1.278
370 .507
371 .321
372 .063
373 .270
374 .401
375 .642
376 .579
377 .946
378 .306
379 .022
380 .062
381 1.369
382 .512
383 1.041
384 .480
385 .045
386 .451
387 3.986
388 .201
389 .233
390 .396
391 .022
392 .871
393 .039
394 .515
395 .345
396 .283
397 5.209
398 .264
399 .029
400 .075
