.049 1
.055 2
.098 3
.262 4
.411 5
.473 6
.478 7
.919 8
1.314 9
1.963 10
2.114 11
2.973 12
3.794 13
4.297 14
6.538 15
6.798 16
8.060 17
8.364 18
8.784 19
10.259 20
10.325 21
10.753 22
10.895 23
11.116 24
11.346 25
11.459 26
12.804 27
13.113 28
13.326 29
13.798 30
15.174 31
17.900 32
20.796 33
20.822 34
20.823 35
22.461 36
23.970 37
26.463 38
27.752 39
30.209 40
33.526 41
36.533 42
37.911 43
49.864 44
55.136 45
61.987 46
62.134 47
69.347 48
82.184 49
92.639 50
105.938 51
109.672 52
113.564 53
115.399 54
161.210 55
188.431 56
193.783 57
202.846 58
203.941 59
212.673 60
261.830 61
