1 xxx 10.34280748060643126146 642.64 62.134
2 xxx 49.08163265306122448979 4.81 .098
3 xxx 26.62606675593269556519 1650.47 61.987
4 xxx 315.80670391061452513966 5652.94 17.900
7 xxx 7.60303220894435433149 229.68 30.209
10 xxx 3.51219948696534033287 117.75 33.526
11 xxx 377.88610512791444658579 10000 26.463
12 xxx 1151.29770992366412213740 301.64 .262
13 xxx 125.07892930679478380233 1640.16 13.113
15 xxx 66.63670766319772942289 140.87 2.114
16 xxx .72163118819202744939 146.38 202.846
17 xxx 13.03044856401882624147 271.32 20.822
18 xxx 39.34628206986519785476 542.90 13.798
19 xxx 24.30753047011027278003 1340.22 55.136
20 xxx 48.80127999395873057826 5169.91 105.938
21 xxx 63.38841051896672096811 272.38 4.297
22 xxx 142.29515291402192729371 2959.17 20.796
24 xxx .74958572960327517301 7.69 10.259
27 xxx 43.15899581589958158995 20.63 .478
28 xxx 7.54271618803144553184 376.11 49.864
29 xxx 12.25458772146102638159 1391.68 113.564
30 xxx 4.83614778612590269166 530.39 109.672
31 xxx 32.95364846259752179899 359.03 10.895
34 xxx 204081.63265306122448979591 10000 .049
35 xxx 76.61538461538461538461 617.52 8.060
36 xxx 28.12252608852105073767 312.61 11.116
37 xxx 36053.09090909090909090909 1982.92 .055
38 xxx 5.57291212147656863600 63.86 11.459
40 xxx 55.10846891948268669169 1320.95 23.970
41 xxx 6.88723699501326363997 1404.59 203.941
42 xxx 7.68891507970969542832 1239.53 161.210
43 xxx 7.70266136433159987763 50.36 6.538
44 xxx 12.03228596137215335831 333.92 27.752
45 xxx 2.09284627092846270928 2.75 1.314
46 xxx 435.83242655059847660500 400.53 .919
47 xxx 53.87172697852309502794 366.22 6.798
48 xxx 121.67818553489730361140 10000 82.184
49 xxx 48.21434866913449673893 547.04 11.346
50 xxx 3.66810138689622190339 30.68 8.364
51 xxx 3.83780049439221062403 355.53 92.639
52 xxx 144.20234473012531183757 10000 69.347
53 xxx .66225165562913907284 1.30 1.963
54 xxx 2.70097544567776656575 8.03 2.973
55 xxx 152.26076443783130289221 1637.26 10.753
56 xxx 26.12687893195024732267 544.04 20.823
58 xxx 3.36881935562619738790 634.79 188.431
59 xxx 4.21246869645446157901 63.92 15.174
60 xxx .62212122369476377802 162.89 261.830
61 xxx 180.26753187613843351548 1583.47 8.784
62 xxx 15.19229190047354446664 555.02 36.533
64 xxx 7.23133395813808184942 92.59 12.804
65 xxx .38951818049305741678 82.84 212.673
66 xxx 51.60411387995851029244 10000 193.783
67 xxx 445.21615244201059614442 10000 22.461
68 xxx 38.51072248160164596027 1459.98 37.911
69 xxx 178.73479318734793187347 73.46 .411
71 xxx 21141.64904862579281183932 10000 .473
72 xxx 1.33649338382481650620 154.23 115.399
78 xxx 4.13753026634382566585 42.72 10.325
79 xxx 11.17290458618871903004 42.39 3.794
80 xxx 35.12681975086297463604 468.10 13.326
