1 xxx 29.66652718318472977757 1843.3 62.134
2 xxx 102040.81632653061224489795 10000 .098
3 xxx 3.10871634374949586203 192.7 61.987
4 xxx 558.65921787709497206703 10000 17.900
7 xxx 8.95097487503724055744 270.4 30.209
10 xxx 4.54572570542265704229 152.4 33.526
11 xxx 377.88610512791444658579 10000 26.463
12 xxx .38167938931297709923 0.1 .262
13 xxx 238.90795393883931975901 3132.8 13.113
15 xxx 35.52507095553453169347 75.1 2.114
16 xxx 12.11608806680930360963 2457.7 202.846
17 xxx 11.39179713764287772548 237.2 20.822
18 xxx 43.75996521234961588636 603.8 13.798
19 xxx 43.32740858966918165989 2388.9 55.136
20 xxx 94.39483471464441465762 10000 105.938
21 xxx 2327.20502676285780777286 10000 4.297
22 xxx 480.86170417387959222927 10000 20.796
24 xxx 2.68057315527829223121 27.5 10.259
27 xxx 20920.50209205020920502092 10000 .478
28 xxx 200.54548371570672228461 10000 49.864
29 xxx 88.05607410799196928604 10000 113.564
30 xxx 15.99131957108468889050 1753.8 109.672
31 xxx 89.29784304726938962826 972.9 10.895
34 xxx 0 0.0 .049
35 xxx 1240.69478908188585607940 10000 8.060
36 xxx 74.13637999280316660669 824.1 11.116
37 xxx 0 0.0 .055
38 xxx 15.02748930971288943188 172.2 11.459
40 xxx 80.64246975385899040467 1933.0 23.970
41 xxx 8.58042276933034554111 1749.9 203.941
42 xxx 10.88642143787606227901 1755.0 161.210
43 xxx 62.67971856836953196696 409.8 6.538
44 xxx 26.00172960507350821562 721.6 27.752
45 xxx 225.03805175038051750380 295.7 1.314
46 xxx 2310.55495103373231773667 2123.4 .919
47 xxx 58.82612533097969991173 399.9 6.798
48 xxx 109.53226905480385476491 9001.8 82.184
49 xxx 56.01974264057817733121 635.6 11.346
50 xxx 7.00621712099473935915 58.6 8.364
51 xxx 16.27176459158669674759 1507.4 92.639
52 xxx 29.43314058286587739916 2041.1 69.347
53 xxx 1.17167600611309220580 2.3 1.963
54 xxx 248.53683148335015136226 738.9 2.973
55 xxx 80.11717660187854552217 861.5 10.753
56 xxx 95.63463477885030975363 1991.4 20.823
58 xxx 53.06982396739390015443 10000 188.431
59 xxx 5.68076973770923948859 86.2 15.174
60 xxx 12.84917694687392582973 3364.3 261.830
61 xxx 190.20947176684881602914 1670.8 8.784
62 xxx 87.82470642980319163496 3208.5 36.533
64 xxx 19.50952827241487035301 249.8 12.804
65 xxx 13.97168422883958001250 2971.4 212.673
66 xxx 51.60411387995851029244 10000 193.783
67 xxx 258.34557677752548862472 5802.7 22.461
68 xxx 263.77568515734219619635 10000 37.911
69 xxx 170.31630170316301703163 70.0 .411
71 xxx 15027.48414376321353065539 7108.0 .473
72 xxx 34.15627518436034974306 3941.6 115.399
78 xxx 7.67070217917675544794 79.2 10.325
79 xxx 71.40221402214022140221 270.9 3.794
80 xxx 27.38256040822452348791 364.9 13.326
