.090 1
.107 2
.115 3
.252 4
.292 5
.630 6
.683 7
1.053 8
1.168 9
1.885 10
2.001 11
2.117 12
2.513 13
3.085 14
3.607 15
4.049 16
4.936 17
5.813 18
5.903 19
8.880 20
8.964 21
8.978 22
9.152 23
9.188 24
9.889 25
10.194 26
10.504 27
10.524 28
10.987 29
11.142 30
12.188 31
12.658 32
13.056 33
13.934 34
13.981 35
14.026 36
14.237 37
17.026 38
17.878 39
20.091 40
20.377 41
20.981 42
29.194 43
30.560 44
32.573 45
37.031 46
40.063 47
45.338 48
45.603 49
50.036 50
52.295 51
60.518 52
64.269 53
66.449 54
69.676 55
83.377 56
94.975 57
98.450 58
131.140 59
135.314 60
136.573 61
185.286 62
186.586 63
201.096 64
203.032 65
270.639 66
