1 xxx 22.01274234431732547783 642.64 29.194
2 xxx 41.82608695652173913043 4.81 .115
3 xxx 32.98565033176113198497 1650.47 50.036
4 xxx 332.01808998003054152472 5652.94 17.026
7 xxx 16.37530300869813204049 229.68 14.026
8 xxx 73.90218307048790221263 10000 135.314
10 xxx 3.85307591623036649214 117.75 30.560
11 xxx 1088.37614279494993469743 10000 9.188
12 xxx 1033.01369863013698630136 301.64 .292
13 xxx 147.20516962843295638126 1640.16 11.142
15 xxx 74.73209549071618037135 140.87 1.885
16 xxx 3.20987654320987654320 146.38 45.603
17 xxx 15.17619420516836335160 271.32 17.878
18 xxx 49.41294256849003367616 542.90 10.987
19 xxx 33.45281182138132441404 1340.22 40.063
20 xxx 98.86050291614877139305 5169.91 52.295
21 xxx 128.66320264525271610769 272.38 2.117
22 xxx 233.77863801548427871701 2959.17 12.658
24 xxx .84025349650349650349 7.69 9.152
25 xxx 36.94958967480666127202 10000 270.639
26 xxx 49.25331967374601048110 10000 203.032
27 xxx 32.74603174603174603174 20.63 .630
28 xxx 26.41778464564163798553 376.11 14.237
29 xxx 20.94358079128354076058 1391.68 66.449
30 xxx 7.61223376772489809977 530.39 69.676
31 xxx 40.05243195002231146809 359.03 8.964
34 xxx 93457.94392523364485981308 10000 .107
35 xxx 245.73020294468762435336 617.52 2.513
36 xxx 35.20382882882882882882 312.61 8.880
37 xxx 22032.44444444444444444444 1982.92 .090
38 xxx 6.26446929566411614675 63.86 10.194
39 xxx 1.99167773064343771250 369.03 185.286
40 xxx 65.74834503011298591409 1320.95 20.091
41 xxx 14.26703910614525139664 1404.59 98.450
42 xxx 14.86656991736330162994 1239.53 83.377
43 xxx 12.43763892319091133613 50.36 4.049
44 xxx 15.91535198512940279300 333.92 20.981
45 xxx 2.61158594491927825261 2.75 1.053
46 xxx 342.91952054794520547945 400.53 1.168
47 xxx 74.19367909238249594813 366.22 4.936
48 xxx 270.04401717479949231724 10000 37.031
49 xxx 60.93116507017153040766 547.04 8.978
50 xxx 5.27782556339239635300 30.68 5.813
51 xxx 5.87478105687564030536 355.53 60.518
52 xxx 155.59601051829031103642 10000 64.269
53 xxx .64967516241879060469 1.30 2.001
54 xxx 2.60291734197730956239 8.03 3.085
55 xxx 165.56375771058752148852 1637.26 9.889
56 xxx 41.66973039215686274509 544.04 13.056
58 xxx 4.84055208174470032026 634.79 131.140
59 xxx 5.24450278962914341975 63.92 12.188
60 xxx .87300226169165961004 162.89 186.586
61 xxx 268.24834829747585973233 1583.47 5.903
62 xxx 12.24182804711279721205 555.02 45.338
63 xxx .00179018976011457214 0.36 201.096
64 xxx 6.64489737333141954930 92.59 13.934
65 xxx 5.92518417852800228882 82.84 13.981
66 xxx 73.22091482210978743968 10000 136.573
67 xxx 490.74937429454777445158 10000 20.377
68 xxx 44.82178491388573358302 1459.98 32.573
69 xxx 291.50793650793650793650 73.46 .252
71 xxx 14641.28843338213762811127 10000 .683
72 xxx 1.62390102658594366938 154.23 94.975
78 xxx 4.06702208682406702208 42.72 10.504
79 xxx 11.75214859994455225949 42.39 3.607
80 xxx 44.47928544279741543139 468.10 10.524
