-.026 1
.088 2
.089 3
.090 4
.093 5
.098 6
.103 7
.122 8
.123 9
.123 10
.125 11
.126 12
.130 13
.150 14
.182 15
.186 16
.217 17
.241 18
.264 19
.283 20
.319 21
.320 22
.330 23
.451 24
.640 25
.654 26
.778 27
.822 28
.840 29
.874 30
.924 31
.970 32
.979 33
.990 34
1.111 35
1.133 36
1.204 37
1.220 38
1.551 39
1.695 40
1.718 41
1.811 42
1.814 43
1.897 44
1.916 45
1.971 46
2.022 47
2.219 48
2.307 49
2.403 50
2.518 51
2.543 52
2.582 53
2.793 54
2.865 55
2.887 56
2.911 57
2.956 58
2.976 59
3.140 60
3.159 61
3.468 62
3.671 63
3.800 64
3.962 65
4.031 66
4.143 67
4.317 68
4.432 69
4.807 70
4.901 71
5.171 72
5.313 73
5.368 74
5.497 75
5.594 76
5.998 77
6.091 78
6.133 79
6.229 80
6.584 81
6.740 82
6.828 83
6.869 84
6.885 85
7.448 86
7.697 87
7.713 88
7.873 89
7.965 90
8.078 91
8.420 92
8.457 93
8.494 94
8.602 95
8.852 96
8.862 97
8.967 98
8.985 99
9.022 100
9.301 101
9.482 102
9.575 103
9.818 104
9.826 105
9.929 106
10.105 107
10.166 108
10.194 109
10.242 110
10.298 111
10.524 112
10.554 113
10.782 114
10.859 115
10.879 116
10.886 117
10.917 118
10.923 119
10.934 120
11.032 121
11.044 122
11.077 123
11.183 124
11.247 125
11.655 126
11.891 127
11.945 128
11.993 129
12.064 130
12.247 131
12.304 132
12.361 133
12.462 134
12.572 135
12.630 136
12.735 137
12.738 138
12.891 139
12.911 140
13.178 141
13.381 142
13.558 143
13.599 144
13.629 145
13.668 146
13.905 147
13.932 148
13.951 149
13.971 150
14.483 151
14.546 152
14.888 153
15.866 154
16.097 155
16.283 156
16.949 157
17.342 158
17.618 159
17.742 160
17.832 161
17.938 162
18.275 163
18.302 164
18.330 165
18.349 166
18.707 167
18.817 168
18.977 169
19.554 170
19.598 171
20.450 172
21.079 173
21.272 174
21.705 175
21.732 176
21.974 177
22.691 178
23.361 179
23.541 180
24.503 181
25.046 182
25.770 183
25.960 184
26.092 185
26.476 186
26.556 187
27.124 188
27.126 189
27.230 190
27.639 191
27.792 192
28.044 193
28.261 194
28.324 195
29.052 196
30.039 197
30.167 198
30.375 199
30.415 200
30.689 201
31.000 202
31.191 203
31.828 204
31.869 205
31.969 206
32.185 207
32.688 208
32.712 209
34.037 210
34.175 211
36.019 212
36.460 213
37.090 214
37.360 215
38.050 216
38.319 217
38.351 218
38.534 219
40.043 220
41.895 221
43.330 222
43.658 223
44.243 224
44.905 225
44.973 226
46.071 227
46.367 228
46.410 229
47.067 230
48.630 231
49.705 232
51.343 233
54.592 234
54.771 235
54.829 236
56.437 237
59.339 238
59.878 239
60.477 240
64.238 241
64.468 242
64.683 243
65.019 244
66.281 245
67.146 246
68.548 247
69.201 248
72.828 249
73.971 250
74.234 251
75.295 252
75.330 253
77.130 254
77.228 255
77.245 256
77.326 257
78.739 258
79.377 259
82.733 260
83.595 261
86.882 262
87.325 263
88.802 264
89.905 265
90.394 266
93.942 267
97.664 268
97.996 269
99.423 270
102.417 271
114.351 272
116.552 273
116.701 274
119.352 275
119.724 276
120.705 277
121.558 278
124.116 279
124.349 280
125.387 281
126.557 282
127.187 283
131.303 284
131.627 285
132.964 286
134.557 287
137.620 288
143.587 289
148.718 290
160.202 291
167.182 292
177.831 293
199.393 294
202.304 295
204.664 296
210.052 297
210.440 298
211.306 299
212.783 300
219.152 301
226.525 302
227.934 303
253.297 304
283.435 305
