1 xxx 20.94040209847176512757 642.64 30.689
2 xxx 16.99646643109540636042 4.81 .283
3 xxx 25.69304772875867866371 1650.47 64.238
4 xxx 443.78552363008321557544 5652.94 12.738
7 xxx 16.43976809104573759931 229.68 13.971
8 xxx 197.39673189970666845639 50000 253.297
10 xxx 4.34117386816103819495 117.75 27.124
11 xxx 5542.00842385280425626246 50000 9.022
12 xxx 942.62500000000000000000 301.64 .320
13 xxx 146.66547438075650540999 1640.16 11.183
15 xxx 74.25935687928307854507 140.87 1.897
17 xxx 14.84651162790697674418 271.32 18.275
18 xxx 49.15791379934806229626 542.90 11.044
19 xxx 33.46952026571435706615 1340.22 40.043
20 xxx 86.34072614315775410000 5169.91 59.878
21 xxx 118.06675335934113567403 272.38 2.307
22 xxx 229.55317663486153130090 2959.17 12.891
24 xxx .89397814461753080678 7.69 8.602
26 xxx 244.30285736621975530625 50000 204.664
27 xxx 32.23437500000000000000 20.63 .640
28 xxx 25.96906718221362977283 376.11 14.483
29 xxx 20.99666571113893876073 1391.68 66.281
30 xxx 7.73749781175234871914 530.39 68.548
34 xxx 537634.40860215053763440860 50000 .093
35 xxx 242.83130161226897365316 617.52 2.543
36 xxx 35.27533288196795305800 312.61 8.862
37 xxx 22533.18181818181818181818 1982.92 .088
38 xxx 6.49908406269082027274 63.86 9.826
39 xxx 2.81052222721491511998 369.03 131.303
40 xxx 67.40228594754566792529 1320.95 19.598
41 xxx 14.12741518562103336250 1404.59 99.423
42 xxx 14.26682166616790589535 1239.53 86.882
43 xxx 12.49317787149590672289 50.36 4.031
44 xxx 15.19614089378356239191 333.92 21.974
45 xxx 3.34549878345498783454 2.75 .822
46 xxx 409.12155260469867211440 400.53 .979
47 xxx 74.72352581105896755764 366.22 4.901
48 xxx 797.45965834428383705650 30343.34 38.050
49 xxx 61.00591056094568975131 547.04 8.967
50 xxx 4.92534917322202600738 30.68 6.229
51 xxx 5.49649830712861184546 355.53 64.683
52 xxx 248.10425707371807870652 18352.52 73.971
53 xxx .65956367326230339928 1.30 1.971
54 xxx 2.69825268817204301075 8.03 2.976
55 xxx 176.03053435114503816793 1637.26 9.301
56 xxx 42.13771202850282704670 544.04 12.911
58 xxx 4.77414939382088384825 634.79 132.964
59 xxx 5.35119296776894097948 63.92 11.945
60 xxx .80517439101550142360 162.89 202.304
61 xxx 298.03689064558629776021 1583.47 5.313
62 xxx 19.97049510650546919976 555.02 27.792
63 xxx .00284456806024163025 0.36 126.557
64 xxx 6.63680022937423840584 92.59 13.951
65 xxx 4.36528429151077620277 82.84 18.977
66 xxx 363.31928498764714431041 50000 137.620
67 xxx 1725.19462102689486552567 35280.23 20.450
68 xxx 107.12304644508034338542 1459.98 13.629
69 xxx 278.25757575757575757575 73.46 .264
71 xxx 76452.59938837920489296636 50000 .654
72 xxx 1.64175768027080539056 154.23 93.942
78 xxx 4.50537861210715039021 42.72 9.482
79 xxx 11.54726232634159629528 42.39 3.671
80 xxx 44.47928544279741543139 468.10 10.524
81 xxx -1923076.92307692307692307692 50000 -.026
83 xxx 437.25022081136150973756 50000 114.351
84 xxx 8938.14801573114050768680 50000 5.594
87 xxx 629.90538821069075424871 50000 79.377
88 xxx 4593.05530038581664523240 50000 10.886
89 xxx 15923.56687898089171974522 50000 3.140
90 xxx 1304.83572118270309768000 50000 38.319
93 xxx 406504.06504065040650406504 50000 .123
94 xxx 40983.60655737704918032786 50000 1.220
95 xxx 2657.17170643566987298719 50000 18.817
96 xxx 775.57858162188992988769 50000 64.468
97 xxx 4637.35856056390280096457 50000 10.782
98 xxx 237.59741494012545143508 50000 210.440
99 xxx 1130.12227923061275229979 50000 44.243
100 xxx 722.53291137411309085128 50000 69.201
101 xxx 663.74618345944510819062 50000 75.330
104 xxx 281.16582598084698393418 50000 177.831
105 xxx 4532.26976069615663524292 50000 11.032
108 xxx 2787.37874902441743784145 50000 17.938
110 xxx 50505.05050505050505050505 50000 .990
112 xxx 1646.09053497942386831275 50000 30.375
113 xxx 3151.39291566872557670490 50000 15.866
115 xxx 1809.03795361626686927891 50000 27.639
116 xxx 4204.86081910688756202169 50000 11.891
117 xxx 406504.06504065040650406504 50000 .123
119 xxx 1529.61331375428291727851 50000 32.688
121 xxx 44130.62665489849955869373 50000 1.133
123 xxx 1916.29618273800398589606 50000 26.092
125 xxx 563.05038174815882525168 50000 88.802
126 xxx 6189.65090368903193859866 50000 8.078
128 xxx 27563.39581036383682469680 50000 1.814
130 xxx 57208.23798627002288329519 50000 .874
131 xxx 26096.03340292275574112734 50000 1.916
132 xxx 598.12189724265805371134 50000 83.595
133 xxx 228.15215010586259764912 50000 219.152
134 xxx 8208.83270398949269413889 50000 6.091
135 xxx 402.84894775854845467143 50000 124.116
136 xxx 1297.55540561581979550526 50000 38.534
137 xxx 510204.08163265306122448979 50000 .098
139 xxx 7418.39762611275964391691 50000 6.740
140 xxx 3070.68721979979119326905 50000 16.283
141 xxx 3926.18767177071063996859 50000 12.735
142 xxx 1926.04006163328197226502 50000 25.960
144 xxx 398.76542225270562338998 50000 125.387
145 xxx 3437.37109858380310738347 50000 14.546
147 xxx 371.58973520515469280676 50000 134.557
148 xxx 2203.51681283328191794103 50000 22.691
149 xxx 5221.93211488250652741514 50000 9.575
150 xxx 6482.56190846622585245689 50000 7.713
151 xxx 4044.98017959711997411212 50000 12.361
152 xxx 396825.39682539682539682539 50000 .126
153 xxx 1145.26547253653396857391 50000 43.658
154 xxx 8336.11203734578192730910 50000 5.998
155 xxx 1782.91256596776494080730 50000 28.044
156 xxx 511.95937090432503276539 50000 97.664
157 xxx 236.62366425941525560088 50000 211.306
158 xxx 2950.02655023895215056935 50000 16.949
159 xxx 268817.20430107526881720430 50000 .186
161 xxx 156739.81191222570532915360 50000 .319
163 xxx 4737.54026909228728444191 50000 10.554
164 xxx 312.10596621765021660154 50000 160.202
165 xxx 556.14259496134808965018 50000 89.905
167 xxx 400000.00000000000000000000 50000 .125
169 xxx 911.92617045723978186726 50000 54.829
170 xxx 1085.28141347051290399600 50000 46.071
171 xxx 485436.89320388349514563106 50000 .103
172 xxx 2838.00658417527528663866 50000 17.618
173 xxx 4580.01282403590730054044 50000 10.917
174 xxx 9314.45603576751117734724 50000 5.368
175 xxx 1657.44024927901349156362 50000 30.167
176 xxx 3588.86017800746482917025 50000 13.932
177 xxx 11281.58844765342960288808 50000 4.432
179 xxx 230414.74654377880184331797 50000 .217
180 xxx 10401.49781568545870605367 50000 4.807
182 xxx 3106.16885133875877492700 50000 16.097
184 xxx 912.89185883040295046648 50000 54.771
185 xxx 5938.24228028503562945368 50000 8.420
186 xxx 29103.60884749708963911525 50000 1.718
189 xxx 1721.05190692551287346826 50000 29.052
191 xxx 4881.85901191173598906463 50000 10.242
193 xxx 2724.94413864515777426562 50000 18.349
195 xxx 4577.49702462693399249290 50000 10.923
197 xxx 393.12193856290344138945 50000 127.187
198 xxx 572.57371886630403664471 50000 87.325
200 xxx 17176.22810030917210580556 50000 2.911
201 xxx 8152.61699005380727213435 50000 6.133
202 xxx 1005.93501659792777386580 50000 49.705
205 xxx 220.72618916234411212890 50000 226.525
207 xxx 2672.79627946757898113005 50000 18.707
210 xxx 3958.82818685669041963578 50000 12.630
211 xxx 2372.02903363537169694957 50000 21.079
214 xxx 510.22490713906690068982 50000 97.996
216 xxx 274725.27472527472527472527 50000 .182
217 xxx 2123.95395267830593432734 50000 23.541
218 xxx 27609.05577029265599116510 50000 1.811
219 xxx 4144.56233421750663129973 50000 12.064
220 xxx 414.23304751253054968725 50000 120.705
221 xxx 3736.64150661385546670652 50000 13.381
222 xxx 4513.85754265595377809876 50000 11.077
223 xxx 1388.15625086759765679224 50000 36.019
224 xxx 428.99306747202965200082 50000 116.552
227 xxx 1940.24058983313930927435 50000 25.770
228 xxx 915.88511137162954279015 50000 54.592
229 xxx 2883.17379771652635220851 50000 17.342
230 xxx 15827.79360557138334916112 50000 3.159
231 xxx 4572.89189683555880738979 50000 10.934
232 xxx 1996.32675876387447097340 50000 25.046
234 xxx 1843.25001843250018432500 50000 27.126
236 xxx 3977.09195036589245943366 50000 12.572
237 xxx 646.61304089180870599798 50000 77.326
238 xxx 409836.06557377049180327868 50000 .122
240 xxx 379.86127466249325746237 50000 131.627
241 xxx 4904.84598783598195016676 50000 10.194
242 xxx 1836.21006243114212265883 50000 27.230
243 xxx 6496.03741717552293101208 50000 7.697
244 xxx 20807.32417811069496462754 50000 2.403
245 xxx 826.76058666931230054400 50000 60.477
246 xxx 1062.31542269530669046253 50000 47.067
247 xxx 1564.01513966655197222309 50000 31.969
249 xxx 2557.02158126214585251099 50000 19.554
250 xxx 17901.89760114572144647332 50000 2.793
252 xxx 64267.35218508997429305912 50000 .778
255 xxx 7279.07992429756878730528 50000 6.869
256 xxx 9095.87047480443878479170 50000 5.497
257 xxx 402.09410610459271887992 50000 124.349
260 xxx 744.64599529383730974294 50000 67.146
261 xxx 2350.50770966528770214366 50000 21.272
262 xxx 22532.67237494366831906264 50000 2.219
263 xxx 1463.05779078273591806876 50000 34.175
264 xxx 1553.51871990057480192636 50000 32.185
266 xxx 7262.16412490922294843863 50000 6.885
267 xxx 2040.56646124964290086928 50000 24.503
268 xxx 1468.98962893321973146869 50000 34.037
269 xxx 604.35376451959919258337 50000 82.733
270 xxx 4918.35530198701554200275 50000 10.166
271 xxx 3687.85956630771500221271 50000 13.558
273 xxx 54112.55411255411255411255 50000 .924
276 xxx 1664.50281300975398648423 50000 30.039
277 xxx 686.54912945570385016751 50000 72.828
278 xxx 1078.35313908598787931071 50000 46.367
279 xxx 1193.45984007638142976488 50000 41.895
281 xxx 299.07525929824981158258 50000 167.182
282 xxx 45004.50045004500450045004 50000 1.111
283 xxx 418.92888263288424157115 50000 119.352
285 xxx 4290.00429000429000429000 50000 11.655
286 xxx 488.20020113848286905494 50000 102.417
287 xxx 7594.16767922235722964763 50000 6.584
288 xxx 110864.74501108647450110864 50000 .451
290 xxx 5648.44103027564392227745 50000 8.852
291 xxx 1568.92277762088550001568 50000 31.869
292 xxx 3676.74093683359070519891 50000 13.599
293 xxx 4063.71911573472041612483 50000 12.304
294 xxx 4855.31171101184696057486 50000 10.298
295 xxx 1643.92569455860595101101 50000 30.415
296 xxx 973.84258808406209220341 50000 51.343
297 xxx 428.44534322756445960188 50000 116.701
298 xxx 16914.74966170500676589986 50000 2.956
301 xxx 384615.38461538461538461538 50000 .130
302 xxx 1303.74696878829756720815 50000 38.351
303 xxx 1765.28738878689450642564 50000 28.324
304 xxx 2731.94186427712818271227 50000 18.302
305 xxx 32237.26627981947130883301 50000 1.551
307 xxx 2300.75464752438799926375 50000 21.732
308 xxx 9669.30961129375362599110 50000 5.171
309 xxx 885.94361854811559792334 50000 56.437
311 xxx 4948.04552201880257298367 50000 10.105
312 xxx 5886.50812338121026607016 50000 8.494
313 xxx 1153.93491807062081698592 50000 43.330
314 xxx 17319.01627987530308278489 50000 2.887
315 xxx 664.05471810877216282621 50000 75.295
316 xxx 17452.00698080279232111692 50000 2.865
318 xxx 336.20678061835151091327 50000 148.718
319 xxx 2818.17157028519896291286 50000 17.742
320 xxx 1111.77817801792186422964 50000 44.973
323 xxx 1528.49107361213010516018 50000 32.712
324 xxx 2303.61667818475005759041 50000 21.705
325 xxx 4082.63248142402220952069 50000 12.247
326 xxx 41528.23920265780730897009 50000 1.204
327 xxx 1028.17191034340941805469 50000 48.630
328 xxx 1882.81367675854797409248 50000 26.556
329 xxx 647.29108680173474011262 50000 77.245
330 xxx 6350.81925568398323383716 50000 7.873
331 xxx 4169.09864087384307512715 50000 11.993
332 xxx 19857.02938840349483717235 50000 2.518
333 xxx 635.00933463721916712175 50000 78.739
334 xxx 4012.19707912052640025678 50000 12.462
335 xxx 1603.02651405854252829341 50000 31.191
336 xxx 151515.15151515151515151515 50000 .330
337 xxx 348.22093922151726827637 50000 143.587
338 xxx 3358.40945728103170338527 50000 14.888
340 xxx 2803.94795872588604755495 50000 17.832
341 xxx 219.36174506655435345319 50000 227.934
342 xxx 1113.46175258879857476895 50000 44.905
344 xxx 4604.47555023482825306197 50000 10.859
345 xxx 176.40728914918764443346 50000 283.435
346 xxx 417.62720924793692158631 50000 119.724
347 xxx 5092.68690160928906090853 50000 9.818
349 xxx 3658.17968978636230611647 50000 13.668
350 xxx 24727.99208704253214638971 50000 2.022
351 xxx 59523.80952380952380952380 50000 .840
352 xxx 3595.82883854728514922689 50000 13.905
353 xxx 5035.75385235169704904824 50000 9.929
354 xxx 6277.46390458254865034526 50000 7.965
355 xxx 4596.01066274473756779115 50000 10.879
356 xxx 19364.83346243222308288148 50000 2.582
358 xxx 51546.39175257731958762886 50000 .970
359 xxx 648.25619084662258524568 50000 77.130
361 xxx 207468.87966804979253112033 50000 .241
362 xxx 238.03629577437967741321 50000 210.052
366 xxx 6713.21160042964554242749 50000 7.448
368 xxx 553.13405757019271190565 50000 90.394
369 xxx 411.32628045871106796755 50000 121.558
370 xxx 1570.94382304888777177328 50000 31.828
376 xxx 250.76105981654320863821 50000 199.393
378 xxx 647.43357331537784223338 50000 77.228
380 xxx 1888.50279498413657652213 50000 26.476
382 xxx 673.54581458630816068108 50000 74.234
384 xxx 5912.26203145323400733120 50000 8.457
385 xxx 4445.62994576331466168756 50000 11.247
386 xxx 14417.53171856978085351787 50000 3.468
387 xxx 2727.76868521549372613202 50000 18.330
388 xxx 555555.55555555555555555555 50000 .090
389 xxx 1077.35401853048911872441 50000 46.410
390 xxx 333333.33333333333333333333 50000 .150
392 xxx 2140.31933564487821582980 50000 23.361
393 xxx 769.00598286654670173333 50000 65.019
394 xxx 1371.36588041689522764673 50000 36.460
395 xxx 561797.75280898876404494382 50000 .089
396 xxx 12619.88894497728419989904 50000 3.962
398 xxx 13157.89473684210526315789 50000 3.800
399 xxx 1612.90322580645161290322 50000 31.000
400 xxx 1348.07225667295767053114 50000 37.090
