1 xxx 72.76854447120129485610 1843.3 25.331
2 xxx 97087.37864077669902912621 10000 .103
3 xxx 3.87422344639015661754 192.7 49.739
4 xxx 481.81161165984100216815 10000 20.755
7 xxx 7.69997437138707748383 270.4 35.117
10 xxx 4.86885403022267659180 152.4 31.301
11 xxx 101.70767180968460450971 10000 98.321
12 xxx .40160642570281124497 0.1 .249
13 xxx 249.58572339069471000637 3132.8 12.552
15 xxx 28.01193584483401715777 75.1 2.681
16 xxx 10.84445268099827032369 2457.7 226.632
17 xxx 12.05162077024692612539 237.2 19.682
18 xxx 43.71560961482768607008 603.8 13.812
19 xxx 42.62619774102028799314 2388.9 56.043
20 xxx 104.32859333757602946239 10000 95.851
21 xxx 1937.23363037582332429290 10000 5.162
22 xxx 420.18572208916341022732 10000 23.799
24 xxx 2.52224158488489406585 27.5 10.903
27 xxx 25000.00000000000000000000 10000 .400
28 xxx 79.25437484149125031701 10000 126.176
29 xxx 99.35913358835510954344 10000 100.645
30 xxx 13.92778011610454173648 1753.8 125.921
31 xxx 90.55286671630677587490 972.9 10.744
34 xxx 0 0.0 .052
36 xxx 63.99782558049235070280 824.1 12.877
37 xxx 0 0.0 .048
38 xxx 12.72351115708585783951 172.2 13.534
40 xxx 69.22856528901941121696 1933.0 27.922
41 xxx 10.07217847769028871391 1749.9 173.736
42 xxx 14.80001011966503908720 1755.0 118.581
43 xxx 65.13032422123331214240 409.8 6.292
44 xxx 25.90372258319273432171 721.6 27.857
45 xxx 111.41672946495855312735 295.7 2.654
46 xxx 2335.97359735973597359735 2123.4 .909
47 xxx 56.63503753009488740971 399.9 7.061
48 xxx 140.57624736472241742796 9001.8 64.035
49 xxx 50.05118513268761319788 635.6 12.699
50 xxx 5.25701982596214228043 58.6 11.147
51 xxx 14.65344609701565082142 1507.4 102.870
52 xxx 33.71378547124310396088 2041.1 60.542
53 xxx 1.15519839276745354093 2.3 1.991
54 xxx 244.02245706737120211360 738.9 3.028
55 xxx 73.41912391341401056758 861.5 11.734
56 xxx 87.21969166082690960056 1991.4 22.832
59 xxx 5.59558584875040571243 86.2 15.405
61 xxx 171.83996708834721793685 1670.8 9.723
62 xxx 579.46541448437782192523 3208.5 5.537
63 xxx 63.03222837836986050967 10000 158.649
64 xxx 14.88676996424314660309 249.8 16.780
65 xxx 44.40824378652239542078 2971.4 66.911
66 xxx 58.29340235272171895584 10000 171.546
67 xxx 182.78523278523278523278 5802.7 31.746
68 xxx 274.88386156848731410978 10000 36.379
69 xxx 182.29166666666666666666 70.0 .384
71 xxx 14746.88796680497925311203 7108.0 .482
72 xxx 33.12213240113611535940 3941.6 119.002
78 xxx 6.42961519727228446176 79.2 12.318
79 xxx 72.51070663811563169164 270.9 3.736
80 xxx 27.37434358589647411852 364.9 13.330
