1 xxx 60.06386653198214343901 1843.3 30.689
2 xxx 176678.44522968197879858657 50000 .283
3 xxx 2.99978206046265450356 192.7 64.238
4 xxx 1419.28874234573716439001 18078.9 12.738
7 xxx 19.35437692362751413642 270.4 13.971
8 xxx 197.39673189970666845639 50000 253.297
10 xxx 5.61864031853708892493 152.4 27.124
11 xxx 5542.00842385280425626246 50000 9.022
12 xxx .31250000000000000000 0.1 .320
13 xxx 280.13949745148886703031 3132.8 11.183
15 xxx 39.58882445967316816025 75.1 1.897
16 xxx 65.78426124197002141327 2457.7 37.360
17 xxx 12.97948016415868673050 237.2 18.275
18 xxx 54.67222021006881564650 603.8 11.044
19 xxx 59.65836725520065929126 2388.9 40.043
20 xxx 306.65853902935969805270 18362.1 59.878
21 xxx 21673.16861725184221933246 50000 2.307
22 xxx 1058.04825071755488325188 13639.3 12.891
24 xxx 3.19693094629156010230 27.5 8.602
26 xxx 244.30285736621975530625 50000 204.664
27 xxx 78125.00000000000000000000 50000 .640
28 xxx 3452.32341365739142442864 50000 14.483
29 xxx 754.36399571521250433759 50000 66.281
30 xxx 25.58499153877574838069 1753.8 68.548
31 xxx 108.28046744574290484140 972.9 8.985
34 xxx .01075268817204301075 0.001 .093
35 xxx 14848.36806920959496657491 37759.4 2.543
36 xxx 92.99255247122545700744 824.1 8.862
37 xxx .01136363636363636363 0.001 .088
38 xxx 17.52493384897211479747 172.2 9.826
39 xxx 65.45166523232523247755 8594.0 131.303
40 xxx 98.63251352178793754464 1933.0 19.598
41 xxx 17.60055520352433541534 1749.9 99.423
42 xxx 20.19981123823116410764 1755.0 86.882
43 xxx 101.66211858099727114859 409.8 4.031
44 xxx 32.83880950213889141712 721.6 21.974
45 xxx 359.73236009732360097323 295.7 .822
46 xxx 2168.94790602655771195097 2123.4 .979
47 xxx 81.59559273617629055294 399.9 4.901
48 xxx 236.57818659658344283837 9001.8 38.050
49 xxx 70.88212334113973458235 635.6 8.967
50 xxx 9.40760956814898057473 58.6 6.229
51 xxx 23.30442310962694989409 1507.4 64.683
52 xxx 27.59324600181152073109 2041.1 73.971
53 xxx 1.16692034500253678335 2.3 1.971
54 xxx 248.28629032258064516129 738.9 2.976
55 xxx 92.62444898398021718094 861.5 9.301
56 xxx 154.24057005654093408721 1991.4 12.911
58 xxx 376.04163532986372251135 50000 132.964
59 xxx 7.21640853913771452490 86.2 11.945
60 xxx 16.62992328377095855741 3364.3 202.304
61 xxx 314.47393186523621306230 1670.8 5.313
62 xxx 115.44689119170984455958 3208.5 27.792
63 xxx 395.07889725578197966133 50000 126.557
64 xxx 17.90552648555659092538 249.8 13.951
65 xxx 156.57901670443168045528 2971.4 18.977
66 xxx 363.31928498764714431041 50000 137.620
67 xxx 283.75061124694376528117 5802.7 20.450
68 xxx 2150.50994203536576417932 29309.3 13.629
69 xxx 265.15151515151515151515 70.0 .264
71 xxx 10868.50152905198776758409 7108.0 .654
72 xxx 41.95780375125077175278 3941.6 93.942
78 xxx 8.35266821345707656612 79.2 9.482
79 xxx 73.79460637428493598474 270.9 3.671
80 xxx 34.67312808817939946788 364.9 10.524
