1 xxx 20.94040209847176512757 642.64 30.689
2 xxx 16.99646643109540636042 4.81 .283
3 xxx 25.69304772875867866371 1650.47 64.238
4 xxx 443.78552363008321557544 5652.94 12.738
7 xxx 16.43976809104573759931 229.68 13.971
8 xxx 197.39673189970666845639 50000 253.297
10 xxx 4.34117386816103819495 117.75 27.124
11 xxx 5542.00842385280425626246 50000 9.022
12 xxx 942.62500000000000000000 301.64 .320
13 xxx 146.66547438075650540999 1640.16 11.183
15 xxx 74.25935687928307854507 140.87 1.897
16 xxx 3.91809421841541755888 146.38 37.360
17 xxx 14.84651162790697674418 271.32 18.275
18 xxx 49.15791379934806229626 542.90 11.044
19 xxx 33.46952026571435706615 1340.22 40.043
20 xxx 86.34072614315775410000 5169.91 59.878
21 xxx 118.06675335934113567403 272.38 2.307
22 xxx 229.55317663486153130090 2959.17 12.891
24 xxx .89397814461753080678 7.69 8.602
26 xxx 244.30285736621975530625 50000 204.664
27 xxx 32.23437500000000000000 20.63 .640
28 xxx 25.96906718221362977283 376.11 14.483
29 xxx 20.99666571113893876073 1391.68 66.281
30 xxx 7.73749781175234871914 530.39 68.548
31 xxx 39.95882025598219254312 359.03 8.985
34 xxx 537634.40860215053763440860 50000 .093
35 xxx 242.83130161226897365316 617.52 2.543
36 xxx 35.27533288196795305800 312.61 8.862
37 xxx 22533.18181818181818181818 1982.92 .088
38 xxx 6.49908406269082027274 63.86 9.826
39 xxx 2.81052222721491511998 369.03 131.303
40 xxx 67.40228594754566792529 1320.95 19.598
41 xxx 14.12741518562103336250 1404.59 99.423
42 xxx 14.26682166616790589535 1239.53 86.882
43 xxx 12.49317787149590672289 50.36 4.031
44 xxx 15.19614089378356239191 333.92 21.974
45 xxx 3.34549878345498783454 2.75 .822
46 xxx 409.12155260469867211440 400.53 .979
47 xxx 74.72352581105896755764 366.22 4.901
48 xxx 797.45965834428383705650 30343.34 38.050
49 xxx 61.00591056094568975131 547.04 8.967
50 xxx 4.92534917322202600738 30.68 6.229
51 xxx 5.49649830712861184546 355.53 64.683
52 xxx 248.10425707371807870652 18352.52 73.971
53 xxx .65956367326230339928 1.30 1.971
54 xxx 2.69825268817204301075 8.03 2.976
55 xxx 176.03053435114503816793 1637.26 9.301
56 xxx 42.13771202850282704670 544.04 12.911
58 xxx 4.77414939382088384825 634.79 132.964
59 xxx 5.35119296776894097948 63.92 11.945
60 xxx .80517439101550142360 162.89 202.304
61 xxx 298.03689064558629776021 1583.47 5.313
62 xxx 19.97049510650546919976 555.02 27.792
63 xxx .00284456806024163025 0.36 126.557
64 xxx 6.63680022937423840584 92.59 13.951
65 xxx 4.36528429151077620277 82.84 18.977
66 xxx 363.31928498764714431041 50000 137.620
67 xxx 1725.19462102689486552567 35280.23 20.450
68 xxx 107.12304644508034338542 1459.98 13.629
69 xxx 278.25757575757575757575 73.46 .264
71 xxx 76452.59938837920489296636 50000 .654
72 xxx 1.64175768027080539056 154.23 93.942
78 xxx 4.50537861210715039021 42.72 9.482
79 xxx 11.54726232634159629528 42.39 3.671
80 xxx 44.47928544279741543139 468.10 10.524
