0.00146
0.00171
0.00171
0.00195
0.00195
0.00195
0.00219
0.00220
0.00220
0.00220
0.00220
0.00223
0.00226
0.00229
0.00232
0.00244
0.00244
0.00244
0.00244
0.00247
0.00247
0.00249
0.00256
0.00256
0.00269
0.00269
0.00269
0.00269
0.00269
0.00269
0.00269
0.00269
0.00281
0.00281
0.00282
0.00293
0.00293
0.00293
0.00295
0.00305
0.00305
0.00307
0.00309
0.00317
0.00317
0.00317
0.00323
0.00342
0.00348
0.00366
0.00378
0.00391
0.00397
0.00415
0.00415
0.00427
0.00439
0.00439
0.00439
0.00446
0.00446
0.00450
0.00464
0.00464
0.00464
0.00464
0.00464
0.00464
0.00488
0.00488
0.00488
0.00488
0.00500
0.00510
0.00513
0.00513
0.00513
0.00513
0.00513
0.00513
0.00513
0.00516
0.00525
0.00534
0.00535
0.00537
0.00537
0.00537
0.00537
0.00537
0.00537
0.00537
0.00537
0.00537
0.00537
0.00545
0.00549
0.00549
0.00555
0.00558
0.00562
0.00562
0.00562
0.00562
0.00562
0.00562
0.00562
0.00562
0.00562
0.00562
0.00563
0.00568
0.00574
0.00574
0.00574
0.00574
0.00580
0.00586
0.00586
0.00586
0.00586
0.00586
0.00586
0.00586
0.00586
0.00592
0.00592
0.00598
0.00598
0.00598
0.00598
0.00600
0.00604
0.00610
0.00610
0.00610
0.00610
0.00610
0.00610
0.00610
0.00610
0.00610
0.00610
0.00610
0.00610
0.00610
0.00610
0.00621
0.00623
0.00623
0.00623
0.00623
0.00623
0.00635
0.00635
0.00635
0.00635
0.00635
0.00635
0.00635
0.00635
0.00635
0.00635
0.00635
0.00635
0.00635
0.00635
0.00641
0.00642
0.00647
0.00647
0.00647
0.00647
0.00647
0.00653
0.00653
0.00653
0.00659
0.00659
0.00659
0.00659
0.00659
0.00659
0.00659
0.00659
0.00659
0.00659
0.00659
0.00659
0.00659
0.00659
0.00659
0.00659
0.00659
0.00659
0.00665
0.00667
0.00671
0.00671
0.00671
0.00671
0.00677
0.00677
0.00677
0.00684
0.00684
0.00684
0.00684
0.00684
0.00684
0.00684
0.00684
0.00684
0.00684
0.00684
0.00684
0.00684
0.00684
0.00684
0.00684
0.00684
0.00684
0.00684
0.00684
0.00690
0.00690
0.00690
0.00696
0.00696
0.00696
0.00696
0.00700
0.00703
0.00708
0.00708
0.00708
0.00708
0.00708
0.00708
0.00708
0.00708
0.00708
0.00708
0.00708
0.00708
0.00708
0.00708
0.00708
0.00708
0.00708
0.00708
0.00708
0.00708
0.00708
0.00708
0.00708
0.00708
0.00708
0.00708
0.00708
0.00708
0.00708
0.00711
0.00720
0.00720
0.00720
0.00720
0.00720
0.00720
0.00720
0.00726
0.00726
0.00729
0.00732
0.00732
0.00732
0.00732
0.00732
0.00732
0.00732
0.00732
0.00732
0.00732
0.00732
0.00732
0.00732
0.00732
0.00732
0.00732
0.00732
0.00732
0.00732
0.00732
0.00732
0.00732
0.00732
0.00732
0.00732
0.00732
0.00732
0.00732
0.00732
0.00732
0.00732
0.00732
0.00732
0.00732
0.00735
0.00739
0.00739
0.00742
0.00742
0.00745
0.00745
0.00745
0.00745
0.00745
0.00745
0.00745
0.00745
0.00745
0.00745
0.00745
0.00748
0.00751
0.00751
0.00757
0.00757
0.00757
0.00757
0.00757
0.00757
0.00757
0.00757
0.00757
0.00757
0.00757
0.00757
0.00757
0.00757
0.00757
0.00757
0.00757
0.00757
0.00757
0.00757
0.00757
0.00757
0.00757
0.00757
0.00757
0.00757
0.00757
0.00757
0.00757
0.00757
0.00757
0.00757
0.00757
0.00757
0.00757
0.00757
0.00757
0.00757
0.00757
0.00757
0.00757
0.00757
0.00763
0.00763
0.00763
0.00763
0.00763
0.00766
0.00769
0.00769
0.00769
0.00769
0.00769
0.00769
0.00769
0.00769
0.00769
0.00769
0.00769
0.00769
0.00769
0.00769
0.00769
0.00769
0.00769
0.00775
0.00775
0.00778
0.00780
0.00781
0.00781
0.00781
0.00781
0.00781
0.00781
0.00781
0.00781
0.00781
0.00781
0.00781
0.00781
0.00781
0.00781
0.00781
0.00781
0.00781
0.00781
0.00781
0.00781
0.00781
0.00781
0.00781
0.00781
0.00781
0.00781
0.00781
0.00781
0.00781
0.00781
0.00781
0.00781
0.00781
0.00781
0.00781
0.00781
0.00781
0.00781
0.00781
0.00781
0.00781
0.00781
0.00781
0.00781
0.00781
0.00781
0.00781
0.00783
0.00784
0.00786
0.00787
0.00787
0.00787
0.00787
0.00787
0.00787
0.00787
0.00793
0.00793
0.00793
0.00793
0.00793
0.00793
0.00793
0.00793
0.00793
0.00793
0.00795
0.00797
0.00800
0.00801
0.00803
0.00806
0.00806
0.00806
0.00806
0.00806
0.00806
0.00806
0.00806
0.00806
0.00806
0.00806
0.00806
0.00806
0.00806
0.00806
0.00806
0.00806
0.00806
0.00806
0.00806
0.00806
0.00806
0.00806
0.00806
0.00806
0.00806
0.00806
0.00806
0.00806
0.00806
0.00806
0.00806
0.00806
0.00806
0.00806
0.00806
0.00806
0.00806
0.00806
0.00806
0.00806
0.00806
0.00806
0.00806
0.00806
0.00806
0.00806
0.00806
0.00806
0.00806
0.00806
0.00806
0.00806
0.00806
0.00806
0.00806
0.00806
0.00806
0.00806
0.00806
0.00806
0.00806
0.00806
0.00806
0.00806
0.00806
0.00806
0.00806
0.00806
0.00806
0.00806
0.00806
0.00806
0.00806
0.00806
0.00806
0.00806
0.00807
0.00807
0.00812
0.00812
0.00812
0.00812
0.00818
0.00818
0.00818
0.00818
0.00818
0.00818
0.00818
0.00818
0.00818
0.00818
0.00818
0.00818
0.00818
0.00818
0.00818
0.00818
0.00818
0.00818
0.00818
0.00818
0.00821
0.00824
0.00824
0.00824
0.00824
0.00824
0.00826
0.00830
0.00830
0.00830
0.00830
0.00830
0.00830
0.00830
0.00830
0.00830
0.00830
0.00830
0.00830
0.00830
0.00830
0.00830
0.00830
0.00830
0.00830
0.00830
0.00830
0.00830
0.00830
0.00830
0.00830
0.00830
0.00830
0.00830
0.00830
0.00830
0.00830
0.00830
0.00830
0.00830
0.00830
0.00830
0.00830
0.00830
0.00830
0.00830
0.00830
0.00830
0.00830
0.00830
0.00830
0.00830
0.00830
0.00830
0.00830
0.00830
0.00830
0.00830
0.00830
0.00830
0.00830
0.00830
0.00830
0.00830
0.00830
0.00830
0.00830
0.00830
0.00830
0.00830
0.00830
0.00830
0.00830
0.00830
0.00830
0.00830
0.00830
0.00830
0.00830
0.00830
0.00833
0.00836
0.00836
0.00836
0.00839
0.00839
0.00842
0.00842
0.00842
0.00842
0.00842
0.00842
0.00842
0.00842
0.00842
0.00842
0.00845
0.00848
0.00848
0.00848
0.00848
0.00848
0.00848
0.00848
0.00848
0.00848
0.00853
0.00853
0.00854
0.00854
0.00854
0.00854
0.00854
0.00854
0.00854
0.00854
0.00854
0.00854
0.00854
0.00854
0.00854
0.00854
0.00854
0.00854
0.00854
0.00854
0.00854
0.00854
0.00854
0.00854
0.00854
0.00854
0.00854
0.00854
0.00854
0.00854
0.00854
0.00854
0.00854
0.00854
0.00854
0.00854
0.00854
0.00854
0.00854
0.00854
0.00854
0.00854
0.00854
0.00854
0.00854
0.00854
0.00854
0.00854
0.00854
0.00854
0.00854
0.00854
0.00854
0.00854
0.00854
0.00854
0.00854
0.00854
0.00854
0.00854
0.00854
0.00854
0.00854
0.00854
0.00854
0.00854
0.00854
0.00854
0.00854
0.00854
0.00854
0.00854
0.00854
0.00854
0.00854
0.00854
0.00854
0.00854
0.00854
0.00854
0.00854
0.00854
0.00854
0.00854
0.00854
0.00854
0.00854
0.00854
0.00854
0.00854
0.00854
0.00854
0.00854
0.00854
0.00854
0.00858
0.00858
0.00860
0.00861
0.00861
0.00861
0.00861
0.00861
0.00861
0.00861
0.00861
0.00861
0.00861
0.00861
0.00864
0.00864
0.00867
0.00867
0.00867
0.00867
0.00867
0.00867
0.00867
0.00867
0.00867
0.00867
0.00867
0.00867
0.00867
0.00867
0.00867
0.00867
0.00867
0.00867
0.00867
0.00867
0.00867
0.00867
0.00867
0.00867
0.00867
0.00867
0.00867
0.00867
0.00868
0.00869
0.00870
0.00870
0.00870
0.00870
0.00871
0.00873
0.00873
0.00873
0.00873
0.00873
0.00873
0.00873
0.00873
0.00876
0.00876
0.00879
0.00879
0.00879
0.00879
0.00879
0.00879
0.00879
0.00879
0.00879
0.00879
0.00879
0.00879
0.00879
0.00879
0.00879
0.00879
0.00879
0.00879
0.00879
0.00879
0.00879
0.00879
0.00879
0.00879
0.00879
0.00879
0.00879
0.00879
0.00879
0.00879
0.00879
0.00879
0.00879
0.00879
0.00879
0.00879
0.00879
0.00879
0.00879
0.00879
0.00879
0.00879
0.00879
0.00879
0.00879
0.00879
0.00879
0.00879
0.00879
0.00879
0.00879
0.00879
0.00879
0.00879
0.00879
0.00879
0.00879
0.00879
0.00879
0.00879
0.00879
0.00879
0.00879
0.00879
0.00879
0.00879
0.00879
0.00879
0.00879
0.00879
0.00879
0.00879
0.00879
0.00879
0.00879
0.00879
0.00879
0.00879
0.00879
0.00879
0.00879
0.00879
0.00879
0.00879
0.00879
0.00879
0.00879
0.00879
0.00879
0.00879
0.00879
0.00879
0.00879
0.00879
0.00879
0.00879
0.00879
0.00879
0.00879
0.00879
0.00879
0.00879
0.00879
0.00879
0.00879
0.00879
0.00879
0.00879
0.00879
0.00879
0.00879
0.00879
0.00879
0.00879
0.00879
0.00879
0.00880
0.00882
0.00882
0.00883
0.00885
0.00885
0.00885
0.00885
0.00885
0.00885
0.00885
0.00885
0.00886
0.00887
0.00887
0.00888
0.00888
0.00890
0.00891
0.00891
0.00891
0.00891
0.00891
0.00891
0.00891
0.00891
0.00891
0.00891
0.00891
0.00891
0.00891
0.00891
0.00891
0.00891
0.00891
0.00891
0.00891
0.00891
0.00891
0.00891
0.00891
0.00891
0.00891
0.00891
0.00891
0.00891
0.00891
0.00891
0.00891
0.00892
0.00894
0.00894
0.00897
0.00897
0.00897
0.00897
0.00897
0.00897
0.00897
0.00897
0.00897
0.00897
0.00897
0.00900
0.00903
0.00903
0.00903
0.00903
0.00903
0.00903
0.00903
0.00903
0.00903
0.00903
0.00903
0.00903
0.00903
0.00903
0.00903
0.00903
0.00903
0.00903
0.00903
0.00903
0.00903
0.00903
0.00903
0.00903
0.00903
0.00903
0.00903
0.00903
0.00903
0.00903
0.00903
0.00903
0.00903
0.00903
0.00903
0.00903
0.00903
0.00903
0.00903
0.00903
0.00903
0.00903
0.00903
0.00903
0.00903
0.00903
0.00903
0.00903
0.00903
0.00903
0.00903
0.00903
0.00903
0.00903
0.00903
0.00903
0.00903
0.00903
0.00903
0.00903
0.00903
0.00903
0.00903
0.00903
0.00903
0.00903
0.00903
0.00903
0.00903
0.00903
0.00903
0.00903
0.00903
0.00903
0.00903
0.00903
0.00903
0.00903
0.00903
0.00903
0.00903
0.00903
0.00903
0.00903
0.00903
0.00903
0.00903
0.00903
0.00903
0.00903
0.00903
0.00903
0.00903
0.00903
0.00903
0.00903
0.00903
0.00903
0.00903
0.00903
0.00903
0.00903
0.00903
0.00903
0.00903
0.00903
0.00903
0.00903
0.00903
0.00903
0.00903
0.00903
0.00903
0.00903
0.00903
0.00903
0.00903
0.00903
0.00903
0.00903
0.00903
0.00903
0.00903
0.00903
0.00903
0.00904
0.00905
0.00909
0.00909
0.00909
0.00909
0.00909
0.00909
0.00909
0.00909
0.00909
0.00915
0.00916
0.00916
0.00916
0.00916
0.00916
0.00916
0.00916
0.00916
0.00916
0.00916
0.00916
0.00916
0.00916
0.00916
0.00916
0.00916
0.00916
0.00916
0.00916
0.00916
0.00916
0.00916
0.00916
0.00916
0.00916
0.00916
0.00916
0.00916
0.00916
0.00916
0.00916
0.00916
0.00916
0.00916
0.00916
0.00919
0.00919
0.00920
0.00922
0.00922
0.00922
0.00922
0.00922
0.00922
0.00922
0.00925
0.00925
0.00925
0.00926
0.00928
0.00928
0.00928
0.00928
0.00928
0.00928
0.00928
0.00928
0.00928
0.00928
0.00928
0.00928
0.00928
0.00928
0.00928
0.00928
0.00928
0.00928
0.00928
0.00928
0.00928
0.00928
0.00928
0.00928
0.00928
0.00928
0.00928
0.00928
0.00928
0.00928
0.00928
0.00928
0.00928
0.00928
0.00928
0.00928
0.00928
0.00928
0.00928
0.00928
0.00928
0.00928
0.00928
0.00928
0.00928
0.00928
0.00928
0.00928
0.00928
0.00928
0.00928
0.00928
0.00928
0.00928
0.00928
0.00928
0.00928
0.00928
0.00928
0.00928
0.00928
0.00928
0.00928
0.00928
0.00928
0.00928
0.00928
0.00928
0.00928
0.00928
0.00928
0.00928
0.00928
0.00928
0.00928
0.00928
0.00928
0.00928
0.00928
0.00928
0.00928
0.00928
0.00928
0.00928
0.00928
0.00928
0.00928
0.00928
0.00928
0.00928
0.00928
0.00928
0.00928
0.00928
0.00928
0.00928
0.00928
0.00928
0.00928
0.00928
0.00928
0.00928
0.00928
0.00928
0.00928
0.00928
0.00928
0.00928
0.00928
0.00928
0.00928
0.00928
0.00928
0.00928
0.00928
0.00928
0.00928
0.00928
0.00928
0.00928
0.00928
0.00928
0.00928
0.00928
0.00928
0.00928
0.00928
0.00928
0.00928
0.00928
0.00928
0.00928
0.00928
0.00928
0.00928
0.00928
0.00928
0.00928
0.00928
0.00928
0.00928
0.00928
0.00928
0.00928
0.00928
0.00928
0.00928
0.00928
0.00928
0.00928
0.00928
0.00928
0.00928
0.00928
0.00928
0.00931
0.00931
0.00931
0.00931
0.00932
0.00934
0.00934
0.00934
0.00934
0.00934
0.00934
0.00934
0.00934
0.00934
0.00937
0.00937
0.00937
0.00937
0.00940
0.00940
0.00940
0.00940
0.00940
0.00940
0.00940
0.00940
0.00940
0.00940
0.00940
0.00940
0.00940
0.00940
0.00940
0.00940
0.00940
0.00940
0.00940
0.00940
0.00940
0.00940
0.00940
0.00940
0.00940
0.00940
0.00940
0.00940
0.00940
0.00940
0.00940
0.00940
0.00940
0.00940
0.00940
0.00940
0.00940
0.00940
0.00940
0.00940
0.00940
0.00940
0.00940
0.00940
0.00943
0.00943
0.00945
0.00946
0.00946
0.00946
0.00946
0.00946
0.00946
0.00946
0.00946
0.00949
0.00949
0.00949
0.00949
0.00951
0.00951
0.00952
0.00952
0.00952
0.00952
0.00952
0.00952
0.00952
0.00952
0.00952
0.00952
0.00952
0.00952
0.00952
0.00952
0.00952
0.00952
0.00952
0.00952
0.00952
0.00952
0.00952
0.00952
0.00952
0.00952
0.00952
0.00952
0.00952
0.00952
0.00952
0.00952
0.00952
0.00952
0.00952
0.00952
0.00952
0.00952
0.00952
0.00952
0.00952
0.00952
0.00952
0.00952
0.00952
0.00952
0.00952
0.00952
0.00952
0.00952
0.00952
0.00952
0.00952
0.00952
0.00952
0.00952
0.00952
0.00952
0.00952
0.00952
0.00952
0.00952
0.00952
0.00952
0.00952
0.00952
0.00952
0.00952
0.00952
0.00952
0.00952
0.00952
0.00952
0.00952
0.00952
0.00952
0.00952
0.00952
0.00952
0.00952
0.00952
0.00952
0.00952
0.00952
0.00952
0.00952
0.00952
0.00952
0.00952
0.00952
0.00952
0.00952
0.00952
0.00952
0.00952
0.00952
0.00952
0.00952
0.00952
0.00952
0.00952
0.00952
0.00952
0.00952
0.00952
0.00952
0.00952
0.00952
0.00952
0.00952
0.00952
0.00952
0.00952
0.00952
0.00952
0.00952
0.00952
0.00952
0.00952
0.00952
0.00952
0.00952
0.00952
0.00952
0.00952
0.00952
0.00952
0.00952
0.00952
0.00952
0.00952
0.00952
0.00952
0.00952
0.00952
0.00952
0.00952
0.00952
0.00952
0.00952
0.00952
0.00952
0.00952
0.00955
0.00955
0.00956
0.00956
0.00957
0.00957
0.00958
0.00958
0.00958
0.00958
0.00958
0.00958
0.00958
0.00958
0.00958
0.00958
0.00958
0.00958
0.00958
0.00959
0.00959
0.00960
0.00960
0.00961
0.00961
0.00961
0.00962
0.00963
0.00964
0.00964
0.00964
0.00964
0.00964
0.00964
0.00964
0.00964
0.00964
0.00964
0.00964
0.00964
0.00964
0.00964
0.00964
0.00964
0.00964
0.00964
0.00964
0.00964
0.00964
0.00964
0.00964
0.00964
0.00964
0.00964
0.00964
0.00964
0.00964
0.00964
0.00964
0.00964
0.00964
0.00964
0.00964
0.00964
0.00964
0.00964
0.00964
0.00964
0.00964
0.00966
0.00966
0.00967
0.00967
0.00967
0.00967
0.00967
0.00967
0.00967
0.00967
0.00967
0.00967
0.00970
0.00970
0.00970
0.00970
0.00970
0.00974
0.00974
0.00974
0.00977
0.00977
0.00977
0.00977
0.00977
0.00977
0.00977
0.00977
0.00977
0.00977
0.00977
0.00977
0.00977
0.00977
0.00977
0.00977
0.00977
0.00977
0.00977
0.00977
0.00977
0.00977
0.00977
0.00977
0.00977
0.00977
0.00977
0.00977
0.00977
0.00977
0.00977
0.00977
0.00977
0.00977
0.00977
0.00977
0.00977
0.00977
0.00977
0.00977
0.00977
0.00977
0.00977
0.00977
0.00977
0.00977
0.00977
0.00977
0.00977
0.00977
0.00977
0.00977
0.00977
0.00977
0.00977
0.00977
0.00977
0.00977
0.00977
0.00977
0.00977
0.00977
0.00977
0.00977
0.00977
0.00977
0.00977
0.00977
0.00977
0.00977
0.00977
0.00977
0.00977
0.00977
0.00977
0.00977
0.00977
0.00977
0.00977
0.00977
0.00977
0.00977
0.00977
0.00977
0.00977
0.00977
0.00977
0.00977
0.00977
0.00977
0.00977
0.00977
0.00977
0.00977
0.00977
0.00977
0.00977
0.00977
0.00977
0.00977
0.00977
0.00977
0.00977
0.00977
0.00977
0.00977
0.00977
0.00977
0.00977
0.00977
0.00977
0.00977
0.00977
0.00977
0.00977
0.00977
0.00977
0.00977
0.00977
0.00977
0.00977
0.00977
0.00977
0.00977
0.00977
0.00977
0.00977
0.00977
0.00977
0.00977
0.00977
0.00977
0.00977
0.00977
0.00977
0.00977
0.00977
0.00977
0.00977
0.00977
0.00977
0.00977
0.00977
0.00977
0.00977
0.00977
0.00977
0.00977
0.00977
0.00977
0.00977
0.00977
0.00977
0.00977
0.00977
0.00977
0.00977
0.00977
0.00977
0.00977
0.00977
0.00977
0.00977
0.00977
0.00977
0.00978
0.00980
0.00980
0.00983
0.00983
0.00983
0.00983
0.00983
0.00983
0.00983
0.00983
0.00983
0.00983
0.00984
0.00986
0.00986
0.00986
0.00986
0.00986
0.00987
0.00989
0.00989
0.00989
0.00989
0.00989
0.00989
0.00989
0.00989
0.00989
0.00989
0.00989
0.00989
0.00989
0.00989
0.00989
0.00989
0.00989
0.00989
0.00989
0.00989
0.00989
0.00989
0.00989
0.00989
0.00989
0.00989
0.00989
0.00989
0.00989
0.00989
0.00989
0.00989
0.00989
0.00989
0.00989
0.00989
0.00989
0.00989
0.00989
0.00989
0.00989
0.00989
0.00989
0.00989
0.00989
0.00989
0.00989
0.00989
0.00989
0.00989
0.00989
0.00989
0.00989
0.00989
0.00992
0.00992
0.00992
0.00992
0.00993
0.00994
0.00995
0.00995
0.00995
0.00995
0.00995
0.00995
0.00998
0.00998
0.00998
0.00998
0.00998
0.01001
0.01001
0.01001
0.01001
0.01001
0.01001
0.01001
0.01001
0.01001
0.01001
0.01001
0.01001
0.01001
0.01001
0.01001
0.01001
0.01001
0.01001
0.01001
0.01001
0.01001
0.01001
0.01001
0.01001
0.01001
0.01001
0.01001
0.01001
0.01001
0.01001
0.01001
0.01001
0.01001
0.01001
0.01001
0.01001
0.01001
0.01001
0.01001
0.01001
0.01001
0.01001
0.01001
0.01001
0.01001
0.01001
0.01001
0.01001
0.01001
0.01001
0.01001
0.01001
0.01001
0.01001
0.01001
0.01001
0.01001
0.01001
0.01001
0.01001
0.01001
0.01001
0.01001
0.01001
0.01001
0.01001
0.01001
0.01001
0.01001
0.01001
0.01001
0.01001
0.01001
0.01001
0.01001
0.01001
0.01001
0.01001
0.01001
0.01001
0.01001
0.01001
0.01001
0.01001
0.01001
0.01001
0.01001
0.01001
0.01001
0.01001
0.01001
0.01001
0.01001
0.01001
0.01001
0.01001
0.01001
0.01001
0.01001
0.01001
0.01001
0.01001
0.01001
0.01001
0.01001
0.01001
0.01001
0.01001
0.01001
0.01001
0.01001
0.01001
0.01001
0.01001
0.01001
0.01001
0.01001
0.01001
0.01001
0.01001
0.01001
0.01001
0.01001
0.01001
0.01001
0.01001
0.01001
0.01001
0.01001
0.01001
0.01001
0.01001
0.01001
0.01001
0.01001
0.01001
0.01001
0.01001
0.01001
0.01001
0.01001
0.01001
0.01001
0.01001
0.01001
0.01001
0.01001
0.01001
0.01001
0.01001
0.01001
0.01001
0.01001
0.01001
0.01001
0.01001
0.01001
0.01001
0.01001
0.01001
0.01001
0.01001
0.01001
0.01001
0.01001
0.01001
0.01001
0.01003
0.01003
0.01004
0.01004
0.01004
0.01004
0.01007
0.01007
0.01007
0.01007
0.01007
0.01007
0.01007
0.01007
0.01007
0.01007
0.01007
0.01007
0.01007
0.01007
0.01007
0.01007
0.01007
0.01007
0.01007
0.01007
0.01007
0.01008
0.01010
0.01013
0.01013
0.01013
0.01013
0.01013
0.01013
0.01013
0.01013
0.01013
0.01013
0.01013
0.01013
0.01013
0.01013
0.01013
0.01013
0.01013
0.01013
0.01013
0.01013
0.01013
0.01013
0.01013
0.01013
0.01013
0.01013
0.01013
0.01013
0.01013
0.01013
0.01013
0.01013
0.01013
0.01013
0.01013
0.01013
0.01013
0.01013
0.01013
0.01013
0.01013
0.01013
0.01013
0.01013
0.01013
0.01013
0.01013
0.01013
0.01013
0.01013
0.01013
0.01013
0.01013
0.01013
0.01013
0.01013
0.01013
0.01013
0.01013
0.01013
0.01013
0.01013
0.01013
0.01013
0.01013
0.01013
0.01013
0.01015
0.01015
0.01016
0.01016
0.01016
0.01016
0.01016
0.01019
0.01019
0.01019
0.01019
0.01019
0.01019
0.01019
0.01021
0.01022
0.01022
0.01022
0.01022
0.01022
0.01025
0.01025
0.01025
0.01025
0.01025
0.01025
0.01025
0.01025
0.01025
0.01025
0.01025
0.01025
0.01025
0.01025
0.01025
0.01025
0.01025
0.01025
0.01025
0.01025
0.01025
0.01025
0.01025
0.01025
0.01025
0.01025
0.01025
0.01025
0.01025
0.01025
0.01025
0.01025
0.01025
0.01025
0.01025
0.01025
0.01025
0.01025
0.01025
0.01025
0.01025
0.01025
0.01025
0.01025
0.01025
0.01025
0.01025
0.01025
0.01025
0.01025
0.01025
0.01025
0.01025
0.01025
0.01025
0.01025
0.01025
0.01025
0.01025
0.01025
0.01025
0.01025
0.01025
0.01025
0.01025
0.01025
0.01025
0.01025
0.01025
0.01025
0.01025
0.01025
0.01025
0.01025
0.01025
0.01025
0.01025
0.01025
0.01025
0.01025
0.01025
0.01025
0.01025
0.01025
0.01025
0.01025
0.01025
0.01025
0.01025
0.01025
0.01025
0.01025
0.01025
0.01025
0.01025
0.01025
0.01025
0.01025
0.01025
0.01025
0.01025
0.01025
0.01025
0.01025
0.01025
0.01025
0.01025
0.01025
0.01025
0.01025
0.01025
0.01025
0.01025
0.01025
0.01025
0.01025
0.01025
0.01025
0.01025
0.01025
0.01025
0.01025
0.01025
0.01025
0.01025
0.01025
0.01025
0.01025
0.01025
0.01025
0.01025
0.01025
0.01025
0.01025
0.01025
0.01025
0.01025
0.01025
0.01025
0.01025
0.01025
0.01025
0.01025
0.01025
0.01025
0.01025
0.01025
0.01025
0.01025
0.01025
0.01025
0.01025
0.01025
0.01025
0.01025
0.01025
0.01025
0.01025
0.01025
0.01025
0.01025
0.01025
0.01025
0.01025
0.01025
0.01025
0.01025
0.01025
0.01025
0.01025
0.01025
0.01025
0.01025
0.01025
0.01025
0.01025
0.01025
0.01025
0.01025
0.01025
0.01025
0.01025
0.01025
0.01025
0.01025
0.01025
0.01025
0.01025
0.01025
0.01025
0.01025
0.01025
0.01026
0.01028
0.01028
0.01031
0.01031
0.01031
0.01031
0.01031
0.01031
0.01031
0.01031
0.01031
0.01031
0.01031
0.01031
0.01031
0.01031
0.01031
0.01031
0.01031
0.01033
0.01035
0.01035
0.01035
0.01035
0.01035
0.01035
0.01036
0.01038
0.01038
0.01038
0.01038
0.01038
0.01038
0.01038
0.01038
0.01038
0.01038
0.01038
0.01038
0.01038
0.01038
0.01038
0.01038
0.01038
0.01038
0.01038
0.01038
0.01038
0.01038
0.01038
0.01038
0.01038
0.01038
0.01038
0.01038
0.01038
0.01038
0.01038
0.01038
0.01038
0.01038
0.01038
0.01038
0.01038
0.01038
0.01038
0.01038
0.01038
0.01038
0.01038
0.01038
0.01038
0.01038
0.01038
0.01038
0.01038
0.01038
0.01038
0.01038
0.01038
0.01038
0.01038
0.01038
0.01038
0.01038
0.01038
0.01038
0.01038
0.01038
0.01038
0.01038
0.01041
0.01041
0.01041
0.01041
0.01041
0.01044
0.01044
0.01044
0.01044
0.01044
0.01044
0.01044
0.01044
0.01044
0.01044
0.01044
0.01044
0.01044
0.01044
0.01044
0.01044
0.01044
0.01044
0.01046
0.01047
0.01047
0.01047
0.01047
0.01047
0.01047
0.01048
0.01050
0.01050
0.01050
0.01050
0.01050
0.01050
0.01050
0.01050
0.01050
0.01050
0.01050
0.01050
0.01050
0.01050
0.01050
0.01050
0.01050
0.01050
0.01050
0.01050
0.01050
0.01050
0.01050
0.01050
0.01050
0.01050
0.01050
0.01050
0.01050
0.01050
0.01050
0.01050
0.01050
0.01050
0.01050
0.01050
0.01050
0.01050
0.01050
0.01050
0.01050
0.01050
0.01050
0.01050
0.01050
0.01050
0.01050
0.01050
0.01050
0.01050
0.01050
0.01050
0.01050
0.01050
0.01050
0.01050
0.01050
0.01050
0.01050
0.01050
0.01050
0.01050
0.01050
0.01050
0.01050
0.01050
0.01050
0.01050
0.01050
0.01050
0.01050
0.01050
0.01050
0.01050
0.01050
0.01050
0.01050
0.01050
0.01050
0.01050
0.01050
0.01050
0.01050
0.01050
0.01050
0.01050
0.01050
0.01050
0.01050
0.01050
0.01050
0.01050
0.01050
0.01050
0.01050
0.01050
0.01050
0.01050
0.01050
0.01050
0.01050
0.01050
0.01050
0.01050
0.01050
0.01050
0.01050
0.01050
0.01050
0.01050
0.01050
0.01050
0.01050
0.01050
0.01050
0.01050
0.01050
0.01050
0.01050
0.01050
0.01050
0.01050
0.01050
0.01050
0.01050
0.01050
0.01050
0.01050
0.01050
0.01050
0.01050
0.01050
0.01050
0.01050
0.01050
0.01050
0.01050
0.01050
0.01050
0.01050
0.01050
0.01050
0.01050
0.01050
0.01050
0.01050
0.01050
0.01050
0.01050
0.01050
0.01050
0.01050
0.01050
0.01050
0.01050
0.01050
0.01050
0.01050
0.01050
0.01050
0.01050
0.01050
0.01050
0.01050
0.01050
0.01050
0.01050
0.01050
0.01050
0.01050
0.01050
0.01050
0.01050
0.01050
0.01050
0.01050
0.01050
0.01050
0.01050
0.01050
0.01050
0.01050
0.01050
0.01050
0.01050
0.01050
0.01050
0.01050
0.01050
0.01050
0.01050
0.01050
0.01050
0.01050
0.01050
0.01050
0.01050
0.01050
0.01050
0.01050
0.01050
0.01051
0.01051
0.01053
0.01053
0.01053
0.01053
0.01053
0.01056
0.01056
0.01056
0.01056
0.01056
0.01056
0.01056
0.01056
0.01056
0.01056
0.01056
0.01056
0.01056
0.01056
0.01056
0.01056
0.01057
0.01059
0.01059
0.01059
0.01059
0.01059
0.01059
0.01062
0.01062
0.01062
0.01062
0.01062
0.01062
0.01062
0.01062
0.01062
0.01062
0.01062
0.01062
0.01062
0.01062
0.01062
0.01062
0.01062
0.01062
0.01062
0.01062
0.01062
0.01062
0.01062
0.01062
0.01062
0.01062
0.01062
0.01062
0.01062
0.01062
0.01062
0.01062
0.01062
0.01062
0.01062
0.01062
0.01062
0.01062
0.01062
0.01062
0.01062
0.01062
0.01062
0.01062
0.01062
0.01062
0.01062
0.01062
0.01062
0.01062
0.01062
0.01062
0.01062
0.01062
0.01062
0.01062
0.01065
0.01065
0.01065
0.01065
0.01065
0.01068
0.01068
0.01068
0.01068
0.01068
0.01068
0.01068
0.01068
0.01068
0.01068
0.01068
0.01068
0.01068
0.01068
0.01068
0.01068
0.01070
0.01070
0.01070
0.01071
0.01071
0.01071
0.01071
0.01071
0.01071
0.01073
0.01074
0.01074
0.01074
0.01074
0.01074
0.01074
0.01074
0.01074
0.01074
0.01074
0.01074
0.01074
0.01074
0.01074
0.01074
0.01074
0.01074
0.01074
0.01074
0.01074
0.01074
0.01074
0.01074
0.01074
0.01074
0.01074
0.01074
0.01074
0.01074
0.01074
0.01074
0.01074
0.01074
0.01074
0.01074
0.01074
0.01074
0.01074
0.01074
0.01074
0.01074
0.01074
0.01074
0.01074
0.01074
0.01074
0.01074
0.01074
0.01074
0.01074
0.01074
0.01074
0.01074
0.01074
0.01074
0.01074
0.01074
0.01074
0.01074
0.01074
0.01074
0.01074
0.01074
0.01074
0.01074
0.01074
0.01074
0.01074
0.01074
0.01074
0.01074
0.01074
0.01074
0.01074
0.01074
0.01074
0.01074
0.01074
0.01074
0.01074
0.01074
0.01074
0.01074
0.01074
0.01074
0.01074
0.01074
0.01074
0.01074
0.01074
0.01074
0.01074
0.01074
0.01074
0.01074
0.01074
0.01074
0.01074
0.01074
0.01074
0.01074
0.01074
0.01074
0.01074
0.01074
0.01074
0.01074
0.01074
0.01074
0.01074
0.01074
0.01074
0.01074
0.01074
0.01074
0.01074
0.01074
0.01074
0.01074
0.01074
0.01074
0.01074
0.01074
0.01074
0.01074
0.01074
0.01074
0.01074
0.01074
0.01074
0.01074
0.01074
0.01074
0.01074
0.01074
0.01074
0.01074
0.01074
0.01074
0.01074
0.01074
0.01074
0.01074
0.01074
0.01074
0.01074
0.01074
0.01074
0.01074
0.01074
0.01074
0.01074
0.01074
0.01074
0.01074
0.01074
0.01074
0.01074
0.01074
0.01074
0.01074
0.01074
0.01074
0.01074
0.01074
0.01074
0.01074
0.01074
0.01074
0.01074
0.01074
0.01074
0.01074
0.01074
0.01074
0.01074
0.01074
0.01074
0.01074
0.01074
0.01074
0.01074
0.01074
0.01074
0.01074
0.01074
0.01074
0.01074
0.01074
0.01074
0.01074
0.01074
0.01074
0.01074
0.01074
0.01074
0.01074
0.01074
0.01074
0.01074
0.01074
0.01074
0.01074
0.01074
0.01074
0.01074
0.01074
0.01074
0.01076
0.01076
0.01076
0.01077
0.01077
0.01077
0.01077
0.01077
0.01079
0.01079
0.01079
0.01080
0.01080
0.01080
0.01080
0.01080
0.01080
0.01080
0.01080
0.01080
0.01080
0.01080
0.01080
0.01080
0.01080
0.01080
0.01080
0.01080
0.01080
0.01080
0.01080
0.01080
0.01080
0.01080
0.01080
0.01080
0.01082
0.01083
0.01083
0.01083
0.01083
0.01083
0.01085
0.01086
0.01086
0.01086
0.01086
0.01086
0.01086
0.01086
0.01086
0.01086
0.01086
0.01086
0.01086
0.01086
0.01086
0.01086
0.01086
0.01086
0.01086
0.01086
0.01086
0.01086
0.01086
0.01086
0.01086
0.01086
0.01086
0.01086
0.01086
0.01086
0.01086
0.01086
0.01086
0.01086
0.01086
0.01086
0.01086
0.01086
0.01086
0.01086
0.01086
0.01086
0.01086
0.01086
0.01086
0.01086
0.01086
0.01086
0.01086
0.01086
0.01086
0.01086
0.01086
0.01086
0.01086
0.01086
0.01086
0.01086
0.01086
0.01086
0.01086
0.01086
0.01086
0.01086
0.01086
0.01088
0.01088
0.01089
0.01089
0.01089
0.01092
0.01093
0.01093
0.01093
0.01093
0.01093
0.01093
0.01093
0.01093
0.01093
0.01093
0.01093
0.01093
0.01093
0.01093
0.01094
0.01094
0.01094
0.01094
0.01096
0.01096
0.01096
0.01097
0.01097
0.01099
0.01099
0.01099
0.01099
0.01099
0.01099
0.01099
0.01099
0.01099
0.01099
0.01099
0.01099
0.01099
0.01099
0.01099
0.01099
0.01099
0.01099
0.01099
0.01099
0.01099
0.01099
0.01099
0.01099
0.01099
0.01099
0.01099
0.01099
0.01099
0.01099
0.01099
0.01099
0.01099
0.01099
0.01099
0.01099
0.01099
0.01099
0.01099
0.01099
0.01099
0.01099
0.01099
0.01099
0.01099
0.01099
0.01099
0.01099
0.01099
0.01099
0.01099
0.01099
0.01099
0.01099
0.01099
0.01099
0.01099
0.01099
0.01099
0.01099
0.01099
0.01099
0.01099
0.01099
0.01099
0.01099
0.01099
0.01099
0.01099
0.01099
0.01099
0.01099
0.01099
0.01099
0.01099
0.01099
0.01099
0.01099
0.01099
0.01099
0.01099
0.01099
0.01099
0.01099
0.01099
0.01099
0.01099
0.01099
0.01099
0.01099
0.01099
0.01099
0.01099
0.01099
0.01099
0.01099
0.01099
0.01099
0.01099
0.01099
0.01099
0.01099
0.01099
0.01099
0.01099
0.01099
0.01099
0.01099
0.01099
0.01099
0.01099
0.01099
0.01099
0.01099
0.01099
0.01099
0.01099
0.01099
0.01099
0.01099
0.01099
0.01099
0.01099
0.01099
0.01099
0.01099
0.01099
0.01099
0.01099
0.01099
0.01099
0.01099
0.01099
0.01099
0.01099
0.01099
0.01099
0.01099
0.01099
0.01099
0.01099
0.01099
0.01099
0.01099
0.01099
0.01099
0.01099
0.01099
0.01099
0.01099
0.01099
0.01099
0.01099
0.01099
0.01099
0.01099
0.01099
0.01099
0.01099
0.01099
0.01099
0.01099
0.01099
0.01099
0.01099
0.01099
0.01099
0.01099
0.01099
0.01099
0.01099
0.01099
0.01099
0.01099
0.01099
0.01099
0.01099
0.01099
0.01099
0.01099
0.01100
0.01100
0.01102
0.01102
0.01102
0.01103
0.01104
0.01105
0.01105
0.01105
0.01105
0.01105
0.01105
0.01105
0.01105
0.01105
0.01105
0.01105
0.01105
0.01105
0.01105
0.01105
0.01105
0.01105
0.01105
0.01105
0.01106
0.01106
0.01106
0.01108
0.01108
0.01108
0.01108
0.01110
0.01111
0.01111
0.01111
0.01111
0.01111
0.01111
0.01111
0.01111
0.01111
0.01111
0.01111
0.01111
0.01111
0.01111
0.01111
0.01111
0.01111
0.01111
0.01111
0.01111
0.01111
0.01111
0.01111
0.01111
0.01111
0.01111
0.01111
0.01111
0.01111
0.01111
0.01111
0.01111
0.01111
0.01111
0.01111
0.01111
0.01111
0.01111
0.01111
0.01111
0.01111
0.01111
0.01111
0.01111
0.01111
0.01111
0.01111
0.01111
0.01111
0.01111
0.01111
0.01111
0.01112
0.01114
0.01114
0.01115
0.01115
0.01117
0.01117
0.01117
0.01117
0.01117
0.01117
0.01117
0.01117
0.01117
0.01117
0.01117
0.01117
0.01117
0.01117
0.01117
0.01120
0.01120
0.01123
0.01123
0.01123
0.01123
0.01123
0.01123
0.01123
0.01123
0.01123
0.01123
0.01123
0.01123
0.01123
0.01123
0.01123
0.01123
0.01123
0.01123
0.01123
0.01123
0.01123
0.01123
0.01123
0.01123
0.01123
0.01123
0.01123
0.01123
0.01123
0.01123
0.01123
0.01123
0.01123
0.01123
0.01123
0.01123
0.01123
0.01123
0.01123
0.01123
0.01123
0.01123
0.01123
0.01123
0.01123
0.01123
0.01123
0.01123
0.01123
0.01123
0.01123
0.01123
0.01123
0.01123
0.01123
0.01123
0.01123
0.01123
0.01123
0.01123
0.01123
0.01123
0.01123
0.01123
0.01123
0.01123
0.01123
0.01123
0.01123
0.01123
0.01123
0.01123
0.01123
0.01123
0.01123
0.01123
0.01123
0.01123
0.01123
0.01123
0.01123
0.01123
0.01123
0.01123
0.01123
0.01123
0.01123
0.01123
0.01123
0.01123
0.01123
0.01123
0.01123
0.01123
0.01123
0.01123
0.01123
0.01123
0.01123
0.01123
0.01123
0.01123
0.01123
0.01123
0.01123
0.01123
0.01123
0.01123
0.01123
0.01123
0.01123
0.01123
0.01123
0.01123
0.01123
0.01123
0.01123
0.01123
0.01123
0.01123
0.01123
0.01123
0.01123
0.01123
0.01123
0.01123
0.01123
0.01123
0.01123
0.01123
0.01123
0.01123
0.01123
0.01123
0.01123
0.01123
0.01123
0.01123
0.01123
0.01123
0.01123
0.01123
0.01123
0.01123
0.01123
0.01123
0.01123
0.01123
0.01123
0.01123
0.01123
0.01123
0.01123
0.01123
0.01123
0.01123
0.01123
0.01123
0.01123
0.01123
0.01123
0.01123
0.01123
0.01123
0.01123
0.01123
0.01123
0.01123
0.01123
0.01123
0.01123
0.01123
0.01123
0.01123
0.01123
0.01123
0.01123
0.01123
0.01123
0.01123
0.01123
0.01123
0.01123
0.01123
0.01123
0.01123
0.01123
0.01123
0.01123
0.01123
0.01123
0.01123
0.01123
0.01124
0.01124
0.01126
0.01126
0.01127
0.01128
0.01129
0.01129
0.01129
0.01129
0.01129
0.01129
0.01129
0.01129
0.01129
0.01129
0.01129
0.01129
0.01129
0.01129
0.01129
0.01129
0.01129
0.01129
0.01129
0.01130
0.01130
0.01131
0.01131
0.01132
0.01132
0.01132
0.01132
0.01132
0.01133
0.01134
0.01134
0.01135
0.01135
0.01135
0.01135
0.01135
0.01135
0.01135
0.01135
0.01135
0.01135
0.01135
0.01135
0.01135
0.01135
0.01135
0.01135
0.01135
0.01135
0.01135
0.01135
0.01135
0.01135
0.01135
0.01135
0.01135
0.01135
0.01135
0.01135
0.01135
0.01135
0.01135
0.01135
0.01135
0.01135
0.01135
0.01135
0.01135
0.01135
0.01135
0.01135
0.01135
0.01135
0.01135
0.01137
0.01137
0.01137
0.01138
0.01138
0.01140
0.01141
0.01141
0.01141
0.01141
0.01141
0.01141
0.01141
0.01142
0.01144
0.01144
0.01144
0.01144
0.01144
0.01144
0.01144
0.01147
0.01147
0.01147
0.01147
0.01147
0.01147
0.01147
0.01147
0.01147
0.01147
0.01147
0.01147
0.01147
0.01147
0.01147
0.01147
0.01147
0.01147
0.01147
0.01147
0.01147
0.01147
0.01147
0.01147
0.01147
0.01147
0.01147
0.01147
0.01147
0.01147
0.01147
0.01147
0.01147
0.01147
0.01147
0.01147
0.01147
0.01147
0.01147
0.01147
0.01147
0.01147
0.01147
0.01147
0.01147
0.01147
0.01147
0.01147
0.01147
0.01147
0.01147
0.01147
0.01147
0.01147
0.01147
0.01147
0.01147
0.01147
0.01147
0.01147
0.01147
0.01147
0.01147
0.01147
0.01147
0.01147
0.01147
0.01147
0.01147
0.01147
0.01147
0.01147
0.01147
0.01147
0.01147
0.01147
0.01147
0.01147
0.01147
0.01147
0.01147
0.01147
0.01147
0.01147
0.01147
0.01147
0.01147
0.01147
0.01147
0.01147
0.01147
0.01147
0.01147
0.01147
0.01147
0.01147
0.01147
0.01147
0.01147
0.01147
0.01147
0.01147
0.01147
0.01147
0.01147
0.01147
0.01147
0.01147
0.01147
0.01147
0.01147
0.01147
0.01147
0.01147
0.01147
0.01147
0.01147
0.01147
0.01147
0.01147
0.01147
0.01147
0.01147
0.01147
0.01147
0.01147
0.01147
0.01147
0.01147
0.01147
0.01147
0.01147
0.01147
0.01147
0.01147
0.01147
0.01147
0.01147
0.01147
0.01147
0.01147
0.01147
0.01147
0.01147
0.01147
0.01147
0.01147
0.01147
0.01147
0.01147
0.01147
0.01147
0.01147
0.01147
0.01147
0.01147
0.01147
0.01147
0.01147
0.01147
0.01147
0.01147
0.01147
0.01147
0.01147
0.01147
0.01147
0.01147
0.01147
0.01147
0.01148
0.01151
0.01154
0.01154
0.01154
0.01154
0.01154
0.01154
0.01154
0.01154
0.01154
0.01154
0.01157
0.01157
0.01157
0.01157
0.01158
0.01160
0.01160
0.01160
0.01160
0.01160
0.01160
0.01160
0.01160
0.01160
0.01160
0.01160
0.01160
0.01160
0.01160
0.01160
0.01160
0.01160
0.01160
0.01160
0.01160
0.01160
0.01160
0.01160
0.01160
0.01160
0.01160
0.01160
0.01160
0.01160
0.01160
0.01160
0.01160
0.01160
0.01160
0.01160
0.01160
0.01160
0.01160
0.01160
0.01160
0.01160
0.01160
0.01160
0.01160
0.01160
0.01160
0.01161
0.01162
0.01164
0.01166
0.01166
0.01166
0.01166
0.01166
0.01166
0.01166
0.01166
0.01166
0.01166
0.01166
0.01166
0.01166
0.01166
0.01167
0.01169
0.01169
0.01169
0.01170
0.01170
0.01172
0.01172
0.01172
0.01172
0.01172
0.01172
0.01172
0.01172
0.01172
0.01172
0.01172
0.01172
0.01172
0.01172
0.01172
0.01172
0.01172
0.01172
0.01172
0.01172
0.01172
0.01172
0.01172
0.01172
0.01172
0.01172
0.01172
0.01172
0.01172
0.01172
0.01172
0.01172
0.01172
0.01172
0.01172
0.01172
0.01172
0.01172
0.01172
0.01172
0.01172
0.01172
0.01172
0.01172
0.01172
0.01172
0.01172
0.01172
0.01172
0.01172
0.01172
0.01172
0.01172
0.01172
0.01172
0.01172
0.01172
0.01172
0.01172
0.01172
0.01172
0.01172
0.01172
0.01172
0.01172
0.01172
0.01172
0.01172
0.01172
0.01172
0.01172
0.01172
0.01172
0.01172
0.01172
0.01172
0.01172
0.01172
0.01172
0.01172
0.01172
0.01172
0.01172
0.01172
0.01172
0.01172
0.01172
0.01172
0.01172
0.01172
0.01172
0.01172
0.01172
0.01172
0.01172
0.01172
0.01172
0.01172
0.01172
0.01172
0.01172
0.01172
0.01172
0.01172
0.01172
0.01172
0.01172
0.01172
0.01172
0.01172
0.01172
0.01172
0.01172
0.01172
0.01172
0.01172
0.01172
0.01172
0.01172
0.01172
0.01172
0.01172
0.01172
0.01172
0.01172
0.01172
0.01172
0.01172
0.01172
0.01172
0.01172
0.01172
0.01172
0.01172
0.01172
0.01172
0.01175
0.01175
0.01175
0.01175
0.01175
0.01176
0.01178
0.01178
0.01178
0.01178
0.01178
0.01178
0.01178
0.01178
0.01178
0.01180
0.01181
0.01181
0.01183
0.01184
0.01184
0.01184
0.01184
0.01184
0.01184
0.01184
0.01184
0.01184
0.01184
0.01184
0.01184
0.01184
0.01184
0.01184
0.01184
0.01184
0.01184
0.01184
0.01184
0.01184
0.01184
0.01184
0.01184
0.01184
0.01184
0.01184
0.01184
0.01184
0.01184
0.01184
0.01184
0.01184
0.01184
0.01184
0.01184
0.01184
0.01184
0.01184
0.01187
0.01187
0.01187
0.01188
0.01189
0.01190
0.01190
0.01190
0.01190
0.01190
0.01190
0.01190
0.01190
0.01190
0.01190
0.01190
0.01190
0.01192
0.01192
0.01193
0.01193
0.01193
0.01193
0.01195
0.01196
0.01196
0.01196
0.01196
0.01196
0.01196
0.01196
0.01196
0.01196
0.01196
0.01196
0.01196
0.01196
0.01196
0.01196
0.01196
0.01196
0.01196
0.01196
0.01196
0.01196
0.01196
0.01196
0.01196
0.01196
0.01196
0.01196
0.01196
0.01196
0.01196
0.01196
0.01196
0.01196
0.01196
0.01196
0.01196
0.01196
0.01196
0.01196
0.01196
0.01196
0.01196
0.01196
0.01196
0.01196
0.01196
0.01196
0.01196
0.01196
0.01196
0.01196
0.01196
0.01196
0.01196
0.01196
0.01196
0.01196
0.01196
0.01196
0.01196
0.01196
0.01196
0.01196
0.01196
0.01196
0.01196
0.01196
0.01196
0.01196
0.01196
0.01196
0.01196
0.01196
0.01196
0.01196
0.01196
0.01196
0.01196
0.01196
0.01196
0.01196
0.01196
0.01196
0.01196
0.01196
0.01196
0.01196
0.01196
0.01196
0.01196
0.01196
0.01196
0.01196
0.01196
0.01196
0.01196
0.01196
0.01196
0.01196
0.01196
0.01196
0.01196
0.01196
0.01196
0.01196
0.01196
0.01196
0.01196
0.01196
0.01196
0.01196
0.01196
0.01196
0.01196
0.01196
0.01196
0.01196
0.01196
0.01196
0.01196
0.01196
0.01196
0.01197
0.01198
0.01199
0.01199
0.01201
0.01202
0.01202
0.01202
0.01202
0.01202
0.01203
0.01205
0.01205
0.01205
0.01205
0.01207
0.01207
0.01208
0.01208
0.01208
0.01208
0.01208
0.01208
0.01208
0.01208
0.01208
0.01208
0.01208
0.01208
0.01208
0.01208
0.01208
0.01208
0.01208
0.01208
0.01208
0.01208
0.01208
0.01208
0.01208
0.01208
0.01208
0.01208
0.01208
0.01208
0.01208
0.01208
0.01208
0.01208
0.01208
0.01208
0.01208
0.01208
0.01208
0.01208
0.01210
0.01212
0.01213
0.01215
0.01215
0.01215
0.01215
0.01215
0.01215
0.01215
0.01218
0.01218
0.01218
0.01218
0.01218
0.01219
0.01221
0.01221
0.01221
0.01221
0.01221
0.01221
0.01221
0.01221
0.01221
0.01221
0.01221
0.01221
0.01221
0.01221
0.01221
0.01221
0.01221
0.01221
0.01221
0.01221
0.01221
0.01221
0.01221
0.01221
0.01221
0.01221
0.01221
0.01221
0.01221
0.01221
0.01221
0.01221
0.01221
0.01221
0.01221
0.01221
0.01221
0.01221
0.01221
0.01221
0.01221
0.01221
0.01221
0.01221
0.01221
0.01221
0.01221
0.01221
0.01221
0.01221
0.01221
0.01221
0.01221
0.01221
0.01221
0.01221
0.01221
0.01221
0.01221
0.01221
0.01221
0.01221
0.01221
0.01221
0.01221
0.01221
0.01221
0.01221
0.01221
0.01221
0.01221
0.01221
0.01221
0.01221
0.01221
0.01221
0.01221
0.01221
0.01221
0.01221
0.01221
0.01221
0.01221
0.01221
0.01221
0.01221
0.01221
0.01221
0.01221
0.01221
0.01221
0.01221
0.01221
0.01221
0.01221
0.01221
0.01221
0.01221
0.01221
0.01221
0.01221
0.01221
0.01221
0.01221
0.01223
0.01224
0.01224
0.01225
0.01227
0.01227
0.01227
0.01227
0.01227
0.01227
0.01227
0.01227
0.01227
0.01233
0.01233
0.01233
0.01233
0.01233
0.01233
0.01233
0.01233
0.01233
0.01233
0.01233
0.01233
0.01233
0.01233
0.01233
0.01233
0.01233
0.01233
0.01233
0.01233
0.01233
0.01233
0.01233
0.01233
0.01233
0.01233
0.01233
0.01233
0.01237
0.01239
0.01239
0.01239
0.01239
0.01240
0.01241
0.01242
0.01242
0.01244
0.01245
0.01245
0.01245
0.01245
0.01245
0.01245
0.01245
0.01245
0.01245
0.01245
0.01245
0.01245
0.01245
0.01245
0.01245
0.01245
0.01245
0.01245
0.01245
0.01245
0.01245
0.01245
0.01245
0.01245
0.01245
0.01245
0.01245
0.01245
0.01245
0.01245
0.01245
0.01245
0.01245
0.01245
0.01245
0.01245
0.01245
0.01245
0.01245
0.01245
0.01245
0.01245
0.01245
0.01245
0.01245
0.01245
0.01245
0.01245
0.01245
0.01245
0.01245
0.01245
0.01245
0.01245
0.01245
0.01245
0.01245
0.01245
0.01245
0.01245
0.01245
0.01245
0.01245
0.01245
0.01245
0.01245
0.01245
0.01245
0.01245
0.01245
0.01245
0.01245
0.01245
0.01245
0.01245
0.01245
0.01245
0.01245
0.01245
0.01245
0.01245
0.01246
0.01247
0.01248
0.01248
0.01248
0.01248
0.01251
0.01251
0.01251
0.01251
0.01251
0.01251
0.01254
0.01256
0.01257
0.01257
0.01257
0.01257
0.01257
0.01257
0.01257
0.01257
0.01257
0.01257
0.01257
0.01257
0.01257
0.01257
0.01257
0.01257
0.01257
0.01257
0.01257
0.01257
0.01257
0.01257
0.01257
0.01257
0.01257
0.01257
0.01260
0.01262
0.01263
0.01263
0.01263
0.01263
0.01263
0.01266
0.01266
0.01266
0.01266
0.01269
0.01270
0.01270
0.01270
0.01270
0.01270
0.01270
0.01270
0.01270
0.01270
0.01270
0.01270
0.01270
0.01270
0.01270
0.01270
0.01270
0.01270
0.01270
0.01270
0.01270
0.01270
0.01270
0.01270
0.01270
0.01270
0.01270
0.01270
0.01270
0.01270
0.01270
0.01270
0.01270
0.01270
0.01270
0.01270
0.01270
0.01270
0.01270
0.01270
0.01270
0.01270
0.01270
0.01270
0.01270
0.01270
0.01270
0.01270
0.01270
0.01270
0.01270
0.01270
0.01270
0.01270
0.01270
0.01270
0.01270
0.01270
0.01270
0.01270
0.01270
0.01270
0.01270
0.01270
0.01270
0.01270
0.01270
0.01270
0.01270
0.01270
0.01270
0.01270
0.01270
0.01270
0.01270
0.01270
0.01270
0.01270
0.01273
0.01273
0.01273
0.01276
0.01276
0.01276
0.01276
0.01276
0.01276
0.01276
0.01276
0.01276
0.01277
0.01279
0.01279
0.01280
0.01282
0.01282
0.01282
0.01282
0.01282
0.01282
0.01282
0.01282
0.01282
0.01282
0.01282
0.01282
0.01282
0.01282
0.01282
0.01288
0.01288
0.01291
0.01294
0.01294
0.01294
0.01294
0.01294
0.01294
0.01294
0.01294
0.01294
0.01294
0.01294
0.01294
0.01294
0.01294
0.01294
0.01294
0.01294
0.01294
0.01294
0.01294
0.01294
0.01294
0.01294
0.01294
0.01294
0.01294
0.01294
0.01294
0.01294
0.01294
0.01294
0.01294
0.01294
0.01294
0.01294
0.01294
0.01294
0.01294
0.01294
0.01294
0.01294
0.01294
0.01294
0.01294
0.01294
0.01294
0.01294
0.01294
0.01294
0.01294
0.01294
0.01294
0.01294
0.01294
0.01294
0.01297
0.01297
0.01297
0.01297
0.01300
0.01300
0.01300
0.01300
0.01300
0.01300
0.01303
0.01303
0.01306
0.01306
0.01306
0.01306
0.01306
0.01306
0.01306
0.01306
0.01306
0.01306
0.01306
0.01306
0.01306
0.01306
0.01306
0.01306
0.01306
0.01306
0.01309
0.01309
0.01311
0.01312
0.01312
0.01314
0.01315
0.01318
0.01318
0.01318
0.01318
0.01318
0.01318
0.01318
0.01318
0.01318
0.01318
0.01318
0.01318
0.01318
0.01318
0.01318
0.01318
0.01318
0.01318
0.01318
0.01318
0.01318
0.01318
0.01318
0.01318
0.01318
0.01318
0.01318
0.01318
0.01318
0.01318
0.01318
0.01318
0.01318
0.01318
0.01318
0.01318
0.01318
0.01318
0.01318
0.01318
0.01318
0.01318
0.01318
0.01324
0.01324
0.01324
0.01328
0.01331
0.01331
0.01331
0.01331
0.01331
0.01331
0.01337
0.01337
0.01337
0.01337
0.01340
0.01340
0.01340
0.01340
0.01340
0.01341
0.01343
0.01343
0.01343
0.01343
0.01343
0.01343
0.01343
0.01343
0.01343
0.01343
0.01343
0.01343
0.01343
0.01343
0.01343
0.01343
0.01343
0.01343
0.01343
0.01343
0.01343
0.01343
0.01343
0.01343
0.01343
0.01343
0.01343
0.01343
0.01343
0.01343
0.01343
0.01346
0.01347
0.01349
0.01349
0.01349
0.01349
0.01350
0.01355
0.01355
0.01355
0.01355
0.01355
0.01355
0.01355
0.01355
0.01355
0.01355
0.01355
0.01355
0.01355
0.01355
0.01355
0.01355
0.01355
0.01358
0.01360
0.01360
0.01361
0.01361
0.01361
0.01363
0.01364
0.01364
0.01364
0.01366
0.01367
0.01367
0.01367
0.01367
0.01367
0.01367
0.01367
0.01367
0.01367
0.01367
0.01367
0.01367
0.01367
0.01367
0.01367
0.01367
0.01367
0.01367
0.01367
0.01367
0.01367
0.01367
0.01367
0.01367
0.01367
0.01369
0.01370
0.01373
0.01373
0.01373
0.01373
0.01376
0.01379
0.01379
0.01379
0.01379
0.01379
0.01379
0.01379
0.01379
0.01379
0.01379
0.01379
0.01383
0.01385
0.01385
0.01389
0.01392
0.01392
0.01392
0.01392
0.01392
0.01392
0.01392
0.01392
0.01392
0.01392
0.01392
0.01392
0.01392
0.01392
0.01392
0.01392
0.01392
0.01392
0.01392
0.01392
0.01392
0.01392
0.01392
0.01392
0.01392
0.01392
0.01392
0.01395
0.01395
0.01398
0.01404
0.01404
0.01404
0.01404
0.01404
0.01410
0.01410
0.01410
0.01410
0.01410
0.01410
0.01416
0.01416
0.01416
0.01416
0.01416
0.01416
0.01416
0.01416
0.01416
0.01416
0.01416
0.01416
0.01416
0.01416
0.01416
0.01416
0.01416
0.01416
0.01418
0.01421
0.01422
0.01422
0.01422
0.01424
0.01428
0.01428
0.01428
0.01428
0.01428
0.01428
0.01434
0.01434
0.01434
0.01434
0.01434
0.01437
0.01440
0.01440
0.01440
0.01440
0.01440
0.01440
0.01440
0.01440
0.01440
0.01440
0.01440
0.01440
0.01440
0.01440
0.01440
0.01440
0.01443
0.01447
0.01450
0.01450
0.01453
0.01453
0.01453
0.01453
0.01453
0.01456
0.01459
0.01459
0.01462
0.01465
0.01465
0.01465
0.01465
0.01465
0.01465
0.01465
0.01465
0.01465
0.01465
0.01465
0.01465
0.01465
0.01465
0.01465
0.01465
0.01465
0.01465
0.01465
0.01465
0.01465
0.01465
0.01465
0.01465
0.01465
0.01471
0.01471
0.01471
0.01471
0.01472
0.01477
0.01477
0.01477
0.01477
0.01482
0.01483
0.01483
0.01489
0.01489
0.01489
0.01489
0.01489
0.01489
0.01489
0.01489
0.01489
0.01489
0.01489
0.01489
0.01489
0.01489
0.01495
0.01495
0.01501
0.01501
0.01501
0.01501
0.01501
0.01509
0.01514
0.01514
0.01514
0.01514
0.01514
0.01514
0.01514
0.01514
0.01514
0.01514
0.01514
0.01514
0.01514
0.01523
0.01526
0.01526
0.01526
0.01526
0.01526
0.01526
0.01526
0.01526
0.01526
0.01526
0.01529
0.01532
0.01532
0.01538
0.01538
0.01538
0.01538
0.01538
0.01538
0.01538
0.01538
0.01538
0.01538
0.01538
0.01538
0.01538
0.01538
0.01538
0.01538
0.01538
0.01538
0.01538
0.01538
0.01538
0.01544
0.01544
0.01550
0.01550
0.01550
0.01550
0.01550
0.01550
0.01550
0.01550
0.01556
0.01556
0.01559
0.01562
0.01562
0.01562
0.01562
0.01562
0.01562
0.01562
0.01562
0.01562
0.01562
0.01562
0.01562
0.01562
0.01562
0.01562
0.01562
0.01562
0.01562
0.01562
0.01569
0.01569
0.01569
0.01569
0.01572
0.01572
0.01575
0.01575
0.01575
0.01575
0.01575
0.01578
0.01587
0.01587
0.01587
0.01587
0.01587
0.01587
0.01587
0.01587
0.01587
0.01587
0.01587
0.01587
0.01587
0.01587
0.01587
0.01587
0.01587
0.01587
0.01587
0.01587
0.01588
0.01590
0.01591
0.01593
0.01593
0.01593
0.01596
0.01599
0.01599
0.01599
0.01599
0.01599
0.01604
0.01611
0.01611
0.01611
0.01611
0.01611
0.01611
0.01611
0.01611
0.01611
0.01624
0.01624
0.01624
0.01624
0.01624
0.01630
0.01630
0.01630
0.01636
0.01636
0.01636
0.01636
0.01636
0.01636
0.01636
0.01636
0.01636
0.01636
0.01636
0.01636
0.01636
0.01636
0.01636
0.01639
0.01642
0.01645
0.01648
0.01648
0.01648
0.01648
0.01648
0.01648
0.01654
0.01654
0.01654
0.01654
0.01655
0.01659
0.01660
0.01660
0.01660
0.01660
0.01660
0.01660
0.01660
0.01660
0.01660
0.01660
0.01660
0.01660
0.01660
0.01660
0.01660
0.01660
0.01660
0.01660
0.01660
0.01660
0.01660
0.01660
0.01660
0.01660
0.01660
0.01660
0.01672
0.01672
0.01672
0.01672
0.01672
0.01672
0.01678
0.01685
0.01685
0.01685
0.01685
0.01685
0.01685
0.01685
0.01685
0.01685
0.01685
0.01685
0.01685
0.01685
0.01685
0.01685
0.01685
0.01691
0.01697
0.01697
0.01697
0.01700
0.01703
0.01709
0.01709
0.01709
0.01709
0.01709
0.01709
0.01709
0.01709
0.01709
0.01709
0.01709
0.01709
0.01709
0.01711
0.01715
0.01715
0.01715
0.01721
0.01721
0.01721
0.01721
0.01721
0.01721
0.01721
0.01721
0.01727
0.01733
0.01733
0.01733
0.01733
0.01733
0.01733
0.01733
0.01733
0.01733
0.01733
0.01733
0.01733
0.01733
0.01733
0.01733
0.01733
0.01733
0.01733
0.01733
0.01740
0.01740
0.01746
0.01746
0.01746
0.01746
0.01746
0.01747
0.01752
0.01752
0.01752
0.01752
0.01755
0.01755
0.01756
0.01758
0.01758
0.01758
0.01758
0.01758
0.01758
0.01758
0.01758
0.01758
0.01764
0.01764
0.01765
0.01770
0.01770
0.01770
0.01770
0.01770
0.01776
0.01782
0.01782
0.01782
0.01782
0.01782
0.01782
0.01782
0.01782
0.01782
0.01782
0.01782
0.01782
0.01782
0.01782
0.01782
0.01782
0.01784
0.01785
0.01788
0.01793
0.01794
0.01794
0.01794
0.01801
0.01801
0.01801
0.01807
0.01807
0.01807
0.01807
0.01807
0.01807
0.01807
0.01807
0.01807
0.01807
0.01807
0.01807
0.01807
0.01807
0.01807
0.01807
0.01807
0.01807
0.01807
0.01807
0.01807
0.01807
0.01810
0.01810
0.01813
0.01816
0.01819
0.01819
0.01822
0.01822
0.01825
0.01825
0.01825
0.01828
0.01831
0.01831
0.01831
0.01831
0.01831
0.01831
0.01831
0.01831
0.01831
0.01831
0.01831
0.01831
0.01831
0.01831
0.01843
0.01843
0.01843
0.01843
0.01846
0.01849
0.01849
0.01850
0.01855
0.01855
0.01855
0.01855
0.01855
0.01855
0.01855
0.01855
0.01855
0.01855
0.01855
0.01855
0.01855
0.01855
0.01855
0.01868
0.01868
0.01868
0.01868
0.01868
0.01868
0.01868
0.01868
0.01868
0.01868
0.01871
0.01874
0.01874
0.01875
0.01877
0.01877
0.01880
0.01880
0.01880
0.01880
0.01880
0.01880
0.01880
0.01880
0.01880
0.01886
0.01886
0.01891
0.01892
0.01892
0.01892
0.01892
0.01892
0.01892
0.01892
0.01892
0.01894
0.01898
0.01904
0.01904
0.01904
0.01904
0.01904
0.01904
0.01904
0.01904
0.01904
0.01904
0.01904
0.01904
0.01904
0.01910
0.01914
0.01917
0.01917
0.01917
0.01917
0.01917
0.01917
0.01917
0.01917
0.01917
0.01920
0.01923
0.01926
0.01929
0.01929
0.01929
0.01929
0.01929
0.01929
0.01929
0.01929
0.01929
0.01929
0.01929
0.01929
0.01929
0.01929
0.01929
0.01929
0.01929
0.01935
0.01935
0.01935
0.01935
0.01936
0.01941
0.01941
0.01953
0.01953
0.01953
0.01953
0.01953
0.01953
0.01953
0.01953
0.01953
0.01953
0.01953
0.01953
0.01956
0.01964
0.01964
0.01965
0.01965
0.01965
0.01965
0.01965
0.01965
0.01965
0.01965
0.01965
0.01974
0.01978
0.01978
0.01978
0.01978
0.01978
0.01978
0.01978
0.01978
0.01978
0.01978
0.01978
0.01978
0.01987
0.01988
0.01990
0.01990
0.01990
0.01990
0.01990
0.01990
0.01991
0.02002
0.02002
0.02002
0.02002
0.02002
0.02002
0.02002
0.02002
0.02002
0.02002
0.02002
0.02002
0.02002
0.02002
0.02002
0.02002
0.02002
0.02002
0.02002
0.02002
0.02002
0.02002
0.02002
0.02002
0.02010
0.02014
0.02014
0.02014
0.02020
0.02026
0.02026
0.02026
0.02026
0.02026
0.02026
0.02026
0.02026
0.02026
0.02026
0.02026
0.02026
0.02026
0.02026
0.02029
0.02032
0.02032
0.02039
0.02039
0.02039
0.02039
0.02043
0.02051
0.02051
0.02051
0.02051
0.02051
0.02051
0.02051
0.02051
0.02051
0.02051
0.02051
0.02051
0.02051
0.02051
0.02051
0.02051
0.02051
0.02051
0.02057
0.02063
0.02063
0.02063
0.02063
0.02063
0.02069
0.02069
0.02069
0.02075
0.02075
0.02075
0.02075
0.02075
0.02075
0.02075
0.02075
0.02075
0.02075
0.02081
0.02081
0.02087
0.02087
0.02087
0.02100
0.02100
0.02100
0.02100
0.02100
0.02100
0.02100
0.02100
0.02112
0.02112
0.02112
0.02124
0.02124
0.02124
0.02124
0.02124
0.02124
0.02124
0.02124
0.02124
0.02124
0.02127
0.02133
0.02136
0.02142
0.02142
0.02148
0.02148
0.02148
0.02148
0.02155
0.02161
0.02161
0.02161
0.02170
0.02173
0.02173
0.02173
0.02173
0.02173
0.02173
0.02173
0.02185
0.02185
0.02185
0.02187
0.02194
0.02197
0.02197
0.02197
0.02197
0.02197
0.02197
0.02197
0.02197
0.02203
0.02206
0.02209
0.02222
0.02222
0.02222
0.02222
0.02222
0.02222
0.02222
0.02234
0.02234
0.02234
0.02240
0.02240
0.02246
0.02246
0.02246
0.02246
0.02246
0.02246
0.02258
0.02258
0.02258
0.02264
0.02271
0.02271
0.02271
0.02273
0.02278
0.02283
0.02289
0.02295
0.02295
0.02295
0.02295
0.02307
0.02319
0.02319
0.02319
0.02332
0.02338
0.02344
0.02344
0.02356
0.02356
0.02362
0.02368
0.02386
0.02393
0.02393
0.02393
0.02393
0.02393
0.02393
0.02399
0.02411
0.02417
0.02417
0.02417
0.02417
0.02417
0.02417
0.02417
0.02429
0.02429
0.02434
0.02438
0.02441
0.02441
0.02441
0.02441
0.02441
0.02441
0.02441
0.02452
0.02454
0.02463
0.02466
0.02466
0.02466
0.02466
0.02466
0.02466
0.02466
0.02466
0.02473
0.02478
0.02478
0.02478
0.02478
0.02484
0.02490
0.02490
0.02490
0.02496
0.02515
0.02515
0.02515
0.02525
0.02527
0.02539
0.02539
0.02539
0.02563
0.02563
0.02576
0.02576
0.02576
0.02582
0.02588
0.02588
0.02600
0.02625
0.02637
0.02637
0.02637
0.02637
0.02640
0.02657
0.02661
0.02661
0.02661
0.02661
0.02661
0.02673
0.02686
0.02686
0.02686
0.02686
0.02686
0.02698
0.02707
0.02710
0.02710
0.02710
0.02710
0.02734
0.02734
0.02747
0.02759
0.02759
0.02771
0.02771
0.02771
0.02777
0.02783
0.02783
0.02784
0.02789
0.02795
0.02795
0.02795
0.02808
0.02808
0.02808
0.02808
0.02820
0.02832
0.02832
0.02832
0.02844
0.02850
0.02856
0.02856
0.02856
0.02856
0.02856
0.02856
0.02869
0.02875
0.02881
0.02905
0.02917
0.02930
0.02930
0.02930
0.02936
0.02942
0.02979
0.02979
0.03000
0.03003
0.03015
0.03015
0.03027
0.03027
0.03027
0.03040
0.03046
0.03052
0.03064
0.03076
0.03076
0.03076
0.03094
0.03101
0.03101
0.03125
0.03125
0.03128
0.03137
0.03137
0.03137
0.03149
0.03149
0.03149
0.03149
0.03162
0.03186
0.03223
0.03226
0.03259
0.03271
0.03296
0.03320
0.03320
0.03320
0.03326
0.03345
0.03369
0.03381
0.03394
0.03394
0.03430
0.03491
0.03516
0.03552
0.03564
0.03564
0.03638
0.03662
0.04053
0.04260
0.04297
0.04321
0.04321
0.04382
0.04395
0.04492
0.04712
0.05341
0.05438
0.05713
0.06015
0.07092
0.07291
