301051 10 53 5.3
301378 3 8 2.66667
301344 1 1 1
1140 10 14 1.4
301466 3 4 1.33333
777 4 9 2.25
301194 5 9 1.8
900 13 16 1.23077
1208 1 1 1
1017 1 1 1
969 4 7 1.75
301404 8 8 1
301038 4 6 1.5
1215 6 11 1.83333
301428 12 20 1.66667
609 10 10 1
553 3 24 8
368 1 1 1
300926 10 19 1.9
825 12 12 1
300655 12 35 2.91667
1166 6 20 3.33333
300792 7 7 1
937 4 12 3
117 2 6 3
978 1 1 1
200930 7 7 1
200705 7 7 1
200809 5 5 1
106 15 24 1.6
699 1 1 1
103 7 11 1.57143
489 2 2 1
100049 13 13 1
201564 7 7 1
201433 9 9 1
387 9 10 1.11111
101491 9 9 1
200796 5 5 1
100563 10 13 1.3
201486 1 1 1
200895 1 1 1
201520 3 13 4.33333
101351 13 17 1.30769
100923 3 11 3.66667
100757 9 17 1.88889
200807 8 22 2.75
201382 4 4 1
201492 1 1 1
200967 1 1 1
301304 13 15 1.15385
301502 9 15 1.66667
301088 8 9 1.125
200784 5 13 2.6
201573 1 1 1
301023 2 2 1
1503 3 3 1
301072 9 18 2
300382 8 8 1
300996 1 1 1
301294 10 11 1.1
300769 5 5 1
1126 14 35 2.5
1439 9 9 1
1211 9 58 6.44444
1028 3 3 1
1316 5 30 6
300277 4 13 3.25
300928 12 23 1.91667
1304 8 11 1.375
300517 2 16 8
300651 14 31 2.21429
315 11 15 1.36364
1255 3 3 1
342 3 5 1.66667
705 10 31 3.1
300882 4 8 2
300210 5 12 2.4
300856 6 34 5.66667
301070 1 1 1
1467 5 5 1
300291 6 19 3.16667
300225 16 20 1.25
300148 10 22 2.2
1032 12 23 1.91667
300685 6 11 1.83333
300444 5 6 1.2
1297 8 25 3.125
301442 3 6 2
300033 3 5 1.66667
301036 5 20 4
300157 14 62 4.42857
300674 10 22 2.2
300164 6 10 1.66667
1424 1 1 1
155 16 36 2.25
301358 8 13 1.625
874 7 7 1
100861 15 50 3.33333
300229 6 6 1
100682 1 1 1
1091 9 9 1
351 3 9 3
300759 7 29 4.14286
963 5 18 3.6
394 1 1 1
100010 66 114 1.72727
1267 3 3 1
300466 1 1 1
300703 8 8 1
100817 13 19 1.46154
1230 7 34 4.85714
100305 13 14 1.07692
507 7 11 1.57143
629 1 1 1
300432 4 4 1
100729 1 1 1
230 11 19 1.72727
839 10 23 2.3
100256 10 10 1
201010 1 1 1
100567 6 8 1.33333
678 2 3 1.5
200089 14 22 1.57143
300205 6 11 1.83333
581 6 6 1
100653 7 23 3.28571
525 7 17 2.42857
100839 11 11 1
201251 3 15 5
101260 3 5 1.66667
284 5 6 1.2
100718 13 19 1.46154
101403 2 2 1
201041 1 1 1
200214 7 26 3.71429
201442 14 16 1.14286
200567 6 6 1
100012 60 104 1.73333
101103 5 22 4.4
100140 4 8 2
101278 10 14 1.4
200693 11 11 1
200834 10 14 1.4
200764 3 3 1
100476 12 23 1.91667
200671 8 16 2
200974 12 33 2.75
201424 5 31 6.2
200781 3 3 1
201471 4 13 3.25
201390 8 11 1.375
201367 8 38 4.75
201559 5 7 1.4
100797 3 15 5
300357 9 9 1
200712 1 1 1
100161 2 2 1
100207 3 9 3
200682 1 1 1
201103 1 1 1
200242 5 9 1.8
200642 7 7 1
200897 10 19 1.9
101309 9 18 2
101133 1 1 1
101094 5 19 3.8
300556 6 7 1.16667
301335 6 6 1
300946 3 3 1
300750 12 37 3.08333
300347 5 12 2.4
300575 7 7 1
300700 7 15 2.14286
847 12 21 1.75
200548 4 6 1.5
300819 3 3 1
300285 5 11 2.2
301521 7 7 1
702 10 37 3.7
301069 5 18 3.6
625 2 18 9
300306 5 9 1.8
630 6 16 2.66667
300933 3 3 1
726 5 49 9.8
276 6 6 1
681 12 27 2.25
1014 1 1 1
301054 1 1 1
300324 8 8 1
684 13 46 3.53846
300312 1 1 1
1401 4 10 2.5
301372 3 3 1
70 23 23 1
1149 1 1 1
22 27 40 1.48148
1382 7 17 2.42857
1494 5 5 1
300775 4 4 1
269 11 34 3.09091
222 3 5 1.66667
100388 13 36 2.76923
100429 9 8 0.888889
301397 4 4 1
291 13 24 1.84615
1257 1 1 1
562 6 8 1.33333
1339 13 23 1.76923
100670 1 1 1
312 1 1 1
100486 8 16 2
100365 13 17 1.30769
1285 9 9 1
201089 5 5 1
200737 1 1 1
1275 3 15 5
100442 10 13 1.3
100834 11 13 1.18182
100421 11 30 2.72727
100640 5 11 2.2
201161 3 8 2.66667
201150 4 19 4.75
100705 9 24 2.66667
310 15 15 1
200915 5 34 6.8
100758 5 5 1
201206 3 17 5.66667
13 78 74 0.948718
201284 5 8 1.6
100868 1 1 1
100544 8 10 1.25
100761 6 6 1
200758 12 34 2.83333
200024 3 13 4.33333
200755 5 9 1.8
200284 15 15 1
100634 1 1 1
200471 1 1 1
200212 11 13 1.18182
100102 15 15 1
200946 4 13 3.25
200280 7 18 2.57143
100003 125 149 1.192
200239 10 14 1.4
200263 5 6 1.2
200319 12 22 1.83333
200802 5 26 5.2
201566 2 4 2
201293 1 1 1
201026 3 3 1
100403 1 1 1
100899 7 40 5.71429
101324 13 22 1.69231
100376 8 13 1.625
200512 4 13 3.25
201223 12 12 1
201114 6 55 9.16667
200810 14 17 1.21429
101263 12 12 1
101377 1 1 1
100896 8 23 2.875
201165 13 54 4.15385
100349 2 2 1
200902 13 13 1
200441 12 19 1.58333
101426 10 11 1.1
201473 7 7 1
301084 8 21 2.625
201306 9 11 1.22222
200531 12 29 2.41667
301048 2 2 1
100906 11 11 1
100986 7 16 2.28571
100953 7 9 1.28571
300772 8 12 1.5
200322 6 10 1.66667
300683 13 14 1.07692
1190 9 11 1.22222
300511 11 32 2.90909
693 4 4 1
661 6 6 1
301384 3 3 1
246 5 16 3.2
300257 3 14 4.66667
301526 1 1 1
300731 1 1 1
1366 9 17 1.88889
300186 10 41 4.1
301307 9 13 1.44444
300973 7 21 3
200129 2 2 1
799 5 5 1
300654 1 1 1
479 1 1 1
137 1 1 1
300741 1 1 1
200157 9 24 2.66667
384 12 21 1.75
300876 14 34 2.42857
518 4 4 1
300206 2 2 1
301078 8 8 1
300955 7 7 1
300262 10 13 1.3
1473 1 1 1
300094 12 24 2
260 10 21 2.1
220 8 8 1
622 8 26 3.25
1043 1 1 1
550 3 3 1
300305 3 7 2.33333
1391 3 9 3
830 8 12 1.5
287 2 2 1
100297 11 11 1
100230 1 1 1
100098 4 12 3
100375 7 8 1.14286
201147 2 2 1
101395 8 15 1.875
717 1 1 1
1005 3 20 6.66667
200958 11 13 1.18182
602 2 2 1
100960 13 15 1.15385
200148 5 6 1.2
100112 6 13 2.16667
100512 8 8 1
101031 11 11 1
100457 3 3 1
200498 10 26 2.6
100306 12 16 1.33333
200511 11 15 1.36364
201156 7 7 1
201265 13 29 2.23077
201349 4 17 4.25
201125 8 14 1.75
201112 5 17 3.4
200690 6 6 1
101044 4 4 1
201197 3 3 1
100750 10 12 1.2
101421 6 6 1
100166 6 6 1
200599 7 7 1
101317 8 31 3.875
301298 8 11 1.375
200727 10 11 1.1
200875 6 11 1.83333
200996 5 5 1
301058 6 15 2.5
200799 11 20 1.81818
301110 9 46 5.11111
200767 13 14 1.07692
300937 5 8 1.6
101320 13 25 1.92308
201551 8 8 1
201480 10 26 2.6
201406 10 10 1
300392 7 28 4
200547 12 29 2.41667
300940 1 1 1
200516 11 24 2.18182
201289 7 7 1
301034 4 20 5
301472 5 7 1.4
300162 6 9 1.5
808 13 29 2.23077
1485 2 2 1
301322 2 13 6.5
301432 6 6 1
1462 9 19 2.11111
300692 9 17 1.88889
965 6 12 2
943 5 23 4.6
1064 4 4 1
861 6 6 1
301522 4 4 1
1160 4 14 3.5
301087 10 38 3.8
635 3 3 1
1334 6 11 1.83333
200125 9 9 1
300778 4 4 1
300900 8 8 1
1054 3 3 1
389 8 16 2
100829 1 1 1
300744 2 2 1
44 31 31 1
1456 2 2 1
100518 11 19 1.72727
620 2 21 10.5
1507 11 17 1.54545
300546 5 11 2.2
237 12 13 1.08333
854 2 6 3
538 8 17 2.125
100446 6 6 1
26 21 24 1.14286
100732 6 30 5
444 7 7 1
476 4 4 1
100179 7 7 1
100914 8 16 2
200094 4 4 1
200976 2 2 1
101359 10 11 1.1
470 10 13 1.3
201137 6 7 1.16667
615 7 28 4
100911 12 21 1.75
101266 8 8 1
100920 4 17 4.25
101152 3 9 3
178 12 23 1.91667
201129 2 17 8.5
201340 12 16 1.33333
201268 11 26 2.36364
100690 1 1 1
200496 6 6 1
200031 21 44 2.09524
200369 6 6 1
101284 8 13 1.625
301310 7 39 5.57143
100406 5 8 1.6
100886 2 2 1
200207 4 15 3.75
100696 13 17 1.30769
200348 9 17 1.88889
201542 8 10 1.25
200943 8 9 1.125
100595 7 26 3.71429
101472 3 7 2.33333
201466 6 6 1
200717 7 16 2.28571
300378 12 46 3.83333
200846 8 15 1.875
200253 13 37 2.84615
101295 10 11 1.1
201263 13 37 2.84615
201280 2 12 6
201191 1 1 1
101501 2 5 2.5
100913 1 1 1
101397 1 1 1
201237 11 24 2.18182
200339 7 8 1.14286
200341 3 4 1.33333
101138 1 1 1
101279 1 1 1
200591 3 3 1
300551 6 6 1
300739 5 5 1
300580 3 26 8.66667
200011 36 59 1.63889
300857 10 17 1.7
1082 10 25 2.5
200050 16 33 2.0625
1235 9 51 5.66667
301343 10 21 2.1
1471 9 13 1.44444
300192 5 5 1
300450 11 11 1
1194 12 20 1.66667
301396 1 1 1
301144 8 52 6.5
486 5 28 5.6
301104 9 17 1.88889
57 9 13 1.44444
1059 10 20 2
300004 224 182 0.8125
300493 10 10 1
300366 4 6 1.5
300999 6 26 4.33333
300077 9 26 2.88889
1199 7 12 1.71429
300470 6 8 1.33333
301119 5 23 4.6
300970 10 27 2.7
300887 1 1 1
1444 2 5 2.5
495 5 10 2
300907 2 31 15.5
300508 6 6 1
1056 12 35 2.91667
300026 21 25 1.19048
300502 8 26 3.25
300481 12 15 1.25
1092 2 3 1.5
1476 8 10 1.25
626 6 6 1
200086 4 31 7.75
1193 11 11 1
100891 8 18 2.25
100841 8 8 1
1046 6 6 1
200079 1 1 1
100447 2 13 6.5
1236 11 11 1
983 6 23 3.83333
18 68 73 1.07353
200413 6 14 2.33333
201395 4 4 1
201371 11 28 2.54545
200668 7 22 3.14286
200373 1 1 1
200971 4 22 5.5
201495 1 1 1
101350 2 5 2.5
100666 11 15 1.36364
101459 5 15 3
201097 9 18 2
201302 11 21 1.90909
101404 7 11 1.57143
100215 6 6 1
201144 3 3 1
100847 2 2 1
101194 13 35 2.69231
200546 10 26 2.6
100449 5 5 1
200701 10 10 1
200815 3 3 1
200008 13 14 1.07692
101302 2 2 1
100620 1 1 1
201079 1 1 1
301440 8 8 1
200193 1 1 1
201311 3 3 1
301247 14 30 2.14286
200062 8 11 1.375
301179 6 29 4.83333
101248 1 1 1
301018 3 11 3.66667
200291 2 2 1
300612 1 1 1
300515 3 3 1
301381 10 28 2.8
200627 4 4 1
301368 11 14 1.27273
200392 8 9 1.125
301449 13 24 1.84615
300834 4 11 2.75
300380 10 17 1.7
492 5 60 12
388 11 16 1.45455
1102 13 29 2.23077
365 10 23 2.3
348 4 4 1
300755 7 13 1.85714
221 4 13 3.25
214 9 9 1
1336 6 31 5.16667
301416 10 15 1.5
301094 2 18 9
300011 161 260 1.61491
300691 1 1 1
574 2 10 5
300982 1 1 1
1500 12 15 1.25
200082 10 10 1
304 12 12 1
300979 5 5 1
300540 2 5 2.5
301170 11 11 1
958 4 8 2
145 4 4 1
301131 2 2 1
274 12 14 1.16667
300046 22 31 1.40909
300680 11 26 2.36364
300396 9 9 1
301203 6 24 4
41 13 25 1.92308
300824 9 9 1
300878 10 10 1
300286 15 44 2.93333
300727 1 1 1
200064 15 19 1.26667
541 5 5 1
689 6 6 1
768 1 1 1
101469 4 11 2.75
100235 8 20 2.5
300464 6 20 3.33333
100310 9 9 1
201204 9 9 1
201201 6 16 2.66667
607 1 1 1
201008 7 7 1
201430 10 10 1
895 9 27 3
201460 6 19 3.16667
100138 5 11 2.2
200289 6 15 2.5
100751 9 37 4.11111
101312 6 6 1
520 6 6 1
546 11 19 1.72727
353 7 7 1
200933 13 14 1.07692
200612 5 5 1
100825 3 4 1.33333
100716 1 1 1
100658 6 18 3
200960 1 1 1
100887 4 11 2.75
100393 7 24 3.42857
101273 1 1 1
100131 1 1 1
201299 13 14 1.07692
100572 12 24 2
200763 12 12 1
200594 4 4 1
101209 1 1 1
200229 11 34 3.09091
201136 12 44 3.66667
200040 11 11 1
200624 3 3 1
201142 3 10 3.33333
201469 1 1 1
101151 2 2 1
300410 1 1 1
200899 2 2 1
200989 12 12 1
200312 12 12 1
201070 9 9 1
200240 6 9 1.5
100980 13 33 2.53846
200674 12 22 1.83333
301316 4 4 1
201512 7 7 1
201321 6 8 1.33333
301419 1 1 1
1442 3 8 2.66667
300484 5 5 1
200452 10 10 1
1373 6 9 1.5
1073 6 6 1
1408 2 2 1
1027 12 17 1.41667
300860 10 14 1.4
200014 13 29 2.23077
1180 14 26 1.85714
1179 2 2 1
933 7 7 1
301000 10 11 1.1
301064 1 1 1
300330 14 60 4.28571
804 1 1 1
1423 2 2 1
1354 2 17 8.5
301354 1 1 1
1243 5 18 3.6
1428 10 18 1.8
1311 11 11 1
74 9 27 3
1165 14 33 2.35714
910 1 1 1
455 9 19 2.11111
1388 7 7 1
300622 6 6 1
300178 8 15 1.875
300344 6 11 1.83333
62 19 22 1.15789
300709 8 7 0.875
301371 2 5 2.5
1074 1 1 1
300640 3 6 2
982 1 1 1
301007 1 1 1
1183 5 5 1
300145 6 6 1
782 5 28 5.6
301099 1 1 1
320 14 57 4.07143
100747 2 5 2.5
100524 12 12 1
301361 5 11 2.2
362 16 87 5.4375
100804 3 3 1
301475 1 1 1
300565 5 21 4.2
721 7 15 2.14286
300964 7 18 2.57143
100463 8 8 1
1173 13 14 1.07692
590 8 19 2.375
289 17 33 1.94118
1496 1 1 1
300041 2 2 1
242 12 13 1.08333
100723 3 3 1
1109 5 5 1
714 13 49 3.76923
100360 12 18 1.5
100435 4 20 5
300182 1 1 1
796 7 19 2.71429
100769 14 18 1.28571
300212 10 11 1.1
319 16 19 1.1875
903 13 33 2.53846
98 12 20 1.66667
100731 13 29 2.23077
100092 14 45 3.21429
201063 5 67 13.4
50 1 1 1
200926 13 19 1.46154
200257 14 14 1
200854 8 29 3.625
200697 4 4 1
200355 1 1 1
101292 3 3 1
101316 11 16 1.45455
200606 10 10 1
100243 4 4 1
200821 1 1 1
201187 8 26 3.25
201339 7 27 3.85714
101204 3 3 1
201342 6 15 2.5
101171 10 10 1
201003 2 28 14
100701 2 2 1
200622 11 54 4.90909
101460 2 2 1
200743 1 1 1
200588 5 5 1
200261 1 1 1
200013 30 33 1.1
100617 7 8 1.14286
101381 5 6 1.2
301229 8 33 4.125
300383 6 9 1.5
201084 11 12 1.09091
201312 2 2 1
200600 1 1 1
301076 12 14 1.16667
100019 15 24 1.6
101261 13 16 1.23077
200576 11 16 1.45455
101068 11 12 1.09091
201377 2 2 1
301347 4 18 4.5
201353 4 8 2
201217 10 10 1
200235 2 2 1
300434 13 40 3.07692
1384 11 15 1.36364
300886 1 1 1
300678 2 2 1
1405 12 22 1.83333
200603 1 1 1
200636 5 12 2.4
301162 3 32 10.6667
200660 7 7 1
301159 7 10 1.42857
300852 1 1 1
300490 5 5 1
1030 6 6 1
300060 19 27 1.42105
301314 11 22 2
1137 1 1 1
301146 10 10 1
1395 1 1 1
474 3 21 7
1453 11 25 2.27273
1364 12 21 1.75
300431 6 27 4.5
745 10 19 1.9
300763 1 1 1
300268 10 20 2
300436 1 1 1
52 26 29 1.11538
561 10 13 1.3
300029 5 7 1.4
300248 2 2 1
1152 1 1 1
300319 2 2 1
300487 4 4 1
1518 5 5 1
1435 4 4 1
300452 13 22 1.69231
300844 3 3 1
329 13 16 1.23077
1426 5 6 1.2
940 11 16 1.45455
200165 2 2 1
1041 10 17 1.7
754 11 39 3.54545
1051 3 7 2.33333
101432 3 3 1
100638 11 11 1
778 12 14 1.16667
101405 7 16 2.28571
100062 6 6 1
100844 7 8 1.14286
100811 1 1 1
101505 10 11 1.1
101393 1 1 1
88 4 4 1
356 13 31 2.38462
200745 14 31 2.21429
47 8 25 3.125
201017 2 2 1
200924 7 13 1.85714
200388 1 1 1
200748 1 1 1
101419 8 9 1.125
100313 11 10 0.909091
101425 1 1 1
100497 1 1 1
100210 5 5 1
100722 7 8 1.14286
101056 1 1 1
101530 12 15 1.25
200585 3 3 1
200406 1 1 1
100474 12 50 4.16667
301278 4 4 1
200058 7 10 1.42857
100471 4 21 5.25
101233 1 1 1
101002 2 16 8
301226 6 6 1
200688 2 9 4.5
301285 11 11 1
201014 6 8 1.33333
200559 9 14 1.55556
201173 4 10 2.5
200358 2 20 10
101386 9 9 1
100292 16 37 2.3125
200269 13 23 1.76923
200850 14 26 1.85714
101124 12 14 1.16667
101080 5 8 1.6
200794 8 23 2.875
301399 9 9 1
101267 2 2 1
301180 8 32 4
200608 1 1 1
200581 7 7 1
200621 10 37 3.7
200028 4 7 1.75
301489 12 14 1.16667
301093 4 6 1.5
200211 9 10 1.11111
1443 5 5 1
301116 7 17 2.42857
300504 3 17 5.66667
1488 1 1 1
201335 3 25 8.33333
300117 12 15 1.25
1145 9 9 1
300646 2 3 1.5
300048 14 23 1.64286
200665 11 13 1.18182
300952 11 34 3.09091
818 3 3 1
300904 10 11 1.1
739 12 15 1.25
300593 5 27 5.4
300879 8 8 1
512 5 5 1
300296 13 26 2
301120 7 34 4.85714
390 1 1 1
300479 12 17 1.41667
367 12 14 1.16667
300242 1 1 1
301456 4 4 1
1479 2 8 4
301340 12 19 1.58333
300803 2 24 12
81 2 2 1
593 4 4 1
200152 2 27 13.5
101226 12 12 1
100058 1 1 1
434 9 13 1.44444
300539 6 6 1
344 9 25 2.77778
300461 9 9 1
301161 4 4 1
100803 10 10 1
300606 4 14 3.5
300829 1 1 1
100483 2 2 1
300532 4 13 3.25
170 4 21 5.25
100378 5 6 1.2
300948 10 27 2.7
67 23 23 1
300332 2 4 2
300526 1 1 1
300630 9 13 1.44444
964 5 10 2
361 5 5 1
201133 3 12 4
201159 2 2 1
100399 4 4 1
100190 11 11 1
201051 3 15 5
675 1 1 1
530 4 22 5.5
380 1 1 1
201514 7 18 2.57143
200526 1 1 1
64 6 12 2
100599 1 1 1
100533 4 9 2.25
200454 4 4 1
201106 1 1 1
101148 11 28 2.54545
200994 12 12 1
201389 2 6 3
100693 7 7 1
200771 1 1 1
101401 8 12 1.5
200222 16 38 2.375
200026 7 18 2.57143
201034 9 9 1
200570 4 6 1.5
100983 3 3 1
201507 2 2 1
101276 4 4 1
200232 5 12 2.4
101139 8 8 1
200482 4 4 1
100139 11 11 1
200327 3 4 1.33333
100964 10 32 3.2
201077 8 13 1.625
200773 1 1 1
300586 6 6 1
301350 3 9 3
100995 2 20 10
100915 7 10 1.42857
300974 11 20 1.81818
301424 10 12 1.2
201510 10 13 1.3
300921 15 35 2.33333
301061 10 33 3.3
200586 1 1 1
301506 4 4 1
300911 1 1 1
301251 7 7 1
300942 12 13 1.08333
301133 4 4 1
300074 5 15 3
1482 4 4 1
300369 4 4 1
459 12 41 3.41667
300625 2 15 7.5
1359 4 23 5.75
1261 1 1 1
300611 4 4 1
301125 1 1 1
1039 6 13 2.16667
1264 2 2 1
301176 10 44 4.4
1216 11 25 2.27273
301136 6 34 5.66667
300203 8 8 1
301192 2 2 1
300208 10 16 1.6
300875 1 1 1
300405 6 25 4.16667
100677 4 8 2
100082 10 14 1.4
300084 4 17 4.25
300125 3 9 3
300672 10 10 1
177 2 2 1
153 2 2 1
100680 8 36 4.5
800 13 20 1.53846
6 87 107 1.22989
36 11 16 1.45455
61 6 15 2.5
101488 12 26 2.16667
751 12 12 1
100299 9 9 1
101066 12 14 1.16667
100091 9 15 1.66667
200859 8 26 3.25
201219 6 37 6.16667
101114 11 18 1.63636
201366 9 9 1
200555 3 3 1
100753 3 17 5.66667
200635 4 6 1.5
100970 4 22 5.5
101050 9 13 1.44444
200845 5 38 7.6
101109 3 4 1.33333
101497 5 8 1.6
201585 3 3 1
100971 5 5 1
100940 6 34 5.66667
201332 3 7 2.33333
101011 9 17 1.88889
200832 7 9 1.28571
100335 10 10 1
200430 10 26 2.6
100957 7 7 1
101043 10 10 1
100281 3 3 1
200882 8 7 0.875
101366 10 18 1.8
101141 14 30 2.14286
301492 4 4 1
100943 1 1 1
300870 6 15 2.5
200735 1 1 1
201239 14 57 4.07143
300735 4 10 2.5
301313 5 14 2.8
1478 5 5 1
201240 11 14 1.27273
300281 9 15 1.66667
200618 3 3 1
301053 1 1 1
1288 10 17 1.7
901 10 13 1.3
300614 1 1 1
954 6 14 2.33333
300451 11 19 1.72727
300702 7 22 3.14286
301367 9 9 1
1010 11 30 2.72727
300416 10 10 1
1035 1 1 1
300121 9 9 1
301474 2 2 1
100078 8 8 1
300960 5 5 1
300034 9 13 1.44444
301487 7 10 1.42857
919 11 11 1
34 20 28 1.4
300390 2 2 1
300545 4 10 2.5
301151 11 17 1.54545
300811 8 8 1
936 10 11 1.1
300938 6 6 1
439 3 3 1
226 6 6 1
1142 7 26 3.71429
506 6 6 1
300467 3 3 1
300689 4 9 2.25
859 9 26 2.88889
1117 2 3 1.5
20 82 133 1.62195
1019 1 1 1
301497 10 10 1
300169 6 18 3
1226 13 12 0.923077
1350 13 14 1.07692
100564 1 1 1
716 7 28 4
1186 9 35 3.88889
54 4 5 1.25
501 11 44 4
200159 8 8 1
100835 5 5 1
456 2 2 1
300669 1 1 1
101186 6 6 1
601 9 9 1
301024 10 10 1
1031 2 17 8.5
100118 8 8 1
793 11 27 2.45455
100660 6 18 3
336 7 22 3.14286
1356 10 24 2.4
1103 7 16 2.28571
100692 6 40 6.66667
1207 2 2 1
300015 75 105 1.4
200841 11 33 3
201042 2 2 1
300241 5 11 2.2
300278 15 15 1
817 5 56 11.2
100996 10 12 1.2
100015 32 31 0.96875
100547 1 1 1
100573 6 5 0.833333
239 2 13 6.5
200868 1 1 1
200978 11 11 1
201594 8 8 1
101409 10 16 1.6
200707 1 1 1
101451 10 20 2
100749 7 20 2.85714
201386 9 11 1.22222
100453 7 7 1
200492 3 3 1
101125 8 24 3
101165 10 42 4.2
201364 11 23 2.09091
201099 1 1 1
101422 1 1 1
200506 8 9 1.125
101378 9 10 1.11111
200565 2 2 1
301267 6 10 1.66667
100775 1 1 1
201610 6 6 1
200695 3 3 1
100646 12 23 1.91667
201458 11 21 1.90909
100808 1 1 1
100643 1 1 1
101453 5 14 2.8
101014 9 13 1.44444
201524 4 4 1
200428 8 8 1
200768 10 15 1.5
301293 4 15 3.75
200522 11 18 1.63636
101129 10 17 1.7
301097 5 5 1
101017 6 6 1
200367 2 2 1
101442 6 11 1.83333
200384 1 1 1
101288 9 22 2.44444
200485 12 65 5.41667
201606 3 3 1
200966 9 26 2.88889
301107 2 2 1
200265 9 14 1.55556
301044 9 47 5.22222
200343 8 9 1.125
300518 2 2 1
300180 8 20 2.5
301345 12 12 1
300924 11 11 1
984 12 23 1.91667
200439 4 4 1
1312 13 36 2.76923
1420 12 24 2
776 5 24 4.8
301083 6 6 1
1158 6 11 1.83333
1016 11 24 2.18182
673 8 9 1.125
301249 6 12 2
301074 7 7 1
300859 9 30 3.33333
301167 13 21 1.61538
730 2 5 2.5
301477 6 6 1
300428 9 32 3.55556
864 1 1 1
171 5 5 1
1097 4 7 1.75
300239 10 27 2.7
300780 2 2 1
300197 9 24 2.66667
1459 12 18 1.5
200150 10 10 1
301103 8 13 1.625
428 2 2 1
261 1 1 1
844 4 5 1.25
1241 1 1 1
772 2 33 16.5
293 7 12 1.71429
301488 4 4 1
300014 108 127 1.17593
453 4 4 1
301408 8 14 1.75
100063 1 1 1
300314 3 6 2
100569 7 10 1.42857
504 2 2 1
1380 1 1 1
1369 11 11 1
300150 2 2 1
300260 1 1 1
1222 2 2 1
100515 1 1 1
488 8 13 1.625
1510 8 8 1
100622 3 15 5
249 5 5 1
300816 1 1 1
1342 11 19 1.72727
100587 3 3 1
416 11 24 2.18182
300815 13 16 1.23077
300088 1 1 1
548 1 1 1
100494 8 17 2.125
376 11 29 2.63636
201000 6 6 1
1205 14 35 2.5
82 18 27 1.5
100103 9 9 1
100039 13 18 1.38462
101183 11 12 1.09091
200203 9 14 1.55556
100610 12 17 1.41667
706 2 2 1
101175 1 1 1
200283 2 13 6.5
101228 7 7 1
307 10 21 2.1
101282 14 23 1.64286
48 7 21 3
379 7 7 1
142 8 37 4.625
101222 10 22 2.2
100536 7 27 3.85714
100673 2 2 1
200297 10 27 2.7
201316 3 3 1
100624 13 28 2.15385
200652 11 27 2.45455
201073 7 11 1.57143
200721 1 1 1
201445 11 26 2.36364
101140 11 14 1.27273
101096 11 14 1.27273
101236 2 16 8
101203 4 27 6.75
200731 8 19 2.375
100984 6 7 1.16667
201308 6 6 1
200620 11 11 1
100612 10 10 1
201246 1 1 1
200295 10 12 1.2
200350 6 24 4
201011 4 19 4.75
201463 8 9 1.125
201325 1 1 1
101415 2 6 3
200751 8 14 1.75
201394 12 12 1
201083 1 1 1
101256 1 1 1
200416 2 2 1
301211 8 35 4.375
200250 12 23 1.91667
101028 13 33 2.53846
200309 3 5 1.66667
200540 1 1 1
1417 10 20 2
200434 6 6 1
300752 2 17 8.5
301172 9 11 1.22222
301254 3 3 1
1049 5 14 2.8
1399 7 7 1
301227 3 19 6.33333
300439 10 13 1.3
300486 9 16 1.77778
300425 1 1 1
300496 1 1 1
301327 9 9 1
300862 1 1 1
300153 10 10 1
301079 1 1 1
1474 6 7 1.16667
200174 12 46 3.83333
301443 9 11 1.22222
300812 5 8 1.6
1306 13 16 1.23077
300165 7 7 1
992 5 5 1
1045 4 4 1
301089 1 1 1
100601 2 2 1
301391 13 43 3.30769
200088 3 3 1
711 1 1 1
300717 5 10 2
100619 1 1 1
655 6 16 2.66667
200144 10 19 1.9
657 6 11 1.83333
300267 9 19 2.11111
200138 1 1 1
392 1 1 1
259 6 29 4.83333
1001 7 7 1
300443 8 8 1
918 1 1 1
300222 1 1 1
300193 7 25 3.57143
1431 9 12 1.33333
130 9 18 2
110 8 8 1
200141 3 8 2.66667
100633 3 3 1
101514 9 9 1
101495 1 1 1
101414 4 25 6.25
1196 7 7 1
200188 13 21 1.61538
101534 13 14 1.07692
100060 3 6 2
101015 6 10 1.66667
100615 2 2 1
100655 7 7 1
100054 12 27 2.25
200595 3 3 1
100560 2 2 1
101322 8 14 1.75
100992 5 5 1
200596 2 2 1
100345 4 4 1
100554 1 1 1
101521 1 1 1
100023 1 1 1
100584 11 11 1
100522 4 4 1
200903 3 6 2
100581 14 56 4
100629 4 40 10
100669 9 21 2.33333
201267 12 18 1.5
101433 6 19 3.16667
100741 6 12 2
201119 14 51 3.64286
100258 11 11 1
101108 1 1 1
201596 1 1 1
101326 9 42 4.66667
200231 5 11 2.2
200925 3 8 2.66667
200663 8 8 1
301100 1 1 1
301004 1 1 1
200245 12 17 1.41667
101300 1 1 1
301459 3 3 1
300972 2 2 1
301234 9 12 1.33333
200344 7 7 1
201328 6 11 1.83333
300350 5 11 2.2
301460 7 7 1
300214 11 36 3.27273
301380 1 1 1
300794 10 13 1.3
300320 8 13 1.625
569 1 1 1
707 3 4 1.33333
300200 13 32 2.46154
300874 11 11 1
578 4 20 5
935 7 6 0.857143
484 10 14 1.4
301483 3 3 1
616 1 1 1
333 16 17 1.0625
544 5 13 2.6
1338 9 9 1
670 11 11 1
300482 9 15 1.66667
1324 2 8 4
907 9 11 1.22222
200163 1 1 1
100067 17 17 1
300037 19 57 3
200132 5 7 1.4
638 14 27 1.92857
101192 1 1 1
200122 7 40 5.71429
300255 1 1 1
897 1 1 1
124 4 7 1.75
100 16 18 1.125
100137 5 12 2.4
78 20 23 1.15
1345 6 12 2
709 5 6 1.2
100651 2 6 3
201101 7 23 3.28571
300524 11 24 2.18182
201045 1 1 1
300122 13 14 1.07692
1274 5 21 4.2
201214 5 15 3
100317 15 21 1.4
100822 3 3 1
300070 15 16 1.06667
101429 2 2 1
300808 14 19 1.35714
100133 2 2 1
101070 1 1 1
200084 13 13 1
100739 3 3 1
201568 1 1 1
640 12 45 3.75
201157 2 2 1
200187 5 8 1.6
100188 6 6 1
100334 8 25 3.125
100592 1 1 1
201291 5 5 1
198 1 1 1
101330 2 5 2.5
200486 7 24 3.42857
200804 1 1 1
200217 3 12 4
200782 8 8 1
201588 7 8 1.14286
100514 4 4 1
201227 1 1 1
100506 4 4 1
100396 4 4 1
100888 9 23 2.55556
101348 1 1 1
100976 1 1 1
201243 1 1 1
200447 8 16 2
201300 9 46 5.11111
101078 1 1 1
200949 1 1 1
100609 5 10 2
200590 5 5 1
201221 13 17 1.30769
101019 9 9 1
200527 10 14 1.4
200552 10 20 2
301201 8 59 7.375
101022 12 13 1.08333
101060 12 12 1
201322 11 24 2.18182
201234 3 3 1
300725 7 21 3
101372 9 9 1
300354 1 1 1
301153 1 1 1
201443 12 14 1.16667
201580 8 13 1.625
1036 3 10 3.33333
300394 4 4 1
301491 2 2 1
301385 2 3 1.5
200655 2 2 1
200691 5 12 2.4
300137 7 10 1.42857
200038 1 1 1
300800 4 33 8.25
1386 10 10 1
1480 6 8 1.33333
1244 5 5 1
146 12 19 1.58333
794 3 29 9.66667
301357 10 27 2.7
189 11 36 3.27273
181 10 11 1.1
300089 15 20 1.33333
1135 2 2 1
300388 9 17 1.88889
100070 18 25 1.38889
118 14 14 1
882 3 3 1
49 18 18 1
25 49 62 1.26531
300553 4 28 7
447 2 2 1
100840 6 23 3.83333
1315 10 13 1.3
300694 3 3 1
161 5 16 3.2
862 3 3 1
279 10 10 1
100641 5 5 1
300172 1 1 1
471 1 1 1
101218 6 15 2.5
300236 5 5 1
100040 2 3 1.5
836 2 2 1
100294 8 17 2.125
100147 10 17 1.7
331 16 28 1.75
100034 5 24 4.8
1129 12 30 2.5
300185 10 18 1.8
989 8 8 1
101456 11 20 1.81818
533 2 7 3.5
100884 6 6 1
201479 1 1 1
200574 3 3 1
201336 6 11 1.83333
101407 8 17 2.125
133 11 15 1.36364
200320 14 23 1.64286
200378 10 10 1
101507 4 4 1
100303 4 9 2.25
200156 7 7 1
201488 1 1 1
201139 6 14 2.33333
200036 18 34 1.88889
100872 11 27 2.45455
200886 9 11 1.22222
201546 5 17 3.4
200301 2 5 2.5
100656 3 6 2
101465 2 4 2
100865 9 12 1.33333
201496 9 15 1.66667
201474 6 6 1
200541 2 2 1
200371 1 1 1
100853 9 12 1.33333
201121 9 10 1.11111
201418 3 7 2.33333
201031 6 8 1.33333
101436 8 14 1.75
200458 9 9 1
200538 1 1 1
300361 11 17 1.54545
301510 4 4 1
100870 1 1 1
300408 7 8 1.14286
200045 12 17 1.41667
100938 8 30 3.75
200529 6 6 1
301301 9 23 2.55556
101176 5 21 4.2
100941 15 20 1.33333
200465 1 1 1
1132 5 12 2.4
300352 6 6 1
1367 5 5 1
200317 8 19 2.375
301187 2 2 1
301115 12 37 3.08333
300246 1 1 1
200494 5 5 1
301095 1 1 1
300799 7 17 2.42857
300211 9 17 1.88889
301388 11 22 2
1188 12 18 1.5
658 7 7 1
195 3 3 1
652 11 11 1
300167 2 2 1
300536 12 27 2.25
300080 9 11 1.22222
300906 7 8 1.14286
301365 6 7 1.16667
540 12 28 2.33333
300676 2 2 1
300017 40 40 1
1110 1 1 1
300576 4 9 2.25
948 6 16 2.66667
300183 16 53 3.3125
100469 6 6 1
300143 8 8 1
300947 3 3 1
887 11 13 1.18182
905 1 1 1
563 10 20 2
300738 7 20 2.85714
1061 11 23 2.09091
101384 6 14 2.33333
200117 10 10 1
100417 5 10 2
1098 11 13 1.18182
100116 10 10 1
1058 1 1 1
100712 6 6 1
923 11 27 2.45455
217 9 17 1.88889
200817 7 7 1
300420 8 8 1
516 4 4 1
200922 1 1 1
85 23 32 1.3913
100550 1 1 1
100356 10 15 1.5
712 7 18 2.57143
100523 3 26 8.66667
200074 14 24 1.71429
200822 1 1 1
101143 11 26 2.36364
100752 10 10 1
100924 3 6 2
200233 6 20 3.33333
100005 59 70 1.18644
100814 6 6 1
100263 15 30 2
200190 1 1 1
200180 8 8 1
100167 10 13 1.3
200983 11 11 1
100111 12 23 1.91667
101327 1 1 1
101185 8 47 5.875
100807 12 32 2.66667
100418 5 5 1
200953 10 14 1.4
100143 2 2 1
100559 5 5 1
100285 1 1 1
100648 3 15 5
100382 3 3 1
201313 6 6 1
200053 1 1 1
100197 12 21 1.75
100241 6 20 3.33333
200420 10 16 1.6
200009 15 17 1.13333
201185 12 33 2.75
100695 1 1 1
200501 3 3 1
201305 7 23 3.28571
201544 1 1 1
100788 9 10 1.11111
100154 8 8 1
200347 1 1 1
201001 4 4 1
200404 4 4 1
100157 8 16 2
200644 8 8 1
100338 7 17 2.42857
201276 11 12 1.09091
101435 2 2 1
100227 2 2 1
201595 5 5 1
200904 4 22 5.5
200646 11 11 1
201039 11 11 1
100945 2 5 2.5
301331 4 9 2.25
200873 12 20 1.66667
300835 10 32 3.2
300776 14 14 1
301209 1 1 1
1067 1 1 1
300923 11 11 1
200584 10 10 1
200432 10 39 3.9
300010 51 84 1.64706
200440 8 9 1.125
406 7 17 2.42857
505 5 5 1
301439 7 13 1.85714
300705 2 2 1
300488 12 35 2.91667
200110 2 4 2
564 12 40 3.33333
300218 6 8 1.33333
301008 3 7 2.33333
301421 9 11 1.22222
300888 3 4 1.33333
300346 3 7 2.33333
300554 6 26 4.33333
300542 8 22 2.75
595 3 3 1
51 27 67 2.48148
1516 9 9 1
300118 7 12 1.71429
300562 2 2 1
1412 10 11 1.1
100537 2 2 1
300052 4 4 1
867 6 6 1
100556 5 25 5
300061 2 6 3
300813 10 15 1.5
300209 10 23 2.3
100409 3 9 3
100498 6 6 1
200213 7 7 1
101168 3 3 1
100740 1 1 1
100700 12 17 1.41667
200973 7 17 2.42857
100880 4 9 2.25
201560 6 9 1.5
201030 6 12 2
201203 9 9 1
100479 11 11 1
200502 11 12 1.09091
101173 9 14 1.55556
200123 13 34 2.61538
100253 10 10 1
201036 8 8 1
200935 8 10 1.25
200398 3 3 1
200879 5 47 9.4
100016 17 24 1.41176
200521 1 1 1
200251 13 13 1
100146 7 7 1
101264 11 12 1.09091
200241 3 3 1
200205 4 4 1
101323 9 13 1.44444
100703 13 21 1.61538
101361 6 6 1
200466 1 1 1
201464 2 22 11
200356 13 13 1
100961 8 16 2
201392 6 17 2.83333
201285 5 5 1
101344 5 24 4.8
301206 11 11 1
200017 6 6 1
100903 10 13 1.3
301321 10 20 2
301134 8 11 1.375
301395 3 3 1
200337 7 18 2.57143
200248 4 4 1
301480 5 6 1.2
201557 4 10 2.5
301041 11 13 1.18182
301324 9 21 2.33333
200497 10 14 1.4
1392 6 6 1
301315 14 26 1.85714
301188 1 1 1
300645 7 9 1.28571
300140 10 45 4.5
301225 11 33 3
300605 8 30 3.75
300561 2 2 1
300256 5 18 3.6
100052 10 11 1.1
300748 3 3 1
300264 1 1 1
321 11 11 1
722 6 6 1
200113 2 2 1
300842 7 31 4.42857
301183 5 13 2.6
30 35 59 1.68571
643 7 7 1
1363 9 13 1.44444
86 4 4 1
100369 13 19 1.46154
300642 1 1 1
1284 1 1 1
300730 9 26 2.88889
100193 11 11 1
300423 7 7 1
300826 4 4 1
496 1 1 1
868 4 15 3.75
100662 6 23 3.83333
300190 4 4 1
200136 4 6 1.5
128 10 28 2.8
201053 2 2 1
200130 6 7 1.16667
201127 2 2 1
200825 7 11 1.57143
100265 14 15 1.07143
101144 11 15 1.36364
101529 3 3 1
58 13 33 2.53846
101412 4 19 4.75
201049 4 8 2
200096 16 29 1.8125
23 15 16 1.06667
101111 4 16 4
100509 1 1 1
200881 10 10 1
200937 6 9 1.5
95 11 11 1
201374 2 14 7
201212 3 3 1
101191 1 1 1
100764 1 1 1
100877 11 13 1.18182
100967 5 5 1
201438 3 12 4
100832 8 9 1.125
100320 6 6 1
201257 6 8 1.33333
200220 4 4 1
201529 8 15 1.875
100720 2 2 1
200273 6 21 3.5
201032 1 1 1
101180 10 34 3.4
100930 1 1 1
301233 6 14 2.33333
201004 3 3 1
101212 5 11 2.2
201170 2 3 1.5
100988 7 8 1.14286
200380 1 1 1
301287 9 23 2.55556
301305 3 7 2.33333
101137 14 17 1.21429
101163 14 16 1.14286
100298 1 1 1
301231 1 1 1
100875 7 11 1.57143
300838 6 26 4.33333
101100 1 1 1
301445 1 1 1
200478 5 5 1
300591 7 22 3.14286
1310 6 12 2
300068 1 1 1
1070 12 20 1.66667
300473 10 17 1.7
300963 7 14 2
301375 11 21 1.90909
704 6 17 2.83333
300271 7 10 1.42857
1314 7 7 1
300318 9 15 1.66667
1287 1 1 1
300087 13 22 1.69231
300670 12 13 1.08333
441 3 7 2.33333
300822 1 1 1
301431 10 14 1.4
300199 13 38 2.92308
1171 12 15 1.25
200166 11 46 4.18182
665 1 1 1
300274 11 24 2.18182
1020 8 11 1.375
748 9 16 1.77778
300936 15 38 2.53333
1415 5 5 1
301057 2 2 1
1455 12 34 2.83333
200087 9 24 2.66667
301017 5 5 1
301317 3 3 1
994 3 8 2.66667
300634 10 10 1
628 8 8 1
229 5 13 2.6
300914 8 24 3
300250 8 10 1.25
300233 2 6 3
838 13 15 1.15385
300228 5 19 3.8
200120 11 14 1.27273
677 2 2 1
100080 3 6 2
100596 8 13 1.625
694 1 1 1
1125 5 5 1
100649 1 1 1
490 1 1 1
100542 12 16 1.33333
201068 11 19 1.72727
418 10 16 1.6
201362 2 5 2.5
100636 11 22 2
101525 11 13 1.18182
100979 4 15 3.75
93 10 28 2.8
101038 11 11 1
375 11 21 1.90909
100668 14 28 2
200135 4 8 2
101064 12 29 2.41667
101360 10 17 1.7
101481 9 9 1
100605 6 29 4.83333
167 12 16 1.33333
200857 11 11 1
201600 11 13 1.18182
201108 7 11 1.57143
100057 4 7 1.75
101112 12 51 4.25
201211 8 16 2
201222 7 7 1
201415 15 55 3.66667
101048 11 18 1.63636
201022 8 15 1.875
200509 4 4 1
201044 6 8 1.33333
201359 8 21 2.625
100969 9 11 1.22222
200837 3 12 4
100271 2 1 0.5
300395 1 1 1
100218 9 12 1.33333
201331 1 1 1
100189 1 1 1
200002 259 297 1.14672
101391 4 7 1.75
100935 5 8 1.6
201202 3 3 1
200919 1 1 1
101286 7 11 1.57143
200450 10 10 1
100905 11 39 3.54545
201327 10 17 1.7
201229 1 1 1
201434 8 8 1
101123 3 6 2
101314 14 33 2.35714
201273 1 1 1
913 1 1 1
819 4 4 1
744 9 26 2.88889
301195 2 2 1
1512 10 10 1
300055 17 19 1.11765
301444 9 14 1.55556
100076 18 37 2.05556
300032 25 45 1.8
72 8 13 1.625
300253 1 1 1
437 11 16 1.45455
300109 13 13 1
203 1 1 1
1077 8 39 4.875
100553 5 5 1
1224 6 37 6.16667
300463 10 22 2.2
100108 12 34 2.83333
100833 9 13 1.44444
100107 13 12 0.923077
100373 11 13 1.18182
141 12 12 1
100286 9 17 1.88889
1294 9 9 1
100201 3 3 1
101062 6 27 4.5
201411 1 1 1
200844 3 3 1
100659 3 3 1
201356 5 67 13.4
757 8 22 2.75
300016 42 48 1.14286
100121 13 27 2.07692
201303 4 19 4.75
100101 8 39 4.875
101461 6 6 1
100141 1 1 1
411 8 8 1
201247 5 23 4.6
101042 2 2 1
201592 10 14 1.4
200801 8 9 1.125
100882 1 1 1
100199 4 6 1.5
201562 3 7 2.33333
200424 9 33 3.66667
100898 1 1 1
101130 11 20 1.81818
200483 10 14 1.4
100517 1 1 1
101053 2 2 1
200387 2 2 1
201391 10 10 1
200331 10 31 3.1
201578 1 1 1
301220 5 5 1
101376 8 8 1
101024 3 3 1
201413 7 11 1.57143
101083 5 5 1
201381 8 14 1.75
100341 5 6 1.2
101071 2 13 6.5
100912 10 12 1.2
100169 2 2 1
100895 3 3 1
100755 1 1 1
201236 14 19 1.35714
201572 12 19 1.58333
201416 10 20 2
100916 7 9 1.28571
101487 1 1 1
201598 6 6 1
101482 1 1 1
101166 1 1 1
101075 1 1 1
200704 11 11 1
101252 4 12 3
301123 4 6 1.5
200296 4 4 1
1515 11 12 1.09091
1319 6 12 2
300653 3 8 2.66667
300065 20 43 2.15
301046 7 7 1
300932 3 3 1
1113 12 19 1.58333
300523 9 18 2
1451 7 11 1.57143
300710 11 14 1.27273
300327 11 41 3.72727
462 4 4 1
300045 12 27 2.25
301283 11 12 1.09091
301198 9 17 1.88889
1378 8 22 2.75
300459 7 25 3.57143
571 2 6 3
300774 3 3 1
300617 4 13 3.25
419 7 10 1.42857
613 8 20 2.5
1090 5 5 1
962 1 1 1
100038 15 18 1.2
300871 8 15 1.875
100527 10 19 1.9
301463 11 21 1.90909
301049 12 60 5
200102 14 15 1.07143
880 8 10 1.25
100105 9 16 1.77778
100434 11 17 1.54545
644 7 20 2.85714
200134 3 3 1
100097 6 36 6
1387 4 5 1.25
100611 13 26 2
300195 15 63 4.2
503 5 7 1.4
100249 12 44 3.66667
300021 25 39 1.56
100454 10 26 2.6
300083 6 9 1.5
852 8 9 1.125
201184 3 17 5.66667
100762 12 51 4.25
201047 9 15 1.66667
201502 10 10 1
245 12 17 1.41667
100779 10 26 2.6
201409 14 37 2.64286
100521 2 2 1
200828 1 1 1
101237 5 5 1
200407 13 18 1.38462
200913 6 6 1
200281 13 25 1.92308
100489 8 35 4.375
100793 7 12 1.71429
201028 7 7 1
100862 2 2 1
100613 5 10 2
101196 7 9 1.28571
200940 1 1 1
201427 5 16 3.2
101040 14 29 2.07143
100377 11 37 3.36364
101452 7 9 1.28571
100805 2 2 1
100354 10 11 1.1
100380 5 6 1.2
100384 3 7 2.33333
200683 1 1 1
101157 12 21 1.75
301276 4 22 5.5
200056 5 5 1
201193 5 17 3.4
201571 11 23 2.09091
101492 11 15 1.36364
101513 4 4 1
101489 1 1 1
201050 5 12 2.4
200435 2 2 1
301191 2 2 1
300398 6 6 1
200396 6 26 4.33333
301499 9 9 1
200258 3 11 3.66667
200042 1 1 1
200893 13 14 1.07692
301411 1 1 1
201552 7 7 1
200554 1 1 1
100950 2 53 26.5
200426 1 1 1
1329 11 11 1
1468 11 14 1.27273
300599 4 4 1
300843 6 6 1
1461 7 13 1.85714
300133 10 10 1
300107 13 16 1.23077
300337 4 9 2.25
200616 8 49 6.125
991 11 27 2.45455
301500 1 1 1
300469 9 9 1
775 6 8 1.33333
69 14 15 1.07143
737 4 4 1
651 1 1 1
301496 12 14 1.16667
300409 7 18 2.57143
200172 7 31 4.42857
300056 11 11 1
100044 11 11 1
301486 2 2 1
1130 13 13 1
875 10 10 1
789 7 7 1
878 11 11 1
101238 9 21 2.33333
300071 9 21 2.33333
1506 11 12 1.09091
598 5 5 1
100413 7 13 1.85714
313 8 17 2.125
1253 2 3 1.5
1448 6 6 1
1012 8 8 1
100087 8 10 1.25
653 3 25 8.33333
100765 14 14 1
300323 12 36 3
100028 10 15 1.5
1465 1 1 1
100590 1 1 1
1271 10 18 1.8
101247 11 23 2.09091
100273 16 29 1.8125
101346 3 7 2.33333
916 7 23 3.28571
100072 20 34 1.7
100894 4 10 2.5
872 4 5 1.25
101092 3 15 5
108 10 14 1.4
201508 8 17 2.125
100069 10 15 1.5
426 2 25 12.5
100094 1 1 1
100724 8 27 3.375
200968 1 1 1
101006 2 20 10
200236 3 11 3.66667
100667 4 13 3.25
100477 13 37 2.84615
200462 7 9 1.28571
200593 4 4 1
200352 13 37 2.84615
100223 5 23 4.6
100104 12 12 1
100710 5 5 1
200417 8 10 1.25
100798 9 21 2.33333
200361 8 13 1.625
100021 34 53 1.55882
200901 2 2 1
100213 11 26 2.36364
201064 5 6 1.2
201091 10 10 1
201540 9 18 2
200340 1 1 1
201060 8 16 2
101034 11 24 2.18182
200787 3 9 3
200403 10 10 1
201057 12 18 1.5
301255 10 10 1
201344 13 16 1.23077
101369 9 14 1.55556
201176 2 2 1
301295 3 3 1
201319 1 1 1
301406 6 6 1
200022 22 22 1
200680 8 34 4.25
200476 11 11 1
200342 9 9 1
300713 10 12 1.2
200615 1 1 1
300754 10 10 1
1078 6 19 3.16667
300362 7 7 1
373 11 11 1
828 10 13 1.3
300374 6 7 1.16667
746 5 5 1
300245 2 7 3.5
301390 7 27 3.85714
300558 3 9 3
301515 8 8 1
200091 12 18 1.5
200068 3 8 2.66667
1296 11 22 2
101 1 1 1
300295 8 8 1
300851 1 1 1
491 7 16 2.28571
300095 1 1 1
1042 8 36 4.5
300092 1 1 1
295 12 20 1.66667
100583 8 9 1.125
300920 8 10 1.25
300019 39 57 1.46154
300304 6 6 1
121 5 9 1.8
200073 15 15 1
398 1 1 1
300042 9 19 2.11111
300895 6 10 1.66667
233 8 9 1.125
100744 15 44 2.93333
740 12 14 1.16667
300171 10 39 3.9
100330 4 5 1.25
300514 9 29 3.22222
200095 16 16 1
100443 8 9 1.125
743 10 18 1.8
100773 1 1 1
300273 9 26 2.88889
300292 16 57 3.5625
200184 11 14 1.27273
100748 11 13 1.18182
1279 11 31 2.81818
200885 5 33 6.6
300456 2 2 1
199 10 10 1
100709 6 21 3.5
300161 5 8 1.6
391 5 8 1.6
200819 3 3 1
100126 8 9 1.125
100635 6 6 1
101304 5 5 1
201264 1 1 1
201494 4 4 1
200351 1 1 1
201536 12 32 2.66667
205 7 7 1
101388 8 19 2.375
201369 3 3 1
90 1 1 1
101484 6 6 1
201567 8 16 2
101250 2 2 1
200921 1 1 1
101478 9 12 1.33333
100737 7 34 4.85714
101430 3 10 3.33333
100119 13 13 1
100159 9 11 1.22222
100626 9 13 1.44444
200479 5 5 1
200442 1 1 1
201075 1 1 1
200370 11 13 1.18182
101098 2 2 1
200579 10 28 2.8
101355 12 12 1
101026 12 18 1.5
101179 2 3 1.5
301299 12 22 1.83333
100632 10 11 1.1
200469 9 9 1
201421 10 12 1.2
100987 8 21 2.625
200379 4 6 1.5
101394 9 19 2.11111
201402 4 4 1
200669 9 29 3.22222
200324 1 1 1
200761 12 19 1.58333
101283 14 39 2.78571
201397 1 1 1
301156 1 1 1
300626 1 1 1
200778 1 1 1
200473 2 19 9.5
1347 10 10 1
301035 6 12 2
301323 8 16 2
300063 18 25 1.38889
300340 6 8 1.33333
301277 4 4 1
851 4 4 1
300998 1 1 1
300916 12 26 2.16667
976 1 1 1
301021 1 1 1
300760 1 1 1
409 3 11 3.66667
300177 15 32 2.13333
200106 4 4 1
234 1 1 1
856 6 20 3.33333
301028 7 7 1
832 3 3 1
301025 8 8 1
973 10 10 1
300520 7 8 1.14286
300820 4 38 9.5
522 2 2 1
1328 6 22 3.66667
301429 7 7 1
586 2 4 2
300788 9 9 1
771 11 20 1.81818
164 12 58 4.83333
300104 1 1 1
301010 1 1 1
100855 2 2 1
831 10 12 1.2
325 8 9 1.125
206 9 9 1
1291 3 3 1
100163 11 41 3.72727
201111 11 13 1.18182
300531 13 40 3.07692
100055 12 12 1
614 5 11 2.2
101073 6 22 3.66667
809 6 18 3
758 1 1 1
101178 7 16 2.28571
485 9 23 2.55556
761 4 13 3.25
201093 9 18 2
482 6 6 1
201199 6 6 1
100780 11 11 1
100742 2 3 1.5
200260 10 22 2.2
200195 7 7 1
200043 19 27 1.42105
201169 6 35 5.83333
301265 1 1 1
201472 3 23 7.66667
100631 8 10 1.25
200209 11 12 1.09091
100336 4 4 1
101448 2 7 3.5
101012 6 15 2.5
201253 11 23 2.09091
301085 12 30 2.5
201224 6 9 1.5
200455 2 6 3
201250 8 10 1.25
301512 11 13 1.18182
200389 7 10 1.42857
200333 5 11 2.2
201365 2 2 1
300299 1 1 1
301393 2 12 6
300413 6 13 2.16667
300302 1 1 1
300897 9 9 1
951 12 17 1.41667
535 1 1 1
301009 1 1 1
1327 2 2 1
301190 5 5 1
467 2 3 1.5
719 7 31 4.42857
300837 4 7 1.75
169 7 12 1.71429
412 4 11 2.75
300322 8 17 2.125
100083 17 45 2.64706
301113 10 15 1.5
468 1 1 1
300335 2 2 1
113 2 3 1.5
253 8 11 1.375
1295 13 19 1.46154
302 1 1 1
301319 1 1 1
300266 5 10 2
300662 15 31 2.06667
10 99 106 1.07071
301359 8 16 2
358 6 20 3.33333
733 9 11 1.22222
301523 1 1 1
301468 10 12 1.2
300221 3 10 3.33333
300968 10 29 2.9
100823 1 1 1
100534 8 8 1
100681 11 27 2.45455
100551 1 1 1
300138 8 34 4.25
301349 5 5 1
100688 5 36 7.2
300935 9 25 2.77778
1396 11 12 1.09091
405 7 7 1
300880 8 21 2.625
300945 10 15 1.5
445 1 1 1
100800 13 29 2.23077
477 6 6 1
300073 20 20 1
100540 3 3 1
100006 29 44 1.51724
899 5 24 4.8
182 1 1 1
300001 43 44 1.02326
1151 5 13 2.6
100088 3 6 2
1332 11 16 1.45455
100593 1 1 1
17 1 1 1
100674 11 13 1.18182
100027 22 38 1.72727
200986 3 23 7.66667
1122 12 34 2.83333
1176 12 13 1.08333
921 6 9 1.5
835 1 1 1
101466 2 2 1
200805 4 4 1
100818 11 12 1.09091
100948 1 1 1
100279 8 10 1.25
998 12 30 2.5
100390 5 5 1
100717 11 33 3
201055 7 12 1.71429
201118 9 12 1.33333
200101 6 7 1.16667
100934 5 5 1
200672 1 1 1
100165 11 12 1.09091
100511 11 49 4.45455
100109 4 4 1
100026 9 9 1
101341 8 8 1
100250 13 13 1
101510 7 7 1
301281 7 15 2.14286
200326 15 81 5.4
201590 13 27 2.07692
201078 7 27 3.85714
201100 9 21 2.33333
201470 1 1 1
200633 8 8 1
100937 3 3 1
201398 5 27 5.4
200681 2 2 1
201504 9 18 2
200611 2 2 1
301273 12 12 1
201461 3 3 1
200938 14 43 3.07143
100990 3 3 1
101086 1 1 1
200256 17 23 1.35294
301329 5 25 5
100947 1 1 1
301031 3 3 1
300850 6 6 1
200656 13 15 1.15385
301256 14 26 1.85714
788 2 2 1
200051 4 4 1
200661 7 11 1.57143
1168 4 4 1
300367 1 1 1
301237 7 9 1.28571
1389 5 12 2.4
399 12 42 3.5
883 4 4 1
301147 3 3 1
301379 7 12 1.71429
301274 1 1 1
827 13 40 3.07692
1449 4 5 1.25
300708 7 7 1
401 14 51 3.64286
560 12 23 1.91667
605 3 3 1
784 5 8 1.6
100051 9 9 1
300457 2 2 1
443 11 12 1.09091
1504 1 1 1
1209 6 34 5.66667
300661 13 18 1.38462
300967 13 24 1.84615
300448 10 13 1.3
300358 2 2 1
301213 10 10 1
300102 7 17 2.42857
300091 8 8 1
1089 2 4 2
1450 4 13 3.25
300587 5 5 1
300259 12 16 1.33333
1246 5 15 3
100437 4 4 1
300280 17 31 1.82353
715 3 3 1
1281 3 3 1
100664 12 13 1.08333
100842 12 37 3.08333
718 8 18 2.25
100187 9 33 3.66667
200888 1 1 1
545 9 14 1.55556
175 11 16 1.45455
568 7 9 1.28571
300238 11 11 1
865 1 1 1
200932 9 14 1.55556
101155 4 4 1
200168 1 1 1
100205 9 9 1
100177 7 14 2
200900 2 2 1
100998 4 7 1.75
201275 7 7 1
200865 9 11 1.22222
201271 1 1 1
101207 5 4 0.8
201499 9 14 1.55556
200907 8 17 2.125
101299 12 34 2.83333
200368 12 13 1.08333
100579 8 8 1
200827 5 10 2
100414 6 8 1.33333
100836 11 22 2
200910 11 28 2.54545
201452 7 7 1
100470 4 4 1
100565 12 21 1.75
201490 1 1 1
201148 1 1 1
200046 15 18 1.2
100854 5 9 1.8
201393 1 1 1
100525 12 12 1
100621 10 14 1.4
100144 12 52 4.33333
100922 10 13 1.3
100867 4 4 1
201553 8 8 1
100776 10 13 1.3
101375 8 8 1
101000 12 16 1.33333
200580 4 4 1
201569 8 8 1
301505 2 9 4.5
201526 2 2 1
301403 2 6 3
200411 10 10 1
200631 7 21 3
300637 5 5 1
300746 11 12 1.09091
200020 10 10 1
200057 8 28 3.5
301464 8 11 1.375
536 9 42 4.66667
810 3 11 3.66667
1015 13 45 3.46154
300079 7 26 3.71429
890 8 29 3.625
301150 2 2 1
648 13 20 1.53846
200179 3 6 2
1085 2 2 1
301202 7 13 1.85714
583 3 3 1
218 13 15 1.15385
301518 6 6 1
871 12 15 1.25
610 13 29 2.23077
66 2 3 1.5
824 4 4 1
591 4 5 1.25
1487 9 9 1
301524 3 3 1
873 1 1 1
300303 2 2 1
301181 11 16 1.45455
300336 13 24 1.84615
2 13 20 1.53846
539 6 7 1.16667
300578 3 4 1.33333
1114 1 1 1
100768 9 16 1.77778
301415 3 3 1
596 3 6 2
947 3 36 12
450 3 28 9.33333
100728 2 6 3
97 11 26 2.36364
604 1 1 1
100296 15 47 3.13333
100760 5 5 1
892 2 2 1
300677 1 1 1
521 3 3 1
200931 11 18 1.63636
1004 9 15 1.66667
408 2 2 1
101408 6 6 1
431 1 1 1
200714 5 5 1
929 3 10 3.33333
201441 9 29 3.22222
87 16 21 1.3125
101119 1 1 1
201074 1 1 1
100426 1 1 1
100782 12 50 4.16667
619 2 6 3
76 14 23 1.64286
101352 1 1 1
101099 13 18 1.38462
201449 4 15 3.75
201066 7 22 3.14286
101102 2 2 1
101511 1 1 1
101333 8 24 3
100332 13 40 3.07692
201519 6 6 1
101380 3 35 11.6667
100136 1 1 1
200012 20 41 2.05
100389 8 9 1.125
201131 7 12 1.71429
200795 1 1 1
201196 8 35 4.375
201383 1 1 1
200909 15 55 3.66667
100343 2 6 3
200798 1 1 1
101305 1 1 1
101406 9 16 1.77778
201400 7 22 3.14286
301454 9 16 1.77778
301369 10 11 1.1
300381 12 14 1.16667
300569 9 16 1.77778
301401 9 9 1
200015 24 27 1.125
200423 1 1 1
300682 11 35 3.18182
301261 14 14 1
300931 7 7 1
300159 7 7 1
1127 3 6 2
301417 6 6 1
300231 4 3 0.75
300307 4 5 1.25
911 4 7 1.75
300934 3 3 1
1360 6 32 5.33333
624 12 20 1.66667
63 5 14 2.8
300403 1 1 1
300030 35 120 3.42857
300688 1 1 1
301284 3 16 5.33333
300372 3 3 1
300681 11 17 1.54545
300397 5 8 1.6
300007 14 16 1.14286
968 8 17 2.125
300175 8 17 2.125
140 4 4 1
100431 2 2 1
666 2 2 1
301157 4 6 1.5
100493 8 9 1.125
300957 12 22 1.83333
301398 9 9 1
301352 1 1 1
301423 3 3 1
28 31 34 1.09677
301495 11 17 1.54545
908 3 8 2.66667
300495 9 9 1
646 6 5 0.833333
100099 15 65 4.33333
747 11 11 1
100539 7 7 1
633 3 3 1
300796 9 10 1.11111
100735 11 15 1.36364
101440 7 7 1
1446 9 9 1
100252 7 20 2.85714
100451 5 5 1
1181 5 5 1
582 1 1 1
926 13 34 2.61538
101383 6 11 1.83333
698 4 4 1
201355 10 10 1
588 6 6 1
100124 5 8 1.6
100307 12 15 1.25
201287 8 8 1
100819 14 62 4.42857
200 9 19 2.11111
200274 1 1 1
201343 1 1 1
200204 4 6 1.5
200728 7 7 1
100401 13 24 1.84615
101135 2 18 9
101434 5 16 3.2
200006 93 131 1.4086
201182 6 6 1
100795 3 9 3
100255 2 7 3.5
200740 1 1 1
101255 9 36 4
100707 1 1 1
100699 7 7 1
201038 3 3 1
101055 2 2 1
301217 3 3 1
200872 7 7 1
100245 8 11 1.375
201357 10 26 2.6
201447 1 1 1
100127 6 7 1.16667
201602 5 5 1
201092 12 34 2.83333
201163 12 40 3.33333
200871 13 22 1.69231
200266 14 16 1.14286
201052 11 11 1
101363 1 1 1
101090 7 11 1.57143
201513 2 13 6.5
200587 2 31 15.5
101504 5 5 1
200197 6 8 1.33333
300992 9 9 1
101371 9 10 1.11111
201218 14 17 1.21429
1321 8 8 1
301073 1 1 1
201554 9 13 1.44444
1299 2 3 1.5
300865 5 35 7
301223 1 1 1
1269 11 13 1.18182
1331 1 1 1
301355 1 1 1
300476 4 4 1
300135 5 5 1
438 8 8 1
215 1 1 1
300005 217 249 1.14747
798 14 15 1.07143
1141 3 3 1
80 11 11 1
946 8 8 1
136 1 1 1
959 6 6 1
1383 5 5 1
802 12 12 1
301032 4 14 3.5
300149 6 6 1
837 2 2 1
557 1 1 1
815 11 15 1.36364
497 12 30 2.5
1407 4 4 1
494 6 13 2.16667
154 6 7 1.16667
100860 2 2 1
350 6 20 3.33333
300343 3 3 1
100357 5 22 4.4
791 12 12 1
300512 6 10 1.66667
100848 15 40 2.66667
209 5 5 1
200171 1 1 1
100639 9 9 1
300458 7 7 1
300804 11 17 1.54545
1390 2 2 1
1286 1 1 1
686 14 30 2.14286
200097 10 20 2
979 11 32 2.90909
1502 5 7 1.4
300289 6 7 1.16667
100508 8 8 1
820 1 1 1
300227 8 8 1
201178 12 14 1.16667
200957 3 19 6.33333
100652 4 4 1
101221 8 27 3.375
100598 6 6 1
932 8 14 1.75
201018 13 12 0.923077
201021 10 18 1.8
100351 1 1 1
100869 10 10 1
101339 5 5 1
200770 7 17 2.42857
101402 9 13 1.44444
201309 14 33 2.35714
201575 7 10 1.42857
200071 2 2 1
201506 6 12 2
100339 5 5 1
101277 13 33 2.53846
100771 2 2 1
100645 5 17 3.4
101357 9 17 1.88889
100955 6 28 4.66667
100423 7 8 1.14286
101336 1 1 1
301252 1 1 1
101128 11 42 3.81818
100958 6 6 1
100501 11 11 1
101387 12 12 1
101081 7 13 1.85714
100149 3 3 1
100237 10 16 1.6
101358 2 5 2.5
100994 11 59 5.36364
201337 12 12 1
200962 9 28 3.11111
200029 7 8 1.14286
301059 5 5 1
100927 9 9 1
300364 6 6 1
300919 12 34 2.83333
101308 9 27 3
101332 5 5 1
101132 8 8 1
200288 4 6 1.5
301080 1 1 1
200738 1 1 1
301224 10 37 3.7
101067 1 1 1
101211 11 31 2.81818
200328 3 10 3.33333
200354 13 27 2.07692
200453 4 4 1
300294 5 12 2.4
300997 9 11 1.22222
300751 2 2 1
701 1 1 1
301271 10 13 1.3
300757 12 14 1.16667
300130 4 28 7
301469 1 1 1
300329 10 16 1.6
300584 6 10 1.66667
301245 2 11 5.5
301387 2 2 1
487 4 16 4
942 10 21 2.1
292 9 35 3.88889
300789 12 34 2.83333
860 13 13 1
300220 16 28 1.75
904 14 35 2.5
301139 1 1 1
127 13 23 1.76923
301437 8 11 1.375
300247 1 1 1
385 5 10 2
457 3 8 2.66667
1221 11 49 4.45455
695 11 28 2.54545
300377 11 15 1.36364
300845 1 1 1
301066 2 8 4
300903 8 29 3.625
100589 4 20 5
301013 8 10 1.25
551 8 20 2.5
300989 1 1 1
300240 7 7 1
425 1 1 1
236 12 18 1.5
231 1 1 1
300235 5 5 1
300096 10 10 1
101538 3 3 1
100257 5 12 2.4
200861 11 16 1.45455
101224 1 1 1
679 11 11 1
300051 1 1 1
977 10 36 3.6
413 5 5 1
421 3 3 1
894 9 28 3.11111
100481 3 3 1
100324 8 29 3.625
266 2 2 1
846 12 20 1.66667
493 5 9 1.8
201387 5 5 1
440 9 9 1
322 13 45 3.46154
200255 7 21 3
100198 4 4 1
558 1 1 1
201282 10 11 1.1
100113 2 18 9
100277 2 6 3
201548 7 9 1.28571
200998 5 8 1.6
100824 7 10 1.42857
100385 4 14 3.5
201476 9 10 1.11111
100123 12 20 1.66667
200583 11 45 4.09091
100308 7 18 2.57143
200835 1 1 1
200518 9 9 1
200710 1 1 1
201485 1 1 1
200294 6 9 1.5
201425 1 1 1
200196 10 10 1
200916 5 12 2.4
201597 11 11 1
201301 2 2 1
100282 11 24 2.18182
100173 4 6 1.5
200405 10 20 2
301259 14 33 2.35714
200429 2 2 1
100715 13 13 1
201104 1 1 1
101294 3 18 6
200992 4 9 2.25
200824 11 28 2.54545
101037 11 16 1.45455
101147 2 3 1.5
101307 3 10 3.33333
301175 1 1 1
300917 2 2 1
300574 5 33 6.6
300773 7 18 2.57143
300873 8 8 1
200224 4 5 1.25
201561 4 4 1
300985 2 14 7
1470 7 11 1.57143
300284 14 23 1.64286
764 13 21 1.61538
300841 3 52 17.3333
300258 2 2 1
1262 8 15 1.875
300939 1 1 1
1023 13 37 2.84615
631 8 8 1
300339 6 8 1.33333
1202 1 1 1
300108 11 17 1.54545
300883 7 7 1
599 6 10 1.66667
1198 11 16 1.45455
300582 1 1 1
300742 11 36 3.27273
1335 11 23 2.09091
300995 11 28 2.54545
500 11 21 1.90909
896 4 13 3.25
300535 2 3 1.5
301446 6 6 1
927 3 5 1.66667
100528 9 10 1.11111
928 5 5 1
210 2 2 1
960 15 38 2.53333
100462 8 12 1.5
735 1 1 1
301389 11 30 2.72727
300697 13 38 2.92308
816 11 11 1
300585 1 1 1
201094 10 26 2.6
855 6 6 1
572 6 11 1.83333
509 12 44 3.66667
200831 3 6 2
318 14 58 4.14286
201146 1 1 1
201090 2 19 9.5
448 4 4 1
100792 1 1 1
1154 12 26 2.16667
132 11 11 1
100185 11 11 1
201210 10 13 1.3
201589 12 15 1.25
201140 13 42 3.23077
100545 11 27 2.45455
201533 1 1 1
577 12 33 2.75
101153 4 13 3.25
201128 3 3 1
101503 7 7 1
200759 4 21 5.25
100570 4 16 4
101458 5 6 1.2
4 175 280 1.6
201160 9 27 3
200653 5 33 6.6
200160 1 1 1
100580 7 7 1
100433 2 7 3.5
201269 5 20 4
200733 2 2 1
200685 11 11 1
201192 6 12 2
200947 2 2 1
100577 6 6 1
201154 1 1 1
100843 1 1 1
100407 4 8 2
101227 6 7 1.16667
201027 12 17 1.41667
100221 13 17 1.30769
200814 9 13 1.44444
100616 5 11 2.2
200667 12 18 1.5
201384 3 3 1
100162 11 28 2.54545
100315 12 18 1.5
201272 9 13 1.44444
100009 44 55 1.25
201455 1 1 1
101298 10 10 1
301111 3 8 2.66667
101494 3 3 1
200061 2 2 1
201550 2 4 2
201405 1 1 1
301253 4 24 6
201288 1 1 1
300407 7 10 1.42857
1371 2 17 8.5
300510 7 7 1
1481 3 3 1
1379 12 28 2.33333
300823 11 11 1
1484 4 4 1
200605 10 17 1.7
200658 7 10 1.42857
300867 10 15 1.5
1307 6 39 6.5
300529 4 4 1
300891 10 12 1.2
877 10 16 1.6
300276 1 1 1
300492 11 22 2
632 12 32 2.66667
1419 3 3 1
1440 6 6 1
200103 12 12 1
200162 9 9 1
1025 1 1 1
888 6 6 1
1445 7 9 1.28571
301402 5 6 1.2
300022 36 64 1.77778
115 11 19 1.72727
100594 11 19 1.72727
339 3 3 1
100033 36 83 2.30556
300790 1 1 1
300040 9 23 2.55556
100520 11 16 1.45455
101515 7 8 1.14286
100093 6 31 5.16667
100445 10 10 1
1491 12 18 1.5
1218 8 8 1
300465 8 28 3.5
1398 1 1 1
1421 6 13 2.16667
200127 9 12 1.33333
891 10 12 1.2
100441 3 3 1
201183 10 12 1.2
1106 3 2 0.666667
1277 5 5 1
101199 1 1 1
197 9 39 4.33333
1184 10 13 1.3
200929 8 23 2.875
100321 12 12 1
200981 1 1 1
100459 1 1 1
200532 5 5 1
100973 11 11 1
200093 4 4 1
200109 2 5 2.5
100274 10 20 2
201604 8 8 1
100424 7 9 1.28571
101117 9 9 1
200775 10 20 2
200757 1 1 1
201541 2 2 1
201279 2 8 4
201126 8 9 1.125
201296 11 15 1.36364
101045 10 17 1.7
101368 7 9 1.28571
200394 12 12 1
101160 14 30 2.14286
100785 10 32 3.2
101303 5 12 2.4
100951 5 8 1.6
200990 3 3 1
101150 9 32 3.55556
101159 6 6 1
200308 13 42 3.23077
200793 12 23 1.91667
201315 3 3 1
101516 6 6 1
300353 7 7 1
101428 12 19 1.58333
301127 3 10 3.33333
201483 10 19 1.9
301178 1 1 1
200676 3 10 3.33333
300743 1 1 1
301503 2 2 1
200703 5 5 1
301376 2 2 1
301418 1 1 1
200010 12 18 1.5
300795 1 1 1
301238 5 5 1
200493 10 10 1
200475 8 24 3
301033 11 18 1.63636
300429 1 1 1
996 2 2 1
845 7 13 1.85714
300489 4 4 1
300990 4 4 1
909 9 11 1.22222
120 1 1 1
300219 12 13 1.08333
300237 14 16 1.14286
543 1 1 1
639 8 12 1.5
192 4 12 3
301383 8 16 2
305 15 16 1.06667
957 3 9 3
301130 5 14 2.8
275 1 1 1
300263 16 36 2.25
300718 11 11 1
786 7 23 3.28571
300665 8 20 2.5
200147 13 33 2.53846
300173 2 8 4
100448 11 30 2.72727
656 7 32 4.57143
300785 8 19 2.375
1457 7 7 1
589 6 7 1.16667
300777 12 37 3.08333
100075 14 17 1.21429
1499 2 2 1
123 14 18 1.28571
1393 1 1 1
92 3 32 10.6667
483 7 23 3.28571
938 6 10 1.66667
201188 11 33 3
200078 11 24 2.18182
300265 2 5 2.5
611 6 35 5.83333
100767 9 9 1
271 14 23 1.64286
311 9 21 2.33333
100679 12 24 2
100566 7 7 1
100500 5 22 4.4
201138 11 28 2.54545
298 4 4 1
200848 9 9 1
415 12 15 1.25
200066 3 5 1.66667
301 3 3 1
201072 11 11 1
56 1 1 1
200961 1 1 1
100628 8 8 1
201040 5 5 1
38 17 17 1
100548 8 8 1
200383 10 12 1.2
200400 5 8 1.6
101420 5 5 1
200513 13 27 2.07692
101476 1 1 1
101253 3 3 1
201015 11 34 3.09091
200457 3 3 1
201527 1 1 1
201081 9 13 1.44444
201174 9 9 1
200198 2 3 1.5
100327 7 9 1.28571
101127 10 10 1
200504 1 1 1
301441 2 10 5
200847 2 2 1
200988 4 4 1
200582 2 5 2.5
200490 6 6 1
200557 13 53 4.07692
300507 1 1 1
301382 10 21 2.1
301438 5 7 1.4
300275 9 9 1
301334 10 19 1.9
200433 4 12 3
301451 6 6 1
300863 13 13 1
301141 7 8 1.14286
300163 4 4 1
300781 3 5 1.66667
972 6 22 3.66667
300201 1 1 1
300722 2 2 1
300283 6 6 1
805 5 5 1
301353 7 16 2.28571
301430 11 27 2.45455
763 13 25 1.92308
1003 3 3 1
585 3 8 2.66667
300733 2 2 1
301014 2 3 1.5
301309 12 18 1.5
300621 1 1 1
300076 4 18 4.5
100066 20 25 1.25
473 9 10 1.11111
300315 7 10 1.42857
301412 6 6 1
944 2 2 1
301455 9 17 1.88889
100089 9 15 1.66667
1410 7 18 2.57143
300072 9 11 1.22222
863 14 42 3
1437 4 4 1
637 1 1 1
300427 7 7 1
708 12 38 3.16667
300224 9 21 2.33333
300216 7 7 1
300418 9 10 1.11111
300596 11 11 1
300525 11 19 1.72727
301005 1 1 1
300123 10 17 1.7
100859 6 6 1
300869 1 1 1
100391 5 17 3.4
100549 8 8 1
1162 1 1 1
243 5 8 1.6
987 2 2 1
1197 3 10 3.33333
990 4 12 3
627 1 1 1
1050 10 16 1.6
300311 12 12 1
101535 2 2 1
100061 6 16 2.66667
100810 4 4 1
101041 1 1 1
812 3 3 1
100784 1 1 1
100873 10 12 1.2
102 15 43 2.86667
100196 9 9 1
9 12 13 1.08333
101337 14 14 1
100694 13 20 1.53846
201179 5 5 1
100362 5 16 3.2
101354 2 6 3
200391 10 10 1
101270 7 23 3.28571
101272 13 44 3.38462
101335 8 8 1
200789 7 12 1.71429
200292 13 13 1
101382 6 6 1
201361 8 47 5.875
100031 16 23 1.4375
301289 6 11 1.83333
200928 11 19 1.72727
201134 6 51 8.5
200816 5 5 1
101438 1 1 1
201539 5 6 1.2
300588 3 3 1
301490 7 11 1.57143
300704 4 45 11.25
300375 11 12 1.09091
300499 9 32 3.55556
301448 9 11 1.22222
1249 9 11 1.22222
924 9 12 1.33333
300114 3 3 1
300848 1 1 1
1178 11 14 1.27273
300454 1 1 1
300059 23 26 1.13043
1422 9 9 1
732 11 19 1.72727
617 12 22 1.83333
285 3 3 1
300386 9 14 1.55556
1069 2 9 4.5
300036 4 4 1
300430 9 9 1
300909 10 19 1.9
31 33 34 1.0303
300762 7 12 1.71429
200083 3 4 1.33333
300881 11 13 1.18182
1086 1 1 1
160 1 1 1
125 13 16 1.23077
1278 14 22 1.57143
100746 4 5 1.25
301362 8 34 4.25
100456 1 1 1
1303 6 6 1
301338 4 4 1
917 10 10 1
200099 15 20 1.33333
100713 5 5 1
300223 11 23 2.09091
200076 16 25 1.5625
101244 7 7 1
300609 3 3 1
300959 8 15 1.875
402 6 12 2
841 7 13 1.85714
201132 2 3 1.5
300766 1 1 1
37 12 12 1
100671 8 36 4.5
100398 3 14 4.66667
300174 12 12 1
100311 1 1 1
200896 12 13 1.08333
100743 12 15 1.25
988 11 24 2.18182
200191 8 8 1
201009 2 17 8.5
464 3 3 1
100420 1 1 1
200298 13 44 3.38462
100956 6 41 6.83333
101364 5 29 5.8
357 6 6 1
200271 11 12 1.09091
201385 11 21 1.90909
200365 1 1 1
201565 6 8 1.33333
200277 14 42 3
100465 10 10 1
200173 12 15 1.25
200221 5 14 2.8
200304 1 1 1
200566 8 18 2.25
100852 7 10 1.42857
201120 10 18 1.8
201096 6 7 1.16667
200285 6 11 1.83333
100846 13 26 2
101532 5 5 1
200399 10 29 2.9
201326 3 3 1
200689 8 11 1.375
101225 5 13 2.6
100300 2 2 1
200905 5 5 1
100288 11 13 1.18182
101343 13 34 2.61538
101328 6 7 1.16667
200299 6 9 1.5
201534 2 7 3.5
200023 15 20 1.33333
201558 2 2 1
101373 12 29 2.41667
201215 5 6 1.2
100318 6 6 1
301513 9 9 1
101142 2 2 1
200310 1 1 1
301351 1 1 1
200313 8 20 2.5
301507 8 10 1.25
301280 1 1 1
101313 12 14 1.16667
200290 4 9 2.25
301197 3 10 3.33333
301508 10 10 1
1404 1 1 1
696 12 12 1
300701 5 19 3.8
1052 6 6 1
1124 11 28 2.54545
513 8 8 1
300198 7 7 1
301212 6 34 5.66667
300478 1 1 1
1260 3 3 1
300894 7 18 2.57143
1452 6 8 1.33333
300132 3 3 1
300983 11 20 1.81818
642 12 13 1.08333
1362 7 12 1.71429
301467 1 1 1
300602 1 1 1
301006 10 11 1.1
300371 3 3 1
1368 11 11 1
300668 8 12 1.5
1033 3 10 3.33333
300025 6 6 1
300445 6 9 1.5
265 10 12 1.2
301485 5 5 1
300847 1 1 1
1174 7 21 3
149 11 13 1.18182
290 15 22 1.46667
300301 1 1 1
256 9 26 2.88889
395 3 3 1
100410 7 9 1.28571
1133 13 13 1
300442 3 19 6.33333
60 21 40 1.90476
100485 5 5 1
116 1 1 1
100783 10 19 1.9
172 1 1 1
201088 3 3 1
200776 11 11 1
200858 14 34 2.42857
101190 9 9 1
100704 4 4 1
46 23 24 1.04348
100966 5 46 9.2
100291 4 7 1.75
201208 7 28 4
469 10 29 2.9
100048 19 22 1.15789
101216 10 28 2.8
101105 13 14 1.07692
201107 3 2 0.666667
190 6 15 2.5
200386 5 5 1
200995 10 13 1.3
100687 6 12 2
200964 6 18 3
101242 8 49 6.125
201231 13 22 1.69231
100719 2 2 1
100820 4 4 1
100180 2 2 1
100791 4 31 7.75
201347 8 53 6.625
100013 25 37 1.48
100438 2 2 1
100473 8 8 1
100562 7 8 1.14286
201419 12 30 2.5
200730 10 10 1
200640 9 9 1
200262 11 15 1.36364
101170 8 9 1.125
200765 10 10 1
100405 13 77 5.92308
200491 13 54 4.15385
101454 10 10 1
200975 8 15 1.875
201324 6 9 1.5
200268 13 29 2.23077
100293 10 12 1.2
301292 15 30 2
200884 2 2 1
200806 10 10 1
200842 8 10 1.25
100939 5 17 3.4
200276 12 20 1.66667
301215 10 11 1.1
200048 2 2 1
201410 2 11 5.5
201556 2 6 3
200649 5 22 4.4
301493 11 14 1.27273
200530 5 5 1
201516 3 3 1
101310 3 21 7
101334 4 6 1.5
201329 7 10 1.42857
300141 4 21 5.25
300400 4 9 2.25
300941 2 2 1
301504 13 20 1.53846
300560 13 44 3.38462
301290 5 10 2
300639 4 21 5.25
300417 9 18 2
301520 8 8 1
301240 5 42 8.4
1302 4 5 1.25
703 1 1 1
300783 1 1 1
974 3 3 1
300090 12 16 1.33333
300961 5 5 1
301121 4 17 4.25
301471 3 3 1
301296 7 10 1.42857
1170 4 4 1
366 13 50 3.84615
300698 1 1 1
300243 8 12 1.5
807 7 22 3.14286
567 10 26 2.6
1138 5 19 3.8
1365 4 12 3
1414 2 2 1
1254 10 18 1.8
1217 13 25 1.92308
300202 12 12 1
1156 9 12 1.33333
527 12 21 1.75
228 4 7 1.75
647 6 11 1.83333
728 12 21 1.75
676 3 10 3.33333
200065 4 5 1.25
301394 6 11 1.83333
300053 18 43 2.38889
826 1 1 1
1427 4 4 1
100246 5 4 0.8
801 2 2 1
100439 9 9 1
532 9 13 1.44444
100152 3 28 9.33333
101462 8 10 1.25
100816 2 3 1.5
1416 5 5 1
100815 5 32 6.4
200951 1 1 1
27 23 39 1.69565
100733 6 14 2.33333
168 8 26 3.25
101257 8 8 1
201491 1 1 1
200200 6 8 1.33333
101450 9 13 1.44444
200226 7 8 1.14286
101258 2 20 10
101020 1 1 1
100047 10 10 1
201388 11 11 1
200561 1 1 1
201098 4 4 1
100145 7 7 1
201317 12 16 1.33333
200505 1 1 1
200444 4 4 1
101275 4 16 4
100492 12 17 1.41667
101027 1 1 1
200372 5 9 1.8
201420 5 5 1
200569 7 20 2.85714
200692 1 1 1
201277 6 6 1
201180 5 11 2.2
101013 8 10 1.25
100214 5 5 1
100261 9 11 1.22222
201254 4 16 4
100192 8 12 1.5
101293 5 15 3
200359 3 7 2.33333
100678 3 3 1
301262 5 8 1.6
101285 5 5 1
200985 14 20 1.42857
201115 7 9 1.28571
101101 10 17 1.7
200923 2 2 1
200336 11 11 1
101271 2 4 2
101311 12 27 2.25
200609 3 11 3.66667
200264 5 5 1
200419 7 8 1.14286
201478 3 10 3.33333
100925 14 32 2.28571
201448 10 10 1
300734 13 31 2.38462
300986 10 10 1
300962 2 2 1
300649 2 4 2
1409 8 15 1.875
300603 10 32 3.2
300424 1 1 1
300749 2 2 1
300853 5 9 1.8
300120 2 2 1
300449 6 8 1.33333
300103 9 10 1.11111
148 5 6 1.2
749 13 13 1
300767 14 14 1
300110 7 11 1.57143
301055 11 24 2.18182
300771 2 2 1
100568 8 8 1
1517 5 5 1
300737 4 4 1
196 2 31 15.5
300460 8 15 1.875
1293 7 33 4.71429
1351 5 11 2.2
200158 12 13 1.08333
301128 5 25 5
300168 9 10 1.11111
55 26 74 2.84615
200121 1 1 1
1493 3 3 1
1434 1 1 1
300716 9 9 1
100503 2 2 1
300453 3 3 1
100787 8 31 3.875
100756 10 22 2.2
300927 8 10 1.25
300673 11 42 3.81818
84 18 22 1.22222
100504 4 10 2.5
930 7 17 2.42857
300817 7 13 1.85714
1204 3 12 4
300191 8 8 1
300501 8 12 1.5
101396 1 1 1
300131 9 9 1
668 1 1 1
1425 7 10 1.42857
300629 11 11 1
300064 4 4 1
100770 2 2 1
753 3 3 1
750 7 28 4
724 2 2 1
300181 6 6 1
531 4 4 1
200183 7 7 1
101009 7 12 1.71429
458 11 19 1.72727
603 10 10 1
101410 3 7 2.33333
201024 7 20 2.85714
65 21 41 1.95238
100897 9 9 1
200914 5 5 1
101418 7 7 1
100172 7 8 1.14286
100531 1 1 1
101474 9 15 1.66667
101049 2 2 1
200111 5 9 1.8
100316 15 16 1.06667
101424 12 26 2.16667
101200 7 18 2.57143
201194 8 28 3.5
200889 11 12 1.09091
201298 5 7 1.4
101411 8 8 1
100538 5 50 10
101483 2 12 6
200750 13 13 1
101074 1 1 1
200769 5 14 2.8
100965 8 10 1.25
200713 1 1 1
200305 6 11 1.83333
200249 16 18 1.125
100999 4 24 6
301241 5 5 1
300355 1 1 1
101321 11 18 1.63636
1105 10 10 1
200436 6 6 1
301173 4 13 3.25
301082 5 26 5.2
300049 7 7 1
300572 2 2 1
301166 12 22 1.83333
301364 3 8 2.66667
300497 8 8 1
556 2 21 10.5
1234 1 1 1
692 6 6 1
1486 2 2 1
300618 12 16 1.33333
300035 14 14 1
73 3 3 1
300188 5 5 1
397 12 11 0.916667
200143 9 18 2
515 3 3 1
301145 7 7 1
300391 7 10 1.42857
301482 8 9 1.125
300310 14 29 2.07143
341 16 45 2.8125
682 13 14 1.07692
300579 12 22 1.83333
300494 1 1 1
300543 9 9 1
300067 19 22 1.15789
301090 6 6 1
685 12 20 1.66667
858 6 6 1
300690 5 32 6.4
1018 6 6 1
300146 11 15 1.36364
301453 2 2 1
1381 11 11 1
300422 1 1 1
301434 9 10 1.11111
300779 5 5 1
300207 4 17 4.25
301410 8 15 1.875
100247 6 6 1
301037 9 20 2.22222
100287 4 9 2.25
100160 1 1 1
100830 10 12 1.2
300062 1 1 1
200177 6 6 1
100018 19 32 1.68421
1000 8 13 1.625
330 6 13 2.16667
200140 1 1 1
985 7 16 2.28571
59 7 31 4.42857
1066 1 1 1
100229 3 3 1
100269 8 17 2.125
200912 3 5 1.66667
166 12 13 1.08333
100510 5 5 1
201426 1 1 1
100838 1 1 1
100383 12 13 1.08333
100053 7 16 2.28571
100077 5 16 3.2
100353 4 4 1
101030 9 24 2.66667
201579 3 5 1.66667
100975 3 5 1.66667
201033 14 29 2.07143
101349 2 2 1
101091 6 26 4.33333
101230 1 1 1
200001 49 33 0.673469
200545 5 6 1.2
200449 8 12 1.5
100280 11 11 1
201209 9 34 3.77778
301122 7 17 2.42857
101016 1 1 1
101104 10 10 1
301360 5 11 2.2
200055 5 26 5.2
201166 12 26 2.16667
200560 8 50 6.25
200723 11 21 1.90909
200840 2 3 1.5
301325 6 6 1
200503 9 24 2.66667
201307 4 4 1
301045 14 54 3.85714
300764 10 11 1.1
301062 1 1 1
300721 14 27 1.92857
1489 9 13 1.44444
200629 12 17 1.41667
300632 8 8 1
774 4 4 1
736 3 3 1
300113 12 12 1
300054 12 32 2.66667
301326 7 7 1
300081 7 7 1
301303 13 27 2.07692
301433 8 10 1.25
300956 3 16 5.33333
1195 11 11 1
1021 1 1 1
1240 12 24 2
1355 2 17 8.5
1200 3 7 2.33333
300810 6 12 2
301056 5 15 3
725 4 10 2.5
282 1 1 1
227 8 14 1.75
157 1 1 1
301409 6 6 1
1505 1 1 1
1076 2 2 1
300802 14 25 1.78571
355 12 12 1
300600 13 31 2.38462
300643 2 2 1
100827 7 29 4.14286
144 13 42 3.23077
1123 10 12 1.2
100676 5 11 2.2
100684 12 13 1.08333
337 14 14 1
1270 4 5 1.25
100272 4 8 2
300160 8 9 1.125
100683 3 4 1.33333
100543 8 9 1.125
100460 4 4 1
101243 7 52 7.42857
7 107 152 1.42056
176 10 13 1.3
100576 6 21 3.5
300099 15 20 1.33333
131 1 1 1
212 9 18 2
300435 4 4 1
300806 3 3 1
200829 1 1 1
201407 13 26 2
101134 6 22 3.66667
101214 9 24 2.66667
100178 6 36 6
822 6 8 1.33333
200869 8 27 3.375
200979 9 17 1.88889
101455 9 12 1.33333
100863 6 6 1
200917 12 30 2.5
200393 7 19 2.71429
101477 5 7 1.4
101290 7 17 2.42857
201109 10 15 1.5
100251 14 29 2.07143
200216 4 13 3.25
100685 9 32 3.55556
101379 1 1 1
201380 2 2 1
200443 10 29 2.9
200959 6 11 1.83333
200247 11 13 1.18182
100929 4 8 2
100209 4 15 3.75
201475 10 11 1.1
200572 14 55 3.92857
200679 8 16 2
100647 4 4 1
100233 16 40 2.5
100444 6 7 1.16667
201245 2 2 1
200892 7 14 2
200402 7 7 1
200349 2 4 2
100919 5 9 1.8
200397 4 20 5
200812 14 36 2.57143
201372 8 8 1
201318 6 6 1
200657 1 1 1
301268 7 7 1
201190 12 12 1
101523 7 7 1
200601 3 3 1
201069 12 13 1.08333
201259 10 12 1.2
101296 9 9 1
301109 3 7 2.33333
200338 9 13 1.44444
301244 6 6 1
101039 10 29 2.9
200673 10 10 1
200202 9 9 1
200282 1 1 1
300433 11 14 1.27273
200626 2 9 4.5
300858 2 3 1.5
300671 1 1 1
200551 11 23 2.09091
1403 9 19 2.11111
1026 5 21 4.2
1513 7 7 1
1411 6 6 1
1377 3 5 1.66667
301102 4 4 1
352 1 1 1
579 3 3 1
301001 9 12 1.33333
870 7 8 1.14286
301065 1 1 1
1131 2 2 1
100045 5 7 1.4
262 12 37 3.08333
300187 11 18 1.63636
300889 4 6 1.5
300977 9 10 1.11111
301185 14 37 2.64286
510 7 8 1.14286
300892 1 1 1
454 5 10 2
1161 10 10 1
301462 7 8 1.14286
314 1 1 1
300251 13 17 1.30769
300981 5 12 2.4
300139 1 1 1
135 7 25 3.57143
575 10 10 1
300978 11 11 1
884 9 17 1.88889
1044 2 15 7.5
301465 10 10 1
347 9 8 0.888889
1225 11 11 1
207 7 7 1
1007 7 14 2
1080 10 11 1.1
1511 1 1 1
792 5 12 2.4
710 3 3 1
100591 6 7 1.16667
300598 13 43 3.30769
300455 4 15 3.75
1172 12 15 1.25
201046 4 19 4.75
100845 9 16 1.77778
621 5 12 2.4
101470 4 4 1
374 5 10 2
200107 3 3 1
185 12 12 1
100001 681 727 1.06755
100225 4 4 1
100371 11 11 1
201593 4 4 1
383 9 14 1.55556
200863 9 9 1
463 1 1 1
201151 2 18 9
101249 12 12 1
200463 4 6 1.5
101480 4 8 2
100302 1 1 1
200977 9 17 1.88889
101331 14 14 1
200993 11 11 1
100826 1 1 1
201341 4 10 2.5
200820 4 5 1.25
101240 1 1 1
201582 3 5 1.66667
100849 1 1 1
100809 10 34 3.4
200836 7 17 2.42857
101234 8 9 1.125
200876 1 1 1
101274 10 16 1.6
201124 2 2 1
100812 1 1 1
100697 12 18 1.5
201294 5 5 1
200970 7 15 2.14286
201087 9 10 1.11111
200408 7 11 1.57143
101367 5 5 1
101446 5 9 1.8
200302 3 9 3
301210 2 2 1
201607 1 1 1
200192 3 3 1
201235 7 25 3.57143
301333 10 27 2.7
201576 3 4 1.33333
200307 1 1 1
201408 1 1 1
301346 8 12 1.5
200316 6 6 1
301019 8 26 3.25
301461 1 1 1
300111 10 18 1.8
301501 12 20 1.66667
201216 9 11 1.22222
902 4 45 11.25
200039 21 26 1.2381
300244 2 11 5.5
971 8 19 2.375
301478 8 9 1.125
1475 5 6 1.2
300057 1 1 1
301356 12 12 1
263 11 13 1.18182
300521 11 26 2.36364
301525 9 9 1
303 13 13 1
1300 1 1 1
301155 5 5 1
301264 6 27 4.5
1006 6 6 1
669 4 7 1.75
75 8 33 4.125
300018 45 57 1.26667
300483 4 4 1
1094 7 7 1
1394 7 15 2.14286
300038 9 9 1
1252 3 3 1
460 7 24 3.42857
162 9 13 1.44444
300513 4 4 1
200145 1 1 1
101219 7 7 1
300745 14 18 1.28571
101188 6 14 2.33333
1233 9 28 3.11111
100458 4 21 5.25
1273 12 31 2.58333
369 9 22 2.44444
1497 14 25 1.78571
481 6 6 1
843 6 47 7.83333
100036 30 73 2.43333
200944 12 12 1
340 8 9 1.125
201195 3 3 1
100129 3 25 8.33333
200210 9 16 1.77778
134 4 6 1.5
309 13 52 4
101197 1 1 1
381 14 14 1
200194 1 1 1
201489 11 11 1
100042 9 14 1.55556
200414 8 8 1
100993 10 13 1.3
200887 1 1 1
201226 14 39 2.78571
100901 6 10 1.66667
201412 1 1 1
200607 9 9 1
200279 13 13 1
100467 12 46 3.83333
200335 7 24 3.42857
100657 13 20 1.53846
200467 9 33 3.66667
100496 10 10 1
200687 12 18 1.5
100153 1 1 1
201122 4 4 1
200610 11 21 1.90909
200287 9 18 2
200623 7 15 2.14286
101306 13 15 1.15385
100734 5 52 10.4
200860 12 12 1
201110 3 3 1
201525 14 50 3.57143
200894 2 2 1
300404 12 50 4.16667
201249 13 13 1
101021 1 1 1
200898 3 3 1
300925 3 29 9.66667
300840 10 10 1
201233 14 38 2.71429
1352 13 33 2.53846
300753 8 8 1
200617 9 22 2.44444
200034 8 13 1.625
300893 11 26 2.36364
300798 11 43 3.90909
300505 2 2 1
1441 8 16 2
301138 10 12 1.2
1189 7 31 4.42857
300559 8 9 1.125
1406 11 13 1.18182
300861 12 12 1
1483 7 12 1.71429
659 1 1 1
300953 1 1 1
524 2 5 2.5
112 1 1 1
301158 2 2 1
300166 7 9 1.28571
1438 5 16 3.2
300660 7 7 1
1134 7 17 2.42857
879 7 20 2.85714
300101 4 6 1.5
300657 11 24 2.18182
184 3 4 1.33333
915 1 1 1
240 9 9 1
966 4 12 3
300389 6 6 1
300610 4 4 1
200155 12 36 3
727 4 4 1
370 4 5 1.25
317 6 6 1
301169 11 15 1.36364
592 9 15 1.66667
742 4 10 2.5
300729 13 40 3.07692
100766 12 26 2.16667
100802 4 6 1.5
300082 16 19 1.1875
300667 13 28 2.15385
1349 1 1 1
100081 12 14 1.16667
300707 11 19 1.72727
720 5 7 1.4
200137 8 24 3
1469 11 16 1.45455
45 19 37 1.94737
414 8 14 1.75
300027 37 49 1.32432
100117 3 4 1.33333
542 8 16 2
975 6 6 1
267 13 14 1.07692
1128 2 2 1
300194 5 5 1
200818 1 1 1
100206 10 12 1.2
517 7 7 1
101518 2 2 1
201071 11 11 1
101427 8 15 1.875
641 4 4 1
555 12 31 2.58333
101007 9 13 1.44444
779 1 1 1
101032 6 6 1
100478 5 5 1
529 13 59 4.53846
100963 1 1 1
200853 3 48 16
200119 8 13 1.625
143 6 7 1.16667
200984 12 12 1
101107 4 8 2
200878 3 3 1
201256 5 8 1.6
101464 2 5 2.5
200421 3 3 1
201065 1 1 1
101399 10 11 1.1
101025 11 17 1.54545
201348 10 44 4.4
200613 1 1 1
201095 4 4 1
100475 8 8 1
101449 5 5 1
101035 11 11 1
100135 9 15 1.66667
200780 3 5 1.66667
301230 2 8 4
201225 12 17 1.41667
301426 9 12 1.33333
200604 1 1 1
1357 7 21 3
300519 4 4 1
200651 5 5 1
201376 2 2 1
200536 5 10 2
200654 1 1 1
200519 5 5 1
200377 5 9 1.8
300761 8 8 1
301374 12 13 1.08333
301022 5 15 3
200425 1 1 1
1289 5 12 2.4
300204 3 8 2.66667
138 12 18 1.5
1348 2 6 3
35 39 85 2.17949
11 72 72 1
300419 3 3 1
1038 11 36 3.27273
179 5 5 1
301214 13 26 2
300969 9 10 1.11111
300544 1 1 1
300446 2 2 1
300308 11 27 2.45455
552 6 6 1
200081 8 23 2.875
300577 13 37 2.84615
300269 8 11 1.375
449 1 1 1
300541 2 3 1.5
301511 9 9 1
200153 11 27 2.45455
1148 1 1 1
499 1 1 1
1413 10 14 1.4
1214 12 15 1.25
100106 10 37 3.7
363 2 5 2.5
1177 5 10 2
216 4 19 4.75
100828 6 25 4.16667
300156 10 10 1
101417 9 12 1.33333
300421 9 11 1.22222
100348 4 4 1
151 9 13 1.44444
1040 2 2 1
5 34 47 1.38235
201123 11 52 4.72727
100408 3 3 1
300039 11 12 1.09091
100361 1 1 1
200864 8 25 3.125
100727 8 8 1
91 23 43 1.86957
201334 12 25 2.08333
101005 9 29 3.22222
201059 1 1 1
101392 8 10 1.25
101095 4 5 1.25
100328 12 12 1
201373 5 5 1
200517 1 1 1
200698 9 31 3.44444
100142 4 5 1.25
100284 16 19 1.1875
200637 1 1 1
200019 27 55 2.03704
201432 7 24 3.42857
100759 8 19 2.375
101121 7 9 1.28571
200549 11 15 1.36364
100831 6 25 4.16667
200711 12 20 1.66667
200563 1 1 1
201577 9 14 1.55556
200208 4 4 1
100977 11 17 1.54545
200446 6 6 1
101265 8 14 1.75
301266 10 23 2.3
200786 5 5 1
100702 12 25 2.08333
101232 1 1 1
200589 3 3 1
101077 6 14 2.33333
101089 1 1 1
100128 13 42 3.23077
200670 10 28 2.8
100331 8 8 1
100991 6 23 3.83333
100642 1 1 1
200515 13 21 1.61538
200598 3 2 0.666667
301086 4 10 2.5
101287 6 30 5
101262 8 17 2.125
200533 8 8 1
301320 12 33 2.75
200477 8 9 1.125
300687 10 10 1
200315 7 17 2.42857
300615 11 36 3.27273
301117 3 19 6.33333
200321 11 23 2.09091
301250 14 34 2.42857
526 8 8 1
461 1 1 1
606 13 25 1.92308
200037 8 23 2.875
301447 4 5 1.25
300624 4 10 2.5
301143 12 16 1.33333
300905 8 30 3.75
1081 1 1 1
1009 11 24 2.18182
1120 13 40 3.07692
300024 9 9 1
1210 3 3 1
301337 1 1 1
756 7 16 2.28571
300196 9 12 1.33333
587 8 8 1
33 10 14 1.4
1498 2 2 1
200104 7 15 2.14286
300043 1 1 1
100064 14 36 2.57143
1 170 187 1.1
1111 4 16 4
225 2 2 1
301318 8 11 1.375
446 7 7 1
300142 7 12 1.71429
502 12 25 2.08333
433 4 6 1.5
300884 2 2 1
300607 11 11 1
300563 3 6 2
301328 10 12 1.2
100482 5 18 3.6
1121 9 11 1.22222
1062 6 6 1
100248 9 9 1
1495 2 2 1
1429 6 22 3.66667
268 4 14 3.5
300333 4 4 1
100796 6 6 1
300527 3 21 7
324 7 17 2.42857
300675 14 29 2.07143
100073 1 1 1
663 3 3 1
109 6 12 2
300230 4 7 1.75
1206 12 33 2.75
762 12 13 1.08333
1203 3 3 1
100778 13 19 1.46154
201158 10 10 1
201037 13 15 1.15385
201006 10 25 2.5
200131 2 2 1
100415 1 1 1
163 4 4 1
200785 13 17 1.30769
201574 3 9 3
139 8 16 2
201062 1 1 1
235 2 9 4.5
100195 15 38 2.53333
204 1 1 1
100604 1 1 1
89 15 24 1.6
100422 6 14 2.33333
201149 5 6 1.2
200325 12 12 1
200749 9 15 1.66667
201314 2 2 1
200300 5 5 1
100174 1 1 1
200602 7 7 1
200228 4 6 1.5
201528 3 20 6.66667
200306 6 17 2.83333
101498 10 10 1
100789 13 14 1.07692
100267 12 12 1
101531 2 2 1
200571 11 18 1.63636
200645 8 8 1
100982 4 4 1
200891 6 9 1.5
101003 7 7 1
101390 9 24 2.66667
200791 5 6 1.2
200431 7 8 1.14286
201113 11 13 1.18182
201521 9 16 1.77778
101023 3 28 9.33333
201076 2 7 3.5
201440 15 51 3.4
301039 10 18 1.8
301257 9 9 1
200363 7 10 1.42857
201605 10 11 1.1
301243 4 17 4.25
300100 8 10 1.25
300975 8 16 2
301092 4 14 3.5
300922 5 5 1
300136 8 10 1.25
300215 1 1 1
300009 57 80 1.40351
300723 11 39 3.54545
1107 5 5 1
1374 9 30 3.33333
200438 2 2 1
1146 14 21 1.5
1237 11 46 4.18182
300613 2 2 1
649 6 6 1
672 5 5 1
787 8 8 1
1229 1 1 1
1191 11 28 2.54545
219 3 9 3
301216 13 27 2.07692
301363 3 16 5.33333
68 13 19 1.46154
1029 6 6 1
100079 7 15 2.14286
1317 9 15 1.66667
1175 1 1 1
247 7 12 1.71429
565 12 36 3
300105 1 1 1
200167 5 14 2.8
301348 5 19 3.8
300715 4 15 3.75
1247 11 22 2
300128 9 10 1.11111
343 14 23 1.64286
301193 6 6 1
300325 10 15 1.5
202 2 28 14
300249 5 19 3.8
273 13 32 2.46154
100059 17 17 1
645 13 27 2.07692
300272 8 17 2.125
345 1 1 1
301196 11 20 1.81818
301370 12 17 1.41667
300825 5 6 1.2
1376 1 1 1
300126 1 1 1
100597 1 1 1
1201 10 34 3.4
40 1 1 1
100428 13 38 2.92308
201171 8 8 1
101246 7 40 5.71429
200139 8 10 1.25
200718 9 29 3.22222
1002 11 11 1
77 24 27 1.125
200997 12 12 1
100821 1 1 1
100532 2 25 12.5
100120 1 1 1
100813 6 6 1
201048 9 9 1
100985 7 11 1.57143
201429 11 11 1
410 3 3 1
100698 9 22 2.44444
201608 6 7 1.16667
100164 1 1 1
466 9 14 1.55556
200936 11 14 1.27273
100952 11 15 1.36364
201515 3 3 1
101342 9 9 1
201320 1 1 1
180 11 17 1.54545
201175 10 10 1
201437 10 29 2.9
200880 9 24 2.66667
100050 14 27 1.92857
100866 10 10 1
201446 1 1 1
101082 4 9 2.25
100312 1 1 1
200720 12 28 2.33333
201035 11 17 1.54545
201601 3 3 1
100156 15 63 4.2
200870 1 1 1
101010 6 16 2.66667
200867 4 33 8.25
101202 1 1 1
201350 4 4 1
101362 1 1 1
200238 10 10 1
201538 7 7 1
200939 7 7 1
200318 1 1 1
201013 2 2 1
201252 2 2 1
200460 10 13 1.3
101162 12 55 4.58333
100874 2 2 1
201085 1 1 1
201462 5 10 2
100962 13 17 1.30769
201286 1 1 1
200987 5 6 1.2
101467 3 9 3
200252 15 15 1
300595 4 5 1.25
200332 15 71 4.73333
300896 6 13 2.16667
100997 8 16 2
201270 1 1 1
300437 1 1 1
200643 2 2 1
300106 14 40 2.85714
1159 12 12 1
1112 7 24 3.42857
1192 7 7 1
1072 3 4 1.33333
945 9 13 1.44444
300213 11 11 1
1047 8 12 1.5
1256 14 30 2.14286
300368 4 6 1.5
534 12 23 1.91667
301248 9 24 2.66667
301519 11 11 1
570 11 28 2.54545
200114 10 15 1.5
300252 15 18 1.2
664 8 10 1.25
300684 4 7 1.75
105 16 17 1.0625
480 10 12 1.2
301182 13 13 1
301341 14 22 1.57143
159 6 25 4.16667
1163 10 25 2.5
1447 6 20 3.33333
1259 7 7 1
1220 1 1 1
300506 2 4 2
300119 7 9 1.28571
1370 8 24 3
634 12 12 1
1185 12 12 1
382 6 9 1.5
300050 14 22 1.57143
1182 7 8 1.14286
300849 12 29 2.41667
101217 7 7 1
200169 5 23 4.6
1238 4 37 9.25
1330 10 18 1.8
100686 12 30 2.5
250 16 42 2.625
200965 12 23 1.91667
1343 5 30 6
300129 5 10 2
100181 2 3 1.5
377 8 22 2.75
200766 3 6 2
101413 8 8 1
286 12 12 1
224 9 9 1
201453 2 3 1.5
200729 8 26 3.25
201241 11 20 1.81818
100644 3 3 1
327 2 2 1
201456 11 32 2.90909
200234 6 13 2.16667
200154 4 4 1
200706 7 11 1.57143
200323 7 7 1
200199 4 4 1
201261 13 55 4.23077
100203 5 23 4.6
200412 5 5 1
200525 8 23 2.875
200520 1 1 1
100858 3 3 1
200448 9 9 1
101268 11 15 1.36364
101001 5 9 1.8
101520 11 13 1.18182
101519 7 7 1
100691 10 10 1
101239 1 1 1
101004 11 11 1
100931 6 6 1
100665 11 40 3.63636
100392 6 13 2.16667
200725 14 33 2.35714
200694 3 3 1
200803 2 2 1
100194 1 1 1
201543 10 13 1.3
100329 15 17 1.13333
200852 11 17 1.54545
200700 11 50 4.54545
201020 10 11 1.1
200270 5 5 1
200415 5 5 1
200422 13 16 1.23077
200227 2 14 7
101154 2 3 1.5
301516 8 8 1
301222 9 17 1.88889
301063 2 11 5.5
200484 8 8 1
101063 1 1 1
301101 3 8 2.66667
300724 13 23 1.76923
200535 11 11 1
301470 1 1 1
300652 11 11 1
301312 8 30 3.75
301275 14 14 1
300950 8 19 2.375
300351 12 19 1.58333
300480 6 7 1.16667
1157 1 1 1
301164 13 13 1
300075 16 16 1
300485 4 4 1
498 2 3 1.5
301452 8 8 1
650 9 13 1.44444
19 4 4 1
300994 1 1 1
547 12 13 1.08333
300534 4 5 1.25
1433 12 26 2.16667
300491 7 7 1
301342 12 16 1.33333
200149 15 30 2
300127 5 5 1
300616 1 1 1
1508 1 1 1
691 1 1 1
931 10 10 1
301067 12 28 2.33333
752 8 45 5.625
300818 12 16 1.33333
300300 8 9 1.125
300693 10 18 1.8
300899 3 6 2
300549 5 30 6
1115 5 12 2.4
300516 9 9 1
301118 14 40 2.85714
1118 10 13 1.3
1490 3 3 1
100575 12 18 1.5
300047 5 10 2
200124 12 16 1.33333
100084 9 15 1.66667
1227 7 51 7.28571
300901 12 12 1
1053 9 16 1.77778
100450 8 19 2.375
100379 1 1 1
952 3 3 1
300913 1 1 1
300954 1 1 1
100455 13 45 3.46154
200067 12 21 1.75
1008 12 16 1.33333
100200 11 22 2
300498 11 52 4.72727
96 13 28 2.15385
393 9 10 1.11111
100557 1 1 1
101500 5 5 1
328 14 18 1.28571
100893 5 14 2.8
101526 6 6 1
623 6 9 1.5
100472 8 9 1.125
100234 9 9 1
200189 2 2 1
201153 12 32 2.66667
200345 5 7 1.4
200732 6 12 2
100603 3 15 5
201244 3 17 5.66667
100706 11 11 1
201248 2 2 1
100910 3 11 3.66667
101052 5 7 1.4
100513 6 6 1
101423 10 22 2.2
200800 2 2 1
200963 14 15 1.07143
100555 13 48 3.69231
100240 10 30 3
201444 14 15 1.07143
201422 2 4 2
201135 11 41 3.72727
100851 3 32 10.6667
200838 5 6 1.2
200948 5 7 1.4
101033 4 12 3
200206 5 5 1
201428 10 10 1
200942 5 5 1
100909 2 5 2.5
201220 1 1 1
301509 8 9 1.125
201465 2 13 6.5
301228 1 1 1
200739 9 35 3.88889
200715 14 41 2.92857
201262 12 36 3
200772 11 17 1.54545
300747 6 6 1
1472 10 13 1.3
300387 10 16 1.6
1514 12 16 1.33333
201363 13 23 1.76923
300379 5 6 1.2
200577 10 18 1.8
301300 1 1 1
300477 6 21 3.5
300503 9 9 1
301297 11 44 4
301047 11 13 1.18182
301246 6 10 1.66667
300066 22 50 2.27273
1477 3 7 2.33333
300282 7 8 1.14286
301098 9 38 4.22222
1248 12 45 3.75
300711 11 11 1
432 9 11 1.22222
300147 8 13 1.625
300679 4 7 1.75
1292 6 6 1
300115 10 37 3.7
731 1 1 1
300154 8 8 1
300297 3 27 9
580 3 3 1
300567 8 8 1
1266 12 14 1.16667
252 1 1 1
667 6 20 3.33333
300594 4 22 5.5
300628 7 14 2
300929 9 21 2.33333
300415 9 45 5
790 10 14 1.4
1463 1 1 1
208 1 1 1
300441 5 42 8.4
301494 10 12 1.2
1164 11 58 5.27273
100526 2 7 3.5
1187 3 21 7
232 9 9 1
300471 8 38 4.75
71 21 39 1.85714
300830 13 32 2.46154
301498 6 6 1
823 1 1 1
519 8 33 4.125
101220 13 15 1.15385
201105 5 52 10.4
300638 13 19 1.46154
100623 2 2 1
100663 1 1 1
201143 6 17 2.83333
100175 11 23 2.09091
100519 6 6 1
201501 6 13 2.16667
100208 4 12 3
769 13 25 1.92308
101093 10 12 1.2
101499 3 6 2
100125 13 16 1.23077
200839 2 2 1
100546 7 7 1
201 8 8 1
201581 1 1 1
100432 13 26 2
188 1 1 1
201423 4 6 1.5
200911 7 25 3.57143
100981 1 1 1
101485 2 8 4
201352 13 16 1.23077
101046 1 1 1
200753 3 3 1
200543 8 15 1.875
100488 5 5 1
101076 6 7 1.16667
101229 3 3 1
201368 7 14 2
100883 7 16 2.28571
201086 4 35 8.75
200920 7 7 1
100283 5 5 1
201370 4 4 1
200508 9 15 1.66667
200696 11 17 1.54545
100654 4 6 1.5
201152 13 43 3.30769
200360 1 1 1
201414 7 25 3.57143
100436 11 17 1.54545
200746 11 31 2.81818
200267 11 15 1.36364
100270 13 13 1
100155 4 4 1
100217 17 24 1.41176
101512 1 1 1
100932 7 15 2.14286
200489 13 13 1
100917 10 25 2.5
100879 12 14 1.16667
201401 14 24 1.71429
201345 7 44 6.28571
301081 10 10 1
200862 12 16 1.33333
301171 2 14 7
101085 5 5 1
200353 4 5 1.25
300406 7 44 6.28571
200638 11 33 3
200662 13 22 1.69231
200472 5 5 1
201281 4 7 1.75
300571 10 28 2.8
200625 2 2 1
101347 12 12 1
300656 11 17 1.54545
301042 4 11 2.75
100974 8 8 1
200244 9 20 2.22222
300547 10 10 1
1139 8 25 3.125
200568 3 3 1
300338 9 9 1
1037 6 14 2.33333
300522 6 28 4.66667
1079 12 16 1.33333
301077 7 11 1.57143
200063 6 19 3.16667
300044 10 10 1
300581 1 1 1
1024 1 1 1
301366 10 18 1.8
300768 1 1 1
335 2 2 1
1245 9 24 2.66667
301473 12 13 1.08333
200069 8 14 1.75
300537 5 5 1
934 3 42 14
200175 12 34 2.83333
114 10 25 2.5
1101 4 19 4.75
364 7 7 1
1063 3 11 3.66667
338 5 9 1.8
301091 4 30 7.5
100032 14 30 2.14286
300786 13 23 1.76923
100412 1 1 1
100602 13 24 1.84615
687 1 1 1
573 11 11 1
100468 4 4 1
1375 5 5 1
100774 3 3 1
100480 3 7 2.33333
183 11 24 2.18182
100186 10 10 1
79 16 17 1.0625
100675 2 2 1
1060 9 10 1.11111
200116 6 13 2.16667
100041 4 13 3.25
1057 11 26 2.36364
100276 4 11 2.75
39 27 53 1.96296
100571 6 8 1.33333
101468 5 6 1.2
100661 3 3 1
200142 3 3 1
200105 12 12 1
100132 6 6 1
200070 20 56 2.8
201198 4 14 3.5
200756 7 15 2.14286
200734 11 11 1
201378 9 9 1
201537 2 8 4
101235 1 1 1
200495 1 1 1
200790 11 20 1.81818
200161 2 2 1
100730 7 7 1
200575 10 35 3.5
99 5 5 1
100100 10 23 2.3
200461 10 14 1.4
100262 5 9 1.8
100614 4 4 1
201399 1 1 1
200982 1 1 1
100222 6 7 1.16667
101479 9 9 1
200744 14 33 2.35714
100738 10 10 1
100806 1 1 1
200330 2 3 1.5
100244 11 15 1.36364
101431 6 19 3.16667
100346 2 2 1
200223 14 31 2.21429
200218 1 1 1
100355 14 65 4.64286
200783 9 15 1.66667
301221 9 11 1.22222
201591 3 3 1
200052 4 6 1.5
100627 3 3 1
201609 2 2 1
301269 1 1 1
200049 7 18 2.57143
201258 11 25 2.27273
201338 5 8 1.6
200500 11 11 1
100168 7 19 2.71429
101205 10 27 2.7
201497 8 11 1.375
201266 14 14 1
100359 5 5 1
101496 1 1 1
200054 14 18 1.28571
100535 1 1 1
101493 1 1 1
200003 345 350 1.01449
101490 2 2 1
200762 3 3 1
101486 7 12 1.71429
101437 5 5 1
301311 1 1 1
200027 1 1 1
101208 7 10 1.42857
200451 7 9 1.28571
101508 14 29 2.07143
200259 7 17 2.42857
200329 4 6 1.5
200558 6 6 1
200699 6 33 5.5
201019 5 5 1
101318 7 14 2
301479 7 9 1.28571
300877 5 5 1
201230 4 7 1.75
300965 4 14 3.5
201310 2 13 6.5
101177 2 2 1
300069 13 22 1.69231
201238 14 14 1
301458 5 5 1
301186 1 1 1
300548 9 9 1
857 2 2 1
300644 2 2 1
1372 7 18 2.57143
346 7 7 1
300831 14 43 3.07143
889 4 60 15
301476 5 5 1
301132 1 1 1
200090 7 11 1.57143
953 7 7 1
301112 10 10 1
429 13 51 3.92308
1242 7 18 2.57143
165 5 5 1
300648 11 12 1.09091
301457 8 8 1
1325 5 9 1.8
301377 9 23 2.55556
300179 9 20 2.22222
101193 11 39 3.54545
1013 4 6 1.5
53 21 29 1.38095
1147 6 8 1.33333
326 12 34 2.83333
278 7 7 1
1153 1 1 1
301030 6 59 9.83333
834 3 3 1
201025 2 2 1
1150 2 2 1
866 5 11 2.2
559 10 11 1.1
1099 1 1 1
576 12 13 1.08333
200851 3 4 1.33333
759 6 27 4.5
100495 1 1 1
100425 8 22 2.75
713 12 13 1.08333
848 9 19 2.11111
101201 14 38 2.71429
201054 8 8 1
201205 8 13 1.625
83 2 3 1.5
100366 13 13 1
201029 3 3 1
101536 1 1 1
101506 8 11 1.375
100374 13 62 4.76923
200395 4 3 0.75
201586 3 3 1
101340 6 8 1.33333
100711 12 18 1.5
200675 12 12 1
201016 7 18 2.57143
101223 10 22 2.2
100507 3 3 1
100323 7 16 2.28571
100864 3 23 7.66667
100936 4 7 1.75
200534 12 34 2.83333
101297 7 25 3.57143
200843 1 1 1
100397 2 2 1
100889 10 19 1.9
200754 9 12 1.33333
101057 4 23 5.75
201002 7 23 3.28571
200908 2 11 5.5
201457 3 9 3
201061 11 16 1.45455
100220 5 5 1
301174 5 10 2
200708 12 25 2.08333
301105 10 10 1
200760 7 17 2.42857
200230 9 9 1
301200 7 6 0.857143
200742 2 2 1
200553 12 17 1.41667
200390 12 30 2.5
301330 3 15 5
301405 4 5 1.25
300712 5 22 4.4
201509 7 18 2.57143
300528 7 7 1
1263 13 27 2.07692
301425 2 2 1
300557 8 8 1
301514 6 6 1
1323 7 24 3.42857
300086 1 1 1
301517 6 6 1
301003 2 2 1
442 1 1 1
300821 1 1 1
795 3 12 4
200112 7 12 1.71429
300868 3 13 4.33333
300608 9 32 3.55556
301137 14 22 1.57143
100608 4 5 1.25
886 9 37 4.11111
741 6 7 1.16667
300538 2 2 1
435 10 12 1.2
300627 3 9 3
255 12 17 1.41667
200182 5 12 2.4
200883 1 1 1
608 10 11 1.1
100416 3 3 1
200980 5 27 5.4
100204 1 1 1
248 1 1 1
100151 13 43 3.30769
100464 11 14 1.27273
396 1 1 1
201450 14 35 2.5
111 5 10 2
100239 9 9 1
100942 7 7 1
100850 5 6 1.2
281 14 36 2.57143
100035 10 10 1
187 10 10 1
156 12 14 1.16667
200164 7 7 1
101251 10 12 1.2
101110 11 11 1
100959 1 1 1
101184 12 14 1.16667
201360 14 29 2.07143
100908 1 1 1
200507 12 12 1
101447 3 5 1.66667
200634 8 10 1.25
101158 7 7 1
200374 3 3 1
101374 8 22 2.75
100096 6 11 1.83333
101517 1 1 1
200470 4 5 1.25
100689 9 10 1.11111
100158 4 4 1
301272 11 12 1.09091
201242 5 5 1
300401 2 11 5.5
101136 10 54 5.4
200376 6 9 1.5
200410 10 19 1.9
100944 7 22 3.14286
201523 1 1 1
301205 10 23 2.3
100949 6 11 1.83333
201354 13 34 2.61538
300631 5 15 3
300898 5 15 3
1231 9 9 1
1095 2 11 5.5
1361 9 9 1
1119 5 21 4.2
300910 12 17 1.41667
300647 6 6 1
833 8 23 2.875
300663 5 8 1.6
296 3 7 2.33333
814 5 6 1.2
1358 11 19 1.72727
301339 3 12 4
671 13 40 3.07692
200072 15 19 1.26667
1065 8 20 2.5
300807 1 1 1
1075 10 14 1.4
300028 33 77 2.33333
300641 7 14 2
1116 7 13 1.85714
1402 1 1 1
404 2 3 1.5
981 1 1 1
101385 7 13 1.85714
100618 7 24 3.42857
813 2 2 1
300155 1 1 1
101475 7 12 1.71429
920 8 8 1
690 1 1 1
371 1 1 1
100902 7 7 1
101118 10 48 4.8
100490 2 2 1
360 13 29 2.23077
755 3 3 1
200075 17 17 1
100725 2 2 1
101524 1 1 1
427 6 6 1
200826 8 43 5.375
101145 3 3 1
238 2 11 5.5
100907 8 8 1
201431 1 1 1
101356 1 1 1
100025 33 39 1.18182
200855 6 6 1
101161 7 7 1
201213 7 12 1.71429
101051 4 11 2.75
200954 13 29 2.23077
200934 10 12 1.2
101164 4 15 3.75
200991 13 13 1
101189 14 17 1.21429
101471 5 12 2.4
101400 8 10 1.25
201530 7 9 1.28571
200632 3 3 1
101439 10 14 1.4
301232 5 13 2.6
100268 7 16 2.28571
201333 10 10 1
201005 2 51 25.5
200035 11 12 1.09091
101213 13 29 2.23077
100989 10 14 1.4
301286 1 1 1
201487 12 40 3.33333
201599 2 2 1
101325 4 4 1
101167 7 25 3.57143
201468 13 61 4.69231
301140 13 21 1.61538
301219 1 1 1
200481 13 39 3
200366 10 24 2.4
301096 3 17 5.66667
201549 8 11 1.375
301135 5 6 1.2
1432 5 6 1.2
301481 1 1 1
300385 5 4 0.8
301040 11 13 1.18182
200464 5 10 2
912 6 18 3
300589 3 3 1
967 5 5 1
300309 1 1 1
301052 4 4 1
301149 11 18 1.63636
300078 1 1 1
301029 11 11 1
194 2 5 2.5
378 1 1 1
107 3 46 15.3333
301026 1 1 1
301236 2 22 11
662 8 30 3.75
300152 10 21 2.1
251 8 13 1.625
301204 2 2 1
301124 7 10 1.42857
1272 4 9 2.25
300659 12 13 1.08333
995 8 10 1.25
100607 8 24 3
436 4 8 2
213 12 14 1.16667
301126 10 10 1
939 12 17 1.41667
1397 1 1 1
100368 14 66 4.71429
100394 9 9 1
300650 3 3 1
100219 11 18 1.63636
100226 6 6 1
100007 70 81 1.15714
100402 1 1 1
300828 2 3 1.5
301016 10 37 3.7
100114 6 6 1
300827 9 10 1.11111
821 8 17 2.125
174 7 27 3.85714
100170 2 11 5.5
299 4 6 1.5
101187 12 19 1.58333
223 13 26 2
152 1 1 1
201435 3 6 2
101443 1 1 1
200774 12 17 1.41667
201274 8 31 3.875
100900 1 1 1
100011 63 105 1.66667
100387 12 12 1
100637 8 8 1
200906 1 1 1
201043 6 7 1.16667
201498 5 5 1
100790 12 12 1
201511 6 6 1
101065 6 29 4.83333
200736 1 1 1
200788 13 16 1.23077
100794 4 29 7.25
100150 2 2 1
100301 10 29 2.9
200664 2 3 1.5
101113 11 14 1.27273
200592 9 35 3.88889
101126 4 7 1.75
201439 8 8 1
100020 26 49 1.88462
200272 6 18 3
201505 4 16 4
100340 3 8 2.66667
100337 9 21 2.33333
200459 8 22 2.75
200539 3 3 1
301306 12 23 1.91667
201459 9 23 2.55556
200033 23 24 1.04348
300971 6 35 5.83333
300993 8 13 1.625
201082 8 11 1.375
300568 2 2 1
200811 3 6 2
300566 10 10 1
300949 6 20 3.33333
200385 1 1 1
300158 7 8 1.14286
300814 14 19 1.35714
1301 12 12 1
1341 11 16 1.45455
300726 4 69 17.25
200686 5 5 1
200445 13 25 1.92308
1169 12 12 1
1318 14 21 1.5
300991 3 3 1
300279 16 42 2.625
300474 2 2 1
566 9 14 1.55556
1048 10 15 1.5
1313 13 14 1.07692
1144 13 44 3.38462
300719 4 5 1.25
1084 1 1 1
785 4 13 3.25
301436 10 11 1.1
300666 8 20 2.5
100085 10 12 1.2
1213 12 12 1
1492 8 8 1
1034 3 3 1
200151 3 4 1.33333
660 2 3 1.5
301422 1 1 1
100461 1 1 1
881 8 13 1.625
100037 1 1 1
100411 2 2 1
300988 2 2 1
1282 1 1 1
554 2 2 1
993 9 15 1.66667
300555 5 15 3
594 10 31 3.1
100600 8 18 2.25
100130 5 5 1
1454 3 6 2
1501 9 10 1.11111
201145 13 16 1.23077
300533 8 12 1.5
100224 10 32 3.2
300290 9 9 1
101441 1 1 1
332 8 25 3.125
1055 8 15 1.875
600 4 6 1.5
100772 1 1 1
300124 13 41 3.15385
200956 4 4 1
654 10 10 1
100347 14 25 1.78571
100029 10 14 1.4
101122 13 39 3
100350 7 21 3
191 7 18 2.57143
201532 7 12 1.71429
100586 7 12 1.71429
101338 13 25 1.92308
549 6 26 4.33333
100363 6 7 1.16667
101029 10 21 2.1
200866 8 19 2.375
100890 6 6 1
100304 13 34 2.61538
100978 1 1 1
241 9 9 1
100014 60 61 1.01667
100095 10 23 2.3
200456 2 2 1
101172 8 9 1.125
100090 2 3 1.5
101533 7 7 1
200007 82 77 0.939024
100260 1 1 1
200741 1 1 1
201584 2 3 1.5
301258 8 21 2.625
100344 11 16 1.45455
100558 3 36 12
100452 7 37 5.28571
100625 6 6 1
100211 12 26 2.16667
200362 10 13 1.3
201545 5 12 2.4
100242 12 48 4
200797 6 9 1.5
200833 5 52 10.4
200437 8 11 1.375
100926 8 22 2.75
201330 7 9 1.28571
101079 14 39 2.78571
200950 11 14 1.27273
100904 10 10 1
201056 13 32 2.46154
300399 9 13 1.44444
101047 11 20 1.81818
301373 2 2 1
101370 11 13 1.18182
200225 3 4 1.33333
200016 1 1 1
300412 7 7 1
201260 9 30 3.33333
200550 7 14 2
301291 13 13 1
301152 5 7 1.4
300866 12 20 1.66667
1346 10 21 2.1
300758 4 4 1
300287 13 21 1.61538
301071 12 14 1.16667
1460 9 9 1
1071 5 5 1
1108 7 15 2.14286
300184 3 9 3
300440 6 6 1
300349 12 12 1
300393 3 3 1
300373 9 9 1
300326 5 13 2.6
1087 9 9 1
126 8 9 1.125
301075 1 1 1
1083 2 2 1
1011 1 1 1
1096 3 8 2.66667
359 10 11 1.1
300664 11 11 1
300359 9 9 1
1305 8 8 1
200077 11 14 1.27273
301011 11 25 2.27273
300695 6 9 1.5
300384 12 15 1.25
3 109 98 0.899083
1308 1 1 1
301012 4 21 5.25
200170 5 5 1
1143 10 10 1
300797 8 11 1.375
906 7 7 1
451 10 13 1.3
300313 7 16 2.28571
280 14 58 4.14286
200098 14 16 1.14286
300740 10 10 1
200126 10 10 1
300316 12 14 1.16667
201116 3 6 2
767 9 10 1.11111
300151 1 1 1
1320 12 18 1.5
300085 16 21 1.3125
104 13 21 1.61538
925 6 6 1
201172 4 4 1
100290 1 1 1
697 1 1 1
100871 2 31 15.5
101061 1 1 1
200726 13 30 2.30769
201503 2 5 2.5
101120 2 20 10
100068 4 21 5.25
400 2 3 1.5
201346 5 5 1
100122 1 1 1
94 2 4 2
100065 15 17 1.13333
100184 12 32 2.66667
200286 14 29 2.07143
101301 1 1 1
201481 10 12 1.2
100309 3 3 1
201181 5 21 4.2
100606 7 13 1.85714
100404 10 14 1.4
201200 4 4 1
100254 1 1 1
200941 1 1 1
100516 12 24 2
101116 1 1 1
101054 1 1 1
100561 1 1 1
100502 2 2 1
301218 5 5 1
100585 12 23 1.91667
100856 11 18 1.63636
200510 4 4 1
100921 6 8 1.33333
201023 3 19 6.33333
100430 6 6 1
100319 9 17 1.88889
100236 1 1 1
200945 8 19 2.375
200215 1 1 1
101036 10 11 1.1
200314 13 34 2.61538
301142 1 1 1
101008 7 9 1.28571
301400 3 3 1
200201 12 14 1.16667
200254 6 6 1
200427 7 7 1
200334 2 2 1
200021 22 22 1
300658 8 8 1
301002 6 47 7.83333
301302 7 37 5.28571
200614 8 8 1
301386 3 5 1.66667
300699 4 40 10
806 5 7 1.4
1022 2 2 1
300770 2 2 1
301114 10 43 4.3
1239 5 9 1.8
300468 3 3 1
300370 5 6 1.2
300793 9 11 1.22222
674 11 17 1.54545
300116 11 16 1.45455
300885 8 18 2.25
300736 1 1 1
14 115 107 0.930435
386 6 7 1.16667
300902 11 11 1
300833 5 29 5.8
300376 9 9 1
612 7 9 1.28571
300331 11 16 1.45455
349 7 7 1
294 5 19 3.8
100582 3 3 1
1265 4 4 1
1228 5 24 4.8
424 12 35 2.91667
300098 1 1 1
300635 9 10 1.11111
300475 1 1 1
24 46 62 1.34783
1104 1 1 1
508 7 24 3.42857
173 9 9 1
300234 1 1 1
201177 11 23 2.09091
898 9 9 1
422 1 1 1
1223 9 14 1.55556
100837 9 9 1
300462 1 1 1
100708 6 28 4.66667
323 2 2 1
417 6 19 3.16667
100352 2 2 1
244 7 12 1.71429
288 8 14 1.75
200999 4 6 1.5
100046 12 22 1.83333
200969 6 16 2.66667
200186 12 45 3.75
201518 3 3 1
200890 3 5 1.66667
100781 14 14 1
100954 11 11 1
201484 2 18 9
100878 11 31 2.81818
201563 5 7 1.4
200544 10 18 1.8
101131 3 2 0.666667
100326 13 23 1.76923
200487 4 4 1
200480 9 29 3.22222
100786 6 19 3.16667
101059 2 10 5
301288 2 5 2.5
100799 8 22 2.75
100115 4 4 1
201451 12 12 1
101156 1 1 1
200722 14 22 1.57143
201603 11 12 1.09091
200418 7 24 3.42857
101181 11 27 2.45455
201454 8 8 1
201570 1 1 1
201477 7 10 1.42857
201517 10 16 1.6
200060 16 16 1
200499 4 4 1
200468 10 11 1.1
200381 2 2 1
201417 9 21 2.33333
201404 10 29 2.9
200918 1 1 1
300944 12 16 1.33333
200777 7 7 1
101210 11 24 2.18182
300573 1 1 1
300872 3 19 6.33333
201555 11 11 1
200041 12 16 1.33333
301407 1 1 1
200303 3 3 1
301336 1 1 1
876 8 8 1
430 10 39 3.9
301235 4 23 5.75
300550 4 4 1
1258 4 13 3.25
300912 6 13 2.16667
300980 12 12 1
300728 6 10 1.66667
301282 1 1 1
407 8 8 1
729 1 1 1
300836 13 20 1.53846
272 2 2 1
301129 12 15 1.25
1251 12 12 1
200085 8 13 1.625
300321 2 1 0.5
780 9 15 1.66667
300592 2 2 1
100588 1 1 1
101245 9 24 2.66667
423 2 2 1
300686 10 42 4.2
734 1 1 1
1337 2 2 1
100754 4 6 1.5
300696 1 1 1
300217 10 10 1
300987 12 46 3.83333
100484 1 1 1
119 15 21 1.4
300623 8 8 1
300765 3 3 1
100259 12 22 1.83333
849 11 18 1.63636
300097 12 16 1.33333
300552 4 4 1
300345 10 14 1.4
101195 7 12 1.71429
100440 3 11 3.66667
300254 6 15 2.5
100086 3 5 1.66667
773 2 2 1
300261 10 25 2.5
1155 1 1 1
308 9 18 2
300020 14 33 2.35714
200185 4 4 1
783 14 25 1.78571
200955 2 9 4.5
100650 10 10 1
101072 12 14 1.16667
100530 13 31 2.38462
300170 15 51 3.4
201141 1 1 1
700 6 6 1
760 2 2 1
100295 8 8 1
101345 4 10 2.5
101473 7 11 1.57143
688 1 1 1
101444 6 11 1.83333
100972 7 9 1.28571
200108 1 1 1
101269 4 4 1
100183 2 2 1
200278 15 44 2.93333
100232 5 8 1.6
100928 5 5 1
200243 10 35 3.5
201155 7 34 4.85714
100885 12 26 2.16667
201278 1 1 1
200678 1 1 1
100918 7 7 1
101174 9 9 1
200032 7 10 1.42857
201290 6 10 1.66667
101281 7 33 4.71429
301263 6 6 1
200808 5 5 1
201535 6 10 1.66667
200952 6 6 1
201168 10 27 2.7
100672 13 29 2.23077
100529 11 26 2.36364
101522 10 12 1.2
201162 8 10 1.25
100358 11 11 1
301242 6 14 2.33333
201304 1 1 1
101146 6 6 1
301279 8 25 3.125
201482 6 6 1
101463 4 7 1.75
101018 10 17 1.7
200702 9 15 1.66667
300530 5 10 2
201467 9 14 1.55556
101259 3 8 2.66667
201436 6 6 1
300112 4 4 1
301239 1 1 1
300984 5 6 1.2
300509 10 30 3
200474 12 45 3.75
300411 12 12 1
922 6 7 1.16667
300619 7 22 3.14286
1333 13 22 1.69231
1212 1 1 1
300714 12 16 1.33333
300930 12 34 2.83333
301154 11 18 1.63636
300756 9 9 1
514 10 10 1
300189 10 10 1
301106 10 27 2.7
1309 13 18 1.38462
797 13 19 1.46154
283 8 8 1
316 5 5 1
999 4 4 1
300176 2 14 7
200146 6 6 1
301199 7 7 1
300402 1 1 1
301168 8 25 3.125
300601 3 16 5.33333
1326 14 28 2
300426 2 2 1
200176 4 4 1
301332 12 12 1
200128 7 10 1.42857
300784 12 12 1
100721 7 8 1.14286
300720 2 2 1
300805 2 2 1
200133 9 9 1
100228 4 10 2.5
1219 6 8 1.33333
301027 1 1 1
100400 12 66 5.5
270 6 6 1
101198 12 16 1.33333
1466 4 5 1.25
100202 9 9 1
100322 1 1 1
297 7 8 1.14286
100857 9 9 1
101502 3 3 1
300 7 11 1.57143
100275 6 11 1.83333
201102 4 14 3.5
100266 14 39 2.78571
100386 13 13 1
200275 4 10 2.5
200375 12 22 1.83333
258 13 16 1.23077
200528 6 8 1.33333
200219 1 1 1
100216 4 4 1
101389 9 25 2.77778
200573 11 29 2.63636
201207 9 22 2.44444
201297 2 7 3.5
100487 1 1 1
100933 12 14 1.16667
201375 13 35 2.69231
101329 4 7 1.75
200619 1 1 1
200927 6 6 1
100736 15 35 2.33333
200293 2 5 2.5
100419 1 1 1
201080 12 12 1
100714 2 2 1
101416 1 1 1
100505 7 8 1.14286
200650 12 23 1.91667
201186 9 43 4.77778
100008 64 78 1.21875
100630 11 13 1.18182
100892 8 9 1.125
201358 7 12 1.71429
101527 6 6 1
301177 2 2 1
200830 1 1 1
301414 1 1 1
200537 8 18 2.25
200628 5 5 1
200556 2 2 1
200647 12 54 4.5
300288 3 7 2.33333
1250 4 9 2.25
300564 2 31 15.5
201283 9 9 1
301207 11 11 1
301165 7 18 2.57143
200523 13 50 3.84615
301160 7 10 1.42857
200044 9 11 1.22222
301392 2 5 2.5
300951 4 4 1
300328 12 23 1.91667
997 13 17 1.30769
300864 3 14 4.66667
941 3 17 5.66667
301184 10 18 1.8
200684 5 17 3.4
850 11 12 1.09091
300006 165 177 1.07273
584 10 21 2.1
300590 4 9 2.25
683 9 32 3.55556
511 2 2 1
885 3 61 20.3333
301015 11 13 1.18182
1418 8 13 1.625
829 1 1 1
472 8 8 1
193 4 4 1
301413 10 15 1.5
354 2 7 3.5
306 7 7 1
300317 1 1 1
300943 4 4 1
301435 7 12 1.71429
147 12 12 1
301163 6 6 1
43 11 16 1.45455
12 44 70 1.59091
254 1 1 1
1232 8 14 1.75
211 12 12 1
300500 1 1 1
842 8 8 1
301068 1 1 1
300334 7 14 2
301043 5 9 1.8
100074 1 1 1
1088 11 29 2.63636
301108 1 1 1
770 12 32 2.66667
122 8 11 1.375
301420 6 6 1
100071 4 4 1
403 4 11 2.75
986 10 21 2.1
1340 14 14 1
29 32 72 2.25
100367 7 7 1
914 10 10 1
1280 4 10 2.5
100726 4 15 3.75
100745 5 5 1
100491 7 34 4.85714
1276 13 14 1.07692
200779 14 30 2.14286
15 51 65 1.27451
201587 1 1 1
200849 10 12 1.2
100763 12 19 1.58333
200092 5 35 7
201531 6 9 1.5
201164 12 24 2
100466 4 11 2.75
101069 10 14 1.4
101241 1 1 1
200246 12 12 1
200562 13 20 1.53846
201583 2 2 1
101182 13 13 1
101206 6 13 2.16667
101457 10 13 1.3
100578 11 32 2.90909
200877 5 32 6.4
101528 6 6 1
101231 11 14 1.27273
100395 6 6 1
200972 1 1 1
100574 7 11 1.57143
100372 3 3 1
200005 83 115 1.38554
100110 13 22 1.69231
200514 12 23 1.91667
201012 1 1 1
200597 4 4 1
100030 15 18 1.2
100381 11 43 3.90909
200792 10 23 2.3
200752 10 31 3.1
200564 3 3 1
200346 14 52 3.71429
200648 10 10 1
200059 9 12 1.33333
201007 7 11 1.57143
101215 8 35 4.375
201403 11 26 2.36364
101087 8 8 1
201522 1 1 1
301450 4 4 1
101280 10 10 1
1290 12 13 1.08333
1298 14 44 3.14286
1509 3 3 1
1344 12 28 2.33333
301270 1 1 1
300890 2 2 1
300356 12 27 2.25
950 10 28 2.8
1430 5 9 1.8
300732 4 4 1
301308 5 26 5.2
1167 5 5 1
158 13 13 1
372 6 12 2
301060 1 1 1
300363 9 9 1
1385 11 24 2.18182
300801 1 1 1
300583 10 10 1
1283 5 23 4.6
200181 11 28 2.54545
956 8 20 2.5
1436 5 11 2.2
100056 2 6 3
200178 8 22 2.75
738 4 6 1.5
300604 7 21 3
300706 7 7 1
523 8 8 1
723 4 9 2.25
300093 2 49 24.5
300855 2 2 1
301484 9 11 1.22222
300966 1 1 1
300846 14 25 1.78571
100777 7 7 1
100148 3 3 1
150 6 10 1.66667
1136 2 2 1
597 2 28 14
300854 15 51 3.4
301050 6 33 5.5
840 9 12 1.33333
257 2 2 1
100342 9 18 2
949 11 16 1.45455
680 4 4 1
100370 1 1 1
100212 13 18 1.38462
300144 11 11 1
528 2 2 1
100325 2 7 3.5
16 70 77 1.1
100024 12 26 2.16667
765 5 5 1
200118 8 16 2
100043 19 43 2.26316
101291 10 10 1
200115 11 15 1.36364
618 4 4 1
100278 4 10 2.5
101106 10 10 1
200724 3 3 1
200874 13 19 1.46154
200823 13 13 1
101398 6 6 1
129 3 3 1
201493 1 1 1
100264 14 68 4.85714
201351 4 20 5
200100 13 13 1
101058 8 8 1
100364 8 7 0.875
200488 9 11 1.22222
200382 6 6 1
200641 1 1 1
201295 9 9 1
101088 8 15 1.875
100134 2 3 1.5
201117 10 11 1.1
200856 10 15 1.5
200813 4 27 6.75
101084 11 32 2.90909
200666 1 1 1
101509 1 1 1
100876 7 12 1.71429
100801 6 14 2.33333
101115 11 11 1
200237 4 12 3
200047 9 9 1
101445 5 11 2.2
201130 4 4 1
201189 5 5 1
101319 5 40 8
100314 3 18 6
201167 2 3 1.5
200578 6 6 1
100022 7 9 1.28571
100968 1 1 1
101097 1 1 1
201379 12 16 1.33333
300365 10 32 3.2
200677 5 5 1
300633 7 7 1
201323 13 28 2.15385
201396 3 10 3.33333
300636 6 33 5.5
100946 4 13 3.25
200524 1 1 1
300832 8 8 1
300226 2 2 1
201228 13 15 1.15385
300570 12 24 2
1322 5 5 1
200364 1 1 1
301208 13 31 2.38462
1100 7 7 1
300976 3 15 5
300782 6 35 5.83333
1093 10 10 1
300341 11 14 1.27273
300787 4 14 3.5
300134 11 11 1
301189 7 11 1.57143
300447 9 25 2.77778
537 5 5 1
300908 4 13 3.25
200080 16 60 3.75
811 10 28 2.8
300270 4 4 1
300438 3 3 1
980 3 14 4.66667
300031 16 16 1
636 1 1 1
955 3 3 1
300023 11 25 2.27273
300597 9 9 1
961 1 1 1
1458 7 7 1
264 5 5 1
300791 14 38 2.71429
300958 5 13 2.6
301020 10 12 1.2
300342 13 22 1.69231
1353 7 13 1.85714
100238 16 23 1.4375
475 3 3 1
186 3 3 1
452 7 19 2.71429
478 9 9 1
1400 3 3 1
300348 2 12 6
300232 1 1 1
201058 10 10 1
100552 11 54 4.90909
465 6 18 3
42 1 1 1
420 13 21 1.61538
334 11 25 2.27273
101365 5 4 0.8
200747 13 27 2.07692
200716 13 30 2.30769
8 77 89 1.15584
101289 2 2 1
100427 5 12 2.4
100541 7 11 1.57143
101315 13 29 2.23077
101353 9 11 1.22222
100499 3 3 1
100171 1 1 1
101169 1 1 1
201067 5 5 1
100191 4 6 1.5
100881 12 20 1.66667
200401 8 8 1
100231 12 12 1
100176 14 33 2.35714
100333 12 18 1.5
200709 7 26 3.71429
200409 9 13 1.44444
101254 8 15 1.875
100289 6 10 1.66667
201255 12 28 2.33333
200719 6 8 1.33333
101149 4 26 6.5
201500 12 36 3
200639 3 7 2.33333
100182 6 33 5.5
201232 9 41 4.55556
201547 1 1 1
200311 11 11 1
200030 8 19 2.375
200542 7 11 1.57143
300360 2 2 1
300918 12 26 2.16667
201292 8 16 2
300915 7 9 1.28571
200357 5 7 1.4
301148 11 11 1
301260 7 24 3.42857
200630 12 24 2
300839 6 8 1.33333
1464 2 2 1
200018 15 15 1
300293 1 1 1
300414 1 1 1
200659 10 13 1.3
869 4 4 1
1268 5 6 1.2
300012 98 155 1.58163
853 5 8 1.6
300298 1 1 1
1068 4 30 7.5
301427 11 23 2.09091
300472 1 1 1
300620 8 37 4.625
300809 11 23 2.09091
21 56 93 1.66071
32 29 47 1.62069
277 10 41 4.1
766 10 28 2.8
781 12 16 1.33333
803 3 15 5
893 6 6 1
970 4 7 1.75
100002 812 829 1.02094
100004 107 149 1.39252
100017 32 50 1.5625
200004 303 322 1.06271
200025 14 21 1.5
300002 331 331 1
300003 440 499 1.13409
300008 121 130 1.07438
300013 176 204 1.15909
300058 18 47 2.61111
