1.950 0
2.951 3
3.952 3
4.953 4
5.953 4
6.954 4
7.955 4
8.956 4
9.956 4
10.957 4
11.958 4
12.988 4
13.988 4
14.989 4
15.989 4
16.990 4
17.991 4
18.992 4
19.992 4
20.993 4
21.994 4
22.995 4
23.996 4
24.996 4
25.997 4
26.998 4
27.998 5
28.999 4
30.000 4
31.000 4
32.001 4
33.002 4
34.003 4
35.004 4
36.005 4
37.007 4
38.008 4
39.009 4
40.010 4
41.011 4
42.012 4
43.013 4
44.014 4
45.014 4
46.015 4
47.016 4
48.017 4
49.017 4
50.018 4
51.019 4
52.019 4
53.020 4
54.021 4
55.022 4
56.023 4
57.024 4
58.025 4
59.026 4
60.026 4
61.027 4
62.028 4
63.029 4
64.030 4
65.031 4
66.032 4
67.033 4
68.034 4
69.035 4
70.035 4
71.036 4
72.037 4
73.038 4
74.039 4
75.040 4
76.040 4
77.041 4
78.042 4
79.043 4
80.044 4
81.045 4
82.045 4
83.046 4
84.047 4
85.048 4
86.049 4
87.050 4
88.051 4
89.051 4
90.052 4
91.053 4
92.054 4
93.055 4
94.056 4
95.057 4
96.058 4
97.059 4
98.060 4
99.061 4
100.062 4
101.063 4
102.064 4
103.066 4
104.067 4
105.068 4
106.069 4
107.070 4
108.071 4
109.072 4
110.073 4
111.074 4
112.074 4
113.075 4
114.076 4
115.077 4
116.078 4
117.079 4
118.080 4
119.080 4
120.081 4
121.082 4
122.083 4
123.083 4
124.084 4
125.085 4
126.086 4
127.087 4
128.088 4
129.088 4
130.089 4
131.090 4
132.091 4
133.092 4
134.092 4
135.093 4
136.094 4
137.204 4
138.205 4
139.206 4
140.207 4
141.207 4
142.208 4
143.209 4
144.209 4
145.210 4
146.211 4
147.212 4
148.213 4
149.214 4
150.214 4
151.215 4
152.216 4
153.216 4
154.217 4
155.218 4
156.219 4
157.220 4
158.221 4
159.222 4
160.223 4
161.223 4
162.224 4
163.225 4
164.226 4
165.227 4
166.228 4
167.228 4
168.229 4
169.230 4
170.231 4
171.231 4
172.232 4
173.233 4
174.234 4
175.234 4
176.235 4
177.236 4
178.237 4
179.238 4
180.239 4
181.240 4
182.240 4
183.241 4
184.242 4
185.243 4
186.244 4
187.244 4
188.245 4
189.246 4
190.246 4
191.247 4
192.248 4
193.249 4
194.250 4
195.250 4
196.251 4
197.252 4
198.253 4
199.254 4
200.255 4
201.255 4
202.256 4
203.257 4
204.258 4
205.259 4
206.259 4
207.260 4
208.261 4
209.262 4
210.263 4
211.263 4
212.264 4
213.265 4
214.265 4
215.266 4
216.266 4
217.267 4
218.268 4
219.269 4
220.270 4
221.270 4
222.271 4
223.272 4
224.272 4
225.273 4
226.274 4
227.275 4
228.275 4
229.276 4
230.277 4
231.278 4
232.279 4
233.279 4
234.280 4
235.281 4
236.281 4
237.282 4
238.283 4
239.283 4
240.284 4
241.285 4
242.286 4
243.287 4
244.287 4
245.288 4
246.289 4
247.289 4
248.290 4
249.291 4
250.291 4
251.292 4
252.293 4
253.293 4
254.294 4
255.294 4
256.295 4
257.296 4
258.296 4
259.297 4
260.297 4
261.298 4
262.298 4
263.299 4
264.299 4
265.300 4
266.300 4
267.301 4
268.302 4
269.302 4
270.303 4
271.303 4
272.304 4
273.304 4
274.305 4
275.306 4
276.307 4
277.308 4
278.309 4
279.310 4
280.311 4
281.311 4
282.312 4
283.313 4
284.313 4
285.314 4
286.314 4
287.315 4
288.316 4
289.317 4
290.318 4
291.318 4
292.319 4
293.320 4
294.320 4
295.320 4
296.321 4
297.321 4
298.322 4
299.323 4
300.323 4
301.324 4
302.325 4
303.325 4
304.326 4
305.327 4
306.329 4
307.329 4
308.330 4
309.331 4
310.332 4
311.333 4
312.333 4
313.334 4
314.334 4
315.335 4
316.336 4
317.337 4
318.337 4
319.338 4
320.339 4
321.339 4
322.340 4
323.341 4
324.342 4
325.343 4
326.343 4
327.344 4
328.345 4
329.345 4
330.346 4
331.346 4
332.347 4
333.348 4
334.348 4
335.349 4
336.350 4
337.350 4
338.351 4
339.352 4
340.352 4
341.353 4
342.354 4
343.354 4
344.355 4
345.355 4
346.356 4
347.357 4
348.358 4
349.358 4
350.359 4
351.360 4
352.361 4
353.362 4
354.362 4
355.363 4
356.364 4
357.365 4
358.365 4
359.367 4
360.367 4
361.368 4
362.369 4
363.370 4
364.371 4
365.372 4
366.372 4
367.373 4
368.374 4
369.374 4
370.375 4
371.376 4
372.377 4
373.378 4
374.379 4
375.379 4
376.380 4
377.380 4
378.381 4
379.382 4
380.382 4
381.383 4
382.384 4
383.385 4
384.386 4
385.386 4
386.387 4
387.388 4
388.388 4
389.389 4
390.390 4
391.390 4
392.392 4
393.393 4
394.339 4
395.339 4
396.340 4
397.440 4
398.441 4
399.441 4
400.442 4
401.442 4
402.442 4
403.443 4
404.443 4
405.444 4
406.444 4
407.445 4
408.446 4
409.446 4
410.446 4
411.447 4
412.447 4
413.448 4
414.448 4
415.448 4
416.449 4
417.449 4
418.450 4
419.451 4
420.451 4
421.452 4
422.452 4
423.453 4
424.453 4
425.454 4
426.454 4
427.455 4
428.456 4
429.456 4
430.456 4
431.457 4
432.457 4
433.458 4
434.458 4
435.458 4
436.459 4
437.459 4
438.460 4
439.461 4
440.462 4
441.462 4
442.463 4
443.463 4
444.464 4
445.465 4
446.466 4
447.467 4
448.467 4
449.468 4
450.468 4
451.469 4
452.470 4
453.470 4
454.471 4
455.472 4
456.473 4
457.473 4
458.474 4
459.474 4
460.475 4
461.476 4
462.477 4
463.478 4
464.479 4
465.479 4
466.480 4
467.480 4
468.481 4
469.482 4
470.482 4
471.483 4
472.484 4
473.484 4
474.485 4
475.486 4
476.486 4
477.487 4
478.488 4
479.488 4
480.489 4
481.490 4
482.491 4
483.492 4
484.493 4
485.493 4
486.494 4
487.495 4
488.496 4
489.497 4
490.498 4
491.498 4
492.498 4
493.499 4
494.499 4
495.500 4
496.500 4
497.500 4
498.501 4
499.502 4
500.502 4
501.503 4
502.504 4
503.504 4
504.505 4
505.506 4
506.507 4
507.508 4
508.509 4
509.510 4
510.510 4
511.511 4
512.512 4
513.513 4
514.514 4
515.515 4
516.516 4
517.517 4
518.518 4
519.519 4
520.520 4
521.520 4
522.522 4
523.523 4
524.524 4
525.524 4
526.525 4
527.526 4
528.528 4
529.529 4
530.530 4
531.531 4
532.532 4
533.533 4
534.534 4
535.534 4
536.535 4
537.536 4
538.537 4
539.538 4
540.539 4
541.540 4
542.541 4
543.542 4
544.543 4
545.544 4
546.545 4
547.546 4
548.547 4
549.548 4
550.549 4
551.550 4
552.551 4
553.552 4
554.553 4
555.554 4
556.555 4
557.556 4
558.557 4
559.558 4
560.559 4
561.560 4
562.561 4
563.562 4
564.563 4
565.564 4
566.565 4
567.566 4
568.567 4
569.568 4
570.569 4
571.569 4
572.571 4
573.572 4
574.573 4
575.574 4
576.574 4
577.575 4
578.576 4
579.577 4
580.578 4
581.579 4
582.580 4
583.581 4
584.582 4
585.583 4
586.584 4
587.585 4
588.586 4
589.587 4
590.588 4
591.589 4
592.590 4
593.591 4
594.592 4
595.593 4
596.594 4
597.594 4
598.595 4
599.596 4
600.597 4
601.598 4
602.600 4
603.601 4
604.602 4
605.603 4
606.604 4
607.605 4
608.606 4
609.607 4
610.608 4
611.609 4
612.610 4
613.611 4
614.612 4
615.613 4
616.614 4
617.616 4
618.617 4
619.618 4
620.619 4
621.620 4
622.620 4
623.621 4
624.622 4
625.623 4
626.624 4
627.626 4
628.627 4
629.628 4
630.629 4
631.630 4
632.631 4
633.632 4
634.633 4
635.634 4
636.635 4
637.636 4
638.638 4
639.639 4
640.640 4
641.641 4
642.642 4
643.642 4
644.643 4
645.644 3
646.645 4
647.646 4
648.647 4
649.648 4
650.649 4
651.651 4
652.651 4
653.652 4
654.653 4
655.654 4
656.655 4
657.656 4
658.657 4
659.658 4
660.659 4
661.660 4
662.661 4
663.662 4
664.663 4
665.664 4
666.665 4
667.666 4
668.667 4
669.667 4
670.669 4
671.669 4
672.670 4
673.672 4
674.672 4
675.673 4
676.674 4
677.675 4
678.676 4
679.677 4
680.678 4
681.679 4
682.680 4
683.681 3
684.681 4
685.682 4
686.683 4
687.684 4
688.685 4
689.686 4
690.687 4
691.689 4
692.690 4
693.690 4
694.691 4
695.692 4
696.693 4
697.693 4
698.694 4
699.695 4
700.697 4
701.698 4
702.699 4
703.699 4
704.700 4
705.702 4
706.702 4
707.703 4
708.704 4
709.705 4
710.706 4
711.707 4
712.708 4
713.708 4
714.710 4
715.711 4
716.712 4
717.714 4
718.715 4
719.716 4
720.717 4
721.718 4
722.719 4
723.720 4
724.721 4
725.722 4
726.723 4
727.724 4
728.725 4
729.726 4
730.727 4
731.728 4
732.729 4
733.730 4
734.730 4
735.731 4
736.732 4
737.733 4
738.734 4
739.735 4
740.736 4
741.737 4
742.738 4
743.739 4
744.740 4
745.741 4
746.742 4
747.743 4
748.744 4
749.744 4
750.746 4
751.746 4
752.748 4
753.748 4
754.749 4
755.750 4
756.751 4
757.752 4
758.753 4
759.754 4
760.755 4
761.756 4
762.757 4
763.758 4
764.759 4
765.759 4
766.760 4
767.761 4
768.762 4
769.763 4
770.764 4
771.767 4
772.768 4
773.769 4
774.770 4
775.771 4
776.772 4
777.773 4
778.774 4
779.775 4
780.776 4
781.777 4
782.778 4
783.779 4
784.779 4
785.780 4
786.781 4
787.782 4
788.784 4
789.786 3
790.787 4
791.888 4
792.888 4
793.889 4
794.890 4
795.892 4
796.893 4
797.894 4
798.895 4
799.896 4
800.897 4
801.898 4
802.899 4
803.900 4
804.901 4
805.901 4
806.902 4
807.903 4
808.904 4
809.905 4
810.906 4
811.907 4
812.908 4
813.909 4
814.910 4
815.911 4
816.912 4
817.913 4
818.914 4
819.915 4
820.916 4
821.917 4
822.918 4
823.919 4
824.920 4
825.921 4
826.922 4
827.922 4
828.924 4
829.925 4
830.925 4
831.926 4
832.927 4
833.928 4
834.930 4
835.931 4
836.932 4
837.933 4
838.934 4
839.935 4
840.936 4
841.937 4
842.938 4
843.938 4
844.939 4
845.940 4
846.941 4
847.942 4
848.943 4
849.945 4
851.046 4
851.947 4
852.948 4
853.949 4
854.950 4
855.951 4
856.952 4
857.952 4
858.953 4
859.954 4
861.056 4
861.956 4
863.057 4
864.058 4
864.959 4
865.962 4
866.962 4
867.963 4
868.964 4
869.965 4
870.967 4
871.968 4
872.968 4
873.969 4
874.970 4
875.971 4
876.972 4
878.073 4
879.074 4
880.075 4
881.076 4
882.077 4
883.078 4
884.078 4
885.079 4
886.080 4
887.081 4
888.082 4
889.083 4
890.084 4
891.085 4
892.086 4
893.087 4
894.088 4
895.088 4
896.089 4
897.090 4
898.091 4
899.092 4
900.093 4
901.094 4
902.095 4
903.096 4
904.097 4
905.098 4
906.099 4
907.000 4
908.001 4
909.002 4
910.003 4
911.004 4
912.005 4
913.006 4
914.007 4
915.008 4
916.008 4
917.009 4
918.010 4
919.011 4
920.012 4
921.013 4
922.014 4
923.014 4
924.015 4
925.016 4
926.017 4
927.018 4
928.019 4
929.020 4
930.021 4
931.022 4
932.023 4
933.024 4
934.025 4
935.026 4
936.027 4
937.028 4
938.029 4
939.030 4
940.031 4
941.031 4
942.033 4
943.034 4
944.035 4
945.036 4
946.037 4
947.038 4
948.039 4
949.040 4
950.041 4
951.042 4
952.043 4
953.044 4
954.045 4
955.046 4
956.046 4
957.047 4
958.049 4
959.049 4
960.050 4
961.051 4
962.052 4
963.053 4
964.054 4
965.055 4
966.056 4
967.057 4
968.058 4
969.059 4
970.060 4
971.061 4
972.062 4
973.063 4
974.064 4
975.065 4
976.065 4
977.066 4
978.067 4
979.069 4
980.170 4
981.171 4
982.572 4
983.573 4
984.713 4
985.814 4
986.514 4
987.515 4
988.516 4
989.517 4
990.518 4
991.519 4
992.520 4
993.521 4
994.523 4
995.524 4
996.525 4
997.526 4
998.526 4
999.527 4
1000.529 4
1001.530 4
1002.531 4
1003.531 4
1004.532 4
1005.533 4
1006.534 4
1007.535 4
1008.535 4
1009.537 4
1010.538 4
1011.539 4
1012.540 4
1013.541 4
1014.541 4
1015.542 4
1016.643 4
1017.544 5
1018.645 4
1019.646 4
1020.647 4
1021.648 4
1022.649 4
1023.650 4
1024.651 4
1025.652 4
1026.653 4
1027.655 4
1028.756 4
1029.757 4
1030.758 4
1031.759 4
1032.760 4
1033.762 4
1034.763 4
1035.764 4
1036.765 4
1037.767 4
1038.769 4
1039.770 4
1040.771 4
1041.772 4
1042.773 4
1043.775 4
1044.776 4
1045.777 4
1046.779 4
1047.780 4
1048.781 4
1049.782 4
1050.783 4
1051.785 4
1052.786 4
1053.787 4
1054.788 4
1055.789 4
1056.791 4
1057.792 4
1058.794 4
1059.795 4
1060.796 4
1061.797 4
1062.799 4
1063.800 4
1064.801 4
1065.802 4
1066.805 4
1067.806 4
1068.807 4
1069.808 4
1070.810 4
1071.811 4
1072.771 4
1073.772 4
1074.773 4
1075.775 4
1076.776 4
1077.777 4
1078.778 4
1079.780 4
1080.781 4
1081.783 4
1082.784 4
1083.785 4
1084.787 4
1085.788 4
1086.790 4
1087.791 4
1088.792 4
1089.793 4
1090.794 4
1091.796 4
1092.797 4
1093.798 4
1094.799 4
1095.801 4
1096.802 4
1097.804 4
1098.805 4
1099.806 4
1100.807 4
1101.809 4
1102.810 4
1103.812 4
1104.813 4
1105.814 4
1106.816 4
1107.817 4
1108.818 4
1109.819 4
1110.820 4
1111.822 4
1112.823 4
1113.824 4
1114.825 4
1115.827 4
1116.828 4
1117.829 4
1118.830 4
1119.832 4
1120.833 4
1121.835 4
1122.836 4
1123.837 4
1124.839 4
1125.840 4
1126.841 4
1127.843 4
1128.844 4
1129.845 4
1130.847 4
1131.848 4
1132.849 4
1133.850 4
1134.851 4
1135.853 4
1136.854 4
1137.856 4
1138.857 4
1139.858 4
1140.859 4
1141.860 4
1142.862 4
1143.864 4
1144.865 4
1145.867 4
1146.868 4
1147.869 4
1148.871 4
1149.872 4
1150.874 4
1151.875 4
1152.876 4
1153.877 4
1154.878 4
1155.879 4
1156.881 4
1157.882 4
1158.883 4
1159.885 4
1160.886 4
1161.888 4
1162.889 4
1163.890 3
1164.891 4
1165.993 4
1166.894 4
1167.895 4
1168.896 4
1169.897 4
1170.898 4
1171.899 4
1172.901 4
1173.902 4
1174.903 4
1175.904 4
1176.906 4
1177.907 4
1178.908 4
1179.909 4
1180.911 4
1182.112 4
1182.913 4
1183.915 4
1184.916 4
1185.917 4
1186.918 4
1187.919 4
1188.921 4
1189.922 4
1190.923 4
1191.924 4
1192.925 4
1193.926 4
1194.928 4
1195.929 4
1196.930 4
1197.931 4
1198.932 4
1200.034 4
1200.935 4
1201.937 4
1202.938 4
1203.939 4
1204.940 4
1205.941 4
1206.943 4
1207.944 4
1208.945 4
1209.948 4
1210.949 4
1211.952 4
1212.956 4
1213.957 4
1214.958 4
1215.960 4
1216.961 4
1217.962 4
1218.963 4
1219.965 4
1220.966 4
1221.967 4
1222.969 4
1223.970 4
1224.971 4
1225.973 4
1226.975 4
1227.976 4
1228.977 4
1229.979 4
1230.980 4
1231.981 4
1232.983 4
1233.984 4
1234.985 4
1235.986 4
1236.988 4
1237.989 4
1238.994 4
1239.996 4
1240.997 4
1241.998 4
1243.000 4
1244.002 4
1245.003 4
1246.004 4
1247.005 4
1248.007 4
1249.008 4
1250.009 4
1251.010 4
1252.012 4
1253.014 4
1254.016 4
1255.017 4
1256.018 4
1257.020 4
1258.022 4
1259.023 4
1260.024 4
1261.025 4
1262.026 4
1263.027 4
1264.029 4
1265.030 3
1266.031 3
1267.032 3
1268.033 4
1269.035 4
1270.036 4
1271.037 4
1272.039 4
1273.040 4
1274.141 4
1275.143 4
1276.144 4
1277.145 4
1278.146 4
1279.147 4
1280.149 4
1281.150 4
1282.151 4
1283.153 4
1284.154 4
1285.156 4
1286.157 4
1287.158 4
1288.159 4
1289.160 4
1290.161 4
1291.163 4
1292.164 4
1293.165 4
1294.167 4
1295.168 4
1296.169 4
1297.170 4
1298.172 4
1299.173 4
1300.174 4
1301.175 4
1302.177 4
1303.178 4
1304.179 4
1305.180 4
1306.182 4
1307.183 4
1308.185 4
1309.186 4
1310.187 4
1311.188 4
1312.190 4
1313.191 4
1314.192 4
1315.193 4
1316.295 4
1317.196 4
1318.197 4
1319.198 4
1320.199 4
1321.201 4
1322.202 4
1323.204 4
1324.205 4
1325.206 4
1326.307 4
1327.396 4
1328.397 4
1329.398 4
1330.399 4
1331.400 4
1332.402 4
1333.403 4
1334.404 4
1335.406 4
1336.407 4
1337.408 4
1338.410 4
1339.411 4
1340.413 4
1341.414 4
1342.415 4
1343.416 4
1344.417 4
1345.419 4
1346.420 4
1347.422 4
1348.423 4
1349.425 4
1350.426 4
1351.427 4
1352.429 4
1353.430 4
1354.431 4
1355.432 4
1356.433 4
1357.435 4
1358.436 4
1359.437 4
1360.438 4
1361.440 4
1362.441 4
1363.442 4
1364.443 4
1365.445 4
1366.446 4
1367.447 4
1368.448 4
1369.449 4
1370.450 4
1371.452 4
1372.453 4
1373.454 4
1374.455 4
1375.457 4
1376.458 4
1377.459 4
1378.461 4
1379.462 4
1380.463 4
1381.465 4
1382.466 4
1383.468 4
1384.469 4
1385.470 4
1386.471 4
1387.472 4
1388.474 4
1389.475 4
1390.476 4
1391.477 4
1392.478 4
1393.479 4
1394.480 4
1395.481 4
1396.483 4
1397.484 4
1398.485 4
1399.486 4
1400.487 4
1401.488 4
1402.490 4
1403.491 4
1404.493 4
1405.494 4
1406.496 4
1407.497 4
1408.498 4
1409.499 4
1410.500 4
1411.502 4
1412.503 4
1413.504 4
1414.505 4
1415.506 4
1416.507 4
1417.508 4
1418.510 4
1419.511 4
1420.512 4
1421.513 4
1422.515 4
1423.517 4
1424.518 4
1425.520 4
1426.521 4
1427.523 4
1428.524 4
1429.525 4
1430.526 4
1431.527 4
1432.528 4
1433.530 4
1434.531 4
1435.532 4
1436.533 4
1437.534 4
1438.536 4
1439.537 4
1440.538 4
1441.539 4
1442.540 4
1443.541 4
1444.542 4
1445.543 4
1446.545 4
1447.546 4
1448.547 4
1449.548 4
1450.549 4
1451.550 4
1452.551 4
1453.552 4
1454.553 4
1455.555 4
1456.556 4
1457.557 4
1458.558 4
1459.559 4
1460.560 4
1461.561 4
1462.563 4
1463.564 4
1464.565 4
1465.566 4
1466.567 4
1467.568 4
1468.570 4
1469.571 4
1470.572 4
1471.574 4
1472.575 4
1473.576 4
1474.578 4
1475.580 4
1476.581 4
1477.582 4
1478.583 4
1479.585 4
1480.586 4
1481.587 4
1482.589 4
1483.590 4
1484.591 4
1485.592 4
1486.593 4
1487.596 4
1488.597 4
1489.598 4
1490.600 4
1491.601 4
1492.602 4
1493.604 4
1494.605 4
1495.606 4
1496.607 4
1497.608 4
1498.610 4
1499.611 4
1500.612 4
1501.614 4
1502.615 4
1503.616 4
1504.617 4
1505.618 4
1506.619 4
1507.620 4
1508.621 4
1509.622 4
1510.624 4
1511.625 4
1512.626 4
1513.627 4
1514.628 4
1515.629 4
1516.630 4
1517.631 4
1518.633 4
1519.634 4
1520.635 4
1521.636 4
1522.637 4
1523.638 4
1524.639 4
1525.641 4
1526.642 4
1527.643 4
1528.644 4
1529.645 4
1530.646 4
1531.647 4
1532.649 4
1533.650 4
1534.651 4
1535.653 4
1536.654 4
1537.655 4
1538.656 4
1539.658 4
1540.659 4
1541.661 4
1542.662 4
1543.663 4
1544.664 4
1545.665 4
1546.667 4
1547.668 4
1548.670 4
1549.671 4
1550.672 4
1551.674 4
1552.675 4
1553.676 4
1554.677 4
1555.679 4
1556.680 4
1557.681 4
1558.682 4
1559.683 4
1560.685 4
1561.686 4
1562.687 4
1563.688 4
1564.690 4
1565.691 4
1566.692 4
1567.694 4
1568.695 4
1569.696 4
1570.697 4
1571.698 4
1572.700 4
1573.701 4
1574.702 4
1575.703 4
1576.705 4
1577.706 4
1578.707 4
1579.708 4
1580.710 4
1581.711 4
1582.712 4
1583.714 4
1584.714 4
1585.716 4
1586.717 4
1587.718 4
1588.719 4
1589.720 4
1590.722 4
1591.723 4
1592.724 4
1593.725 4
1594.726 4
1595.728 4
1596.729 4
1597.730 4
1598.731 4
1599.733 4
1600.734 4
1601.736 3
1602.737 4
1603.739 4
1604.740 4
1605.741 4
1606.742 4
1607.744 4
1608.745 4
1609.747 4
1610.748 4
1611.749 4
1612.751 4
1613.752 4
1614.753 4
1615.754 4
1616.755 5
1617.757 4
1618.758 4
1619.760 4
1620.761 4
1621.762 4
1622.764 4
1623.766 4
1624.767 4
1625.769 4
1626.771 4
1627.772 4
1628.773 4
1629.775 4
1630.776 4
1631.777 4
1632.778 4
1633.779 4
1634.781 4
1635.782 4
1636.783 4
1637.784 4
1638.786 4
1639.787 4
1640.788 4
1641.789 4
1642.791 4
1643.793 4
1644.794 4
1645.795 4
1646.796 4
1647.797 4
1648.799 4
1649.801 4
1650.802 4
1651.803 4
1652.805 4
1653.806 4
1654.807 4
1655.809 4
1656.810 4
1657.811 4
1658.813 4
1659.814 4
1660.815 4
1661.817 4
1662.818 4
1663.819 4
1664.820 4
1665.822 4
1666.823 4
1667.824 4
1668.825 4
1669.826 4
1670.828 4
1671.829 4
1672.830 4
1673.831 4
1674.832 4
1675.834 4
1676.835 4
1677.837 4
1678.838 4
1679.839 4
1680.841 4
1681.842 4
1682.844 4
1683.845 4
1684.846 4
1685.847 4
1686.848 4
1687.849 4
1688.851 4
1689.852 4
1690.853 4
1691.854 4
1692.855 4
1693.856 4
1694.857 4
1695.859 4
1696.860 4
1697.862 4
1698.863 4
1699.864 4
1700.865 4
1701.867 4
1702.868 4
1703.869 4
1704.871 4
1705.872 4
1706.874 4
1707.875 4
1708.876 4
1709.877 4
1710.878 4
1711.880 4
1712.881 4
1713.882 4
1714.884 4
1715.885 4
1716.886 4
1717.887 4
1718.888 4
1719.889 4
1720.891 4
1721.892 4
1722.893 4
1723.894 4
1724.896 4
1725.897 4
1726.898 4
1727.900 4
1728.901 4
1729.902 4
1730.903 4
1731.904 4
1732.906 4
1733.906 4
1734.908 4
1735.909 4
1736.911 4
1737.912 4
1738.913 4
1739.914 4
1740.916 4
1741.917 4
1742.918 4
1743.919 4
1744.921 4
1745.922 4
1746.923 4
1747.925 4
1748.926 4
1749.927 4
1750.928 4
1751.930 4
1752.931 4
1753.932 4
1754.933 4
1755.935 4
1756.936 4
1757.938 4
1758.939 4
1759.940 4
1760.941 4
1761.942 4
1762.944 4
1763.945 4
1764.947 4
1765.948 4
1766.949 4
1767.951 4
1768.952 4
1769.953 4
1770.954 4
1771.956 4
1772.957 4
1773.958 4
1774.959 4
1775.961 4
1776.962 4
1777.963 4
1778.964 4
1779.966 4
1780.967 4
1781.968 4
1782.969 4
1783.970 4
1784.971 4
1785.973 4
1786.974 4
1787.975 4
1788.976 4
1789.978 4
1790.979 4
1791.980 4
1792.982 4
1793.983 4
1794.984 4
1795.985 4
1796.987 4
1797.988 4
1798.989 4
1799.990 4
1800.991 4
1801.992 4
1802.993 4
1803.995 4
1804.996 4
1805.997 4
1806.998 4
1808.000 4
1809.001 4
1810.002 4
1811.003 4
1812.005 4
1813.006 4
1814.007 4
1815.008 4
1816.010 4
1817.011 4
1818.012 4
1819.014 4
1820.015 4
1821.016 4
1822.017 4
1823.019 4
1824.020 4
1825.021 4
1826.022 4
1827.023 4
1828.025 4
1829.026 4
1830.027 4
1831.029 4
1832.030 4
1833.031 4
1834.033 4
1835.034 4
1836.035 4
1837.036 4
1838.037 4
1839.039 4
1840.040 4
1841.046 4
1842.047 4
1843.049 4
1844.050 4
1845.052 4
1846.053 4
1847.054 4
1848.055 4
1849.057 4
1850.058 4
1851.059 4
1852.060 4
1853.061 4
1854.062 4
1855.063 4
1856.064 4
1857.066 4
1858.067 4
1859.068 4
1860.069 4
1861.071 4
1862.072 4
1863.073 4
1864.075 4
1865.076 4
1866.077 4
1867.079 4
1868.080 4
1869.081 4
1870.082 4
1871.083 4
1872.085 4
1873.086 4
1874.089 4
1875.090 4
1876.091 4
1877.092 4
1878.094 3
1879.095 4
1880.096 4
1881.098 4
1882.099 4
1883.100 4
1884.101 4
1885.102 4
1886.104 4
1887.106 4
1888.107 4
1889.109 4
1890.110 4
1891.111 4
1892.112 4
1893.114 4
1894.115 4
1895.116 4
1896.117 4
1897.118 4
1898.120 4
1899.121 4
1900.122 4
1901.124 4
1902.125 4
1903.126 4
1904.128 4
1905.129 4
1906.130 4
1907.131 4
1908.133 4
1909.135 4
1910.136 4
1911.137 4
1912.138 4
1913.139 3
1914.141 4
1915.142 4
1916.144 4
1917.092 4
1918.138 4
1919.139 4
1920.140 4
1921.141 4
1922.142 4
1923.143 4
1924.145 4
1925.146 4
1926.148 4
1927.149 4
1928.150 4
1929.152 4
1930.153 4
1931.154 4
1932.155 4
1933.157 4
1934.158 4
1935.163 4
1936.164 4
1937.165 4
1938.166 4
1939.167 4
1940.169 4
1941.170 4
1942.171 4
1943.172 4
1944.173 4
1945.174 4
1946.176 4
1947.177 4
1948.178 4
1949.180 4
1950.181 4
1951.182 4
1952.183 4
1953.185 4
1954.186 4
1955.187 4
1956.188 4
1957.190 4
1958.191 4
1959.192 4
1960.193 4
1961.194 4
1962.195 4
1963.197 4
1964.198 4
1965.200 4
1966.201 4
1967.202 4
1968.203 4
1969.204 4
1970.205 4
1971.207 4
1972.208 4
1973.209 4
1974.211 4
1975.212 4
1976.213 4
1977.214 4
1978.215 4
1979.216 4
1980.217 4
1981.218 4
1982.219 4
1983.221 4
1984.222 4
1985.224 4
1986.225 4
1987.226 4
1988.227 4
1989.229 4
1990.230 4
1991.232 4
1992.233 4
1993.234 4
1994.235 4
1995.237 4
1996.238 4
1997.240 4
1998.241 4
1999.242 4
2000.243 4
2001.244 4
2002.245 4
2003.247 4
2004.248 4
2005.250 4
2006.251 4
2007.252 4
2008.253 4
2009.254 4
2010.256 4
2011.257 4
2012.258 4
2013.259 4
2014.260 4
2015.262 4
2016.263 4
2017.265 4
2018.266 4
2019.267 4
2020.268 4
2021.269 4
2022.271 4
2023.271 4
2024.273 4
2025.274 4
2026.275 4
2027.277 4
2028.279 4
2029.281 4
2030.282 4
2031.283 4
2032.284 4
2033.286 4
2034.287 4
2035.288 4
2036.289 4
2037.291 4
2038.292 4
2039.293 4
2040.294 4
2041.295 4
2042.297 4
2043.298 4
2044.299 4
2045.300 4
2046.302 4
2047.303 4
2048.304 4
2049.305 4
2050.306 4
2051.307 4
2052.308 4
2053.309 4
2054.310 4
2055.311 4
2056.312 4
2057.313 4
2058.314 4
2059.315 4
2060.316 4
2061.317 4
2062.318 4
2063.319 4
2064.320 4
2065.321 4
2066.322 4
2067.323 3
2068.323 4
2069.324 4
2070.325 4
2071.326 4
2072.327 4
2073.328 4
2074.329 4
2075.330 4
2076.331 4
2077.332 4
2078.333 4
2079.334 4
2080.335 4
2081.336 4
2082.337 4
2083.339 4
2084.340 4
2085.341 4
2086.342 4
2087.343 4
2088.344 4
2089.345 4
2090.346 4
2091.347 4
2092.348 4
2093.349 4
2094.350 4
2095.351 4
2096.352 4
2097.353 4
2098.354 4
2099.355 4
2100.356 4
2101.357 4
2102.358 4
2103.359 4
2104.360 4
2105.361 4
2106.362 4
2107.363 4
2108.364 4
2109.365 4
2110.365 4
2111.366 4
2112.367 4
2113.368 4
2114.369 4
2115.370 4
2116.371 4
2117.372 4
2118.373 4
2119.375 4
2120.376 4
2121.377 4
2122.378 4
2123.379 4
2124.380 4
2125.381 4
2126.382 4
2127.383 4
2128.384 4
2129.385 4
2130.386 4
2131.387 4
2132.388 4
2133.389 4
2134.390 4
2135.391 4
2136.392 4
2137.393 4
2138.394 4
2139.396 4
2140.397 4
2141.398 4
2142.399 4
2143.400 4
2144.401 4
2145.402 4
2146.403 4
2147.404 4
2148.405 4
2149.406 4
2150.406 4
2151.407 4
2152.408 4
2153.409 4
2154.410 3
2155.411 4
2156.412 4
2157.413 4
2158.414 4
2159.415 4
2160.416 4
2161.417 4
2162.418 3
2163.419 4
2164.420 4
2165.421 4
2166.422 4
2167.423 4
2168.424 4
2169.425 4
2170.427 4
2171.428 4
2172.429 4
2173.430 4
2174.431 4
2175.432 4
2176.433 3
2177.434 3
2178.435 3
2179.436 3
2180.437 3
2181.438 2
2182.439 2
2183.440 2
2184.441 2
2185.442 2
2186.443 2
2187.444 2
2188.445 2
2189.446 2
2190.447 2
2191.448 2
2192.448 2
2193.449 2
2194.450 2
2195.451 2
2196.452 2
2197.453 2
2198.454 2
2199.455 2
2200.456 2
2201.457 2
2202.458 2
2203.459 2
2204.460 2
2205.461 2
2206.462 2
2207.463 2
2208.464 2
2209.465 2
2210.466 2
2211.467 2
2212.468 2
2213.469 2
2214.470 2
2215.471 2
2216.472 2
2217.473 2
2218.474 2
2219.475 2
2220.476 2
2221.477 2
2222.478 2
2223.479 2
2224.480 2
2225.481 1
2226.482 1
2227.483 1
2228.484 1
2229.485 1
2230.486 1
2231.487 1
2232.488 1
2233.489 1
2234.490 1
2235.490 1
2236.491 1
2237.492 1
2238.493 1
2239.494 1
2240.495 1
2241.496 1
2242.497 1
2243.498 1
2244.499 1
2245.500 1
2246.501 1
2247.502 1
2248.503 1
2249.504 1
2250.505 1
2251.506 1
2252.507 1
