1.950 0.000
2.951 0.642
3.952 0.951
4.953 0.949
5.953 0.949
6.954 0.949
7.955 0.949
8.956 0.949
9.956 0.949
10.957 0.949
11.958 0.949
12.988 0.949
13.988 0.949
14.989 0.949
15.989 0.949
16.990 0.949
17.991 0.949
18.992 0.949
19.992 0.949
20.993 0.949
21.994 0.949
22.995 0.949
23.996 0.949
24.996 0.949
25.997 0.949
26.998 0.949
27.998 0.908
28.999 0.949
30.000 0.949
31.000 0.949
32.001 0.949
33.002 0.949
34.003 0.949
35.004 0.949
36.005 0.949
37.007 0.949
38.008 0.949
39.009 0.949
40.010 0.759
41.011 0.949
42.012 0.949
43.013 0.949
44.014 0.949
45.014 0.949
46.015 0.949
47.016 0.949
48.017 0.949
49.017 0.949
50.018 0.949
51.019 0.949
52.019 0.949
53.020 0.949
54.021 0.949
55.022 0.949
56.023 0.949
57.024 0.949
58.025 0.949
59.026 0.949
60.026 0.949
61.027 0.949
62.028 0.949
63.029 0.949
64.030 0.949
65.031 0.949
66.032 0.949
67.033 0.949
68.034 0.949
69.035 0.949
70.035 0.949
71.036 0.949
72.037 0.949
73.038 0.949
74.039 0.949
75.040 0.949
76.040 0.949
77.041 0.949
78.042 0.949
79.043 0.949
80.044 0.949
81.045 0.949
82.045 0.949
83.046 0.949
84.047 0.949
85.048 0.949
86.049 0.949
87.050 0.949
88.051 0.949
89.051 0.949
90.052 0.949
91.053 0.949
92.054 0.949
93.055 0.949
94.056 0.949
95.057 0.949
96.058 0.949
97.059 0.949
98.060 0.949
99.061 0.949
100.062 0.949
101.063 0.949
102.064 0.949
103.066 0.949
104.067 0.949
105.068 0.949
106.069 0.949
107.070 0.949
108.071 0.949
109.072 0.949
110.073 0.949
111.074 0.949
112.074 0.949
113.075 0.949
114.076 0.949
115.077 0.949
116.078 0.949
117.079 0.949
118.080 0.949
119.080 0.949
120.081 0.949
121.082 0.949
122.083 0.949
123.083 0.949
124.084 0.949
125.085 0.949
126.086 0.949
127.087 0.949
128.088 0.949
129.088 0.949
130.089 0.949
131.090 0.949
132.091 0.949
133.092 0.949
134.092 0.949
135.093 0.949
136.094 0.949
137.204 0.949
138.205 0.949
139.206 0.949
140.207 0.949
141.207 0.949
142.208 0.949
143.209 0.949
144.209 0.949
145.210 0.949
146.211 0.949
147.212 0.949
148.213 0.949
149.214 0.949
150.214 0.949
151.215 0.949
152.216 0.949
153.216 0.949
154.217 0.896
155.218 0.949
156.219 0.949
157.220 0.949
158.221 0.949
159.222 0.949
160.223 0.949
161.223 0.949
162.224 0.949
163.225 0.949
164.226 0.949
165.227 0.949
166.228 0.949
167.228 0.949
168.229 0.949
169.230 0.949
170.231 0.949
171.231 0.949
172.232 0.949
173.233 0.949
174.234 0.949
175.234 0.949
176.235 0.949
177.236 0.949
178.237 0.949
179.238 0.949
180.239 0.949
181.240 0.949
182.240 0.949
183.241 0.949
184.242 0.949
185.243 0.949
186.244 0.949
187.244 0.949
188.245 0.949
189.246 0.949
190.246 0.949
191.247 0.949
192.248 0.949
193.249 0.949
194.250 0.949
195.250 0.949
196.251 0.949
197.252 0.949
198.253 0.949
199.254 0.949
200.255 0.949
201.255 0.949
202.256 0.949
203.257 0.949
204.258 0.949
205.259 0.949
206.259 0.949
207.260 0.949
208.261 0.949
209.262 0.949
210.263 0.949
211.263 0.949
212.264 0.949
213.265 0.949
214.265 0.949
215.266 0.949
216.266 0.949
217.267 0.949
218.268 0.949
219.269 0.949
220.270 0.949
221.270 0.949
222.271 0.949
223.272 0.949
224.272 0.949
225.273 0.949
226.274 0.949
227.275 0.949
228.275 0.949
229.276 0.949
230.277 0.949
231.278 0.949
232.279 0.949
233.279 0.949
234.280 0.949
235.281 0.949
236.281 0.949
237.282 0.949
238.283 0.949
239.283 0.949
240.284 0.949
241.285 0.949
242.286 0.949
243.287 0.949
244.287 0.949
245.288 0.949
246.289 0.949
247.289 0.949
248.290 0.949
249.291 0.949
250.291 0.949
251.292 0.949
252.293 0.949
253.293 0.949
254.294 0.949
255.294 0.949
256.295 0.949
257.296 0.949
258.296 0.949
259.297 0.949
260.297 0.949
261.298 0.949
262.298 0.949
263.299 0.949
264.299 0.949
265.300 0.949
266.300 0.949
267.301 0.949
268.302 0.949
269.302 0.949
270.303 0.949
271.303 0.949
272.304 0.949
273.304 0.949
274.305 0.949
275.306 0.949
276.307 0.949
277.308 0.949
278.309 0.949
279.310 0.949
280.311 0.949
281.311 0.949
282.312 0.949
283.313 0.949
284.313 0.949
285.314 0.949
286.314 0.949
287.315 0.949
288.316 0.949
289.317 0.949
290.318 0.949
291.318 0.949
292.319 0.949
293.320 0.949
294.320 0.949
295.320 0.949
296.321 0.949
297.321 0.949
298.322 0.949
299.323 0.949
300.323 0.949
301.324 0.949
302.325 0.877
303.325 0.949
304.326 0.949
305.327 0.949
306.329 0.949
307.329 0.949
308.330 0.949
309.331 0.949
310.332 0.949
311.333 0.949
312.333 0.949
313.334 0.949
314.334 0.949
315.335 0.949
316.336 0.949
317.337 0.949
318.337 0.949
319.338 0.949
320.339 0.949
321.339 0.949
322.340 0.949
323.341 0.949
324.342 0.949
325.343 0.949
326.343 0.949
327.344 0.949
328.345 0.800
329.345 0.949
330.346 0.949
331.346 0.949
332.347 0.949
333.348 0.949
334.348 0.949
335.349 0.949
336.350 0.949
337.350 0.941
338.351 0.949
339.352 0.949
340.352 0.949
341.353 0.949
342.354 0.949
343.354 0.949
344.355 0.949
345.355 0.949
346.356 0.949
347.357 0.949
348.358 0.949
349.358 0.949
350.359 0.949
351.360 0.949
352.361 0.949
353.362 0.949
354.362 0.949
355.363 0.949
356.364 0.949
357.365 0.949
358.365 0.949
359.367 0.949
360.367 0.949
361.368 0.949
362.369 0.949
363.370 0.949
364.371 0.949
365.372 0.949
366.372 0.949
367.373 0.949
368.374 0.949
369.374 0.949
370.375 0.949
371.376 0.949
372.377 0.949
373.378 0.949
374.379 0.949
375.379 0.949
376.380 0.949
377.380 0.949
378.381 0.949
379.382 0.949
380.382 0.949
381.383 0.949
382.384 0.949
383.385 0.949
384.386 0.949
385.386 0.949
386.387 0.949
387.388 0.949
388.388 0.949
389.389 0.949
390.390 0.949
391.390 0.949
392.392 0.949
393.393 0.949
394.339 0.949
395.339 0.949
396.340 0.949
397.440 0.949
398.441 0.949
399.441 0.949
400.442 0.949
401.442 0.949
402.442 0.949
403.443 0.949
404.443 0.949
405.444 0.949
406.444 0.949
407.445 0.949
408.446 0.949
409.446 0.949
410.446 0.949
411.447 0.949
412.447 0.949
413.448 0.949
414.448 0.949
415.448 0.949
416.449 0.949
417.449 0.949
418.450 0.949
419.451 0.949
420.451 0.949
421.452 0.949
422.452 0.949
423.453 0.949
424.453 0.949
425.454 0.949
426.454 0.949
427.455 0.949
428.456 0.949
429.456 0.949
430.456 0.949
431.457 0.949
432.457 0.949
433.458 0.949
434.458 0.949
435.458 0.949
436.459 0.949
437.459 0.949
438.460 0.949
439.461 0.949
440.462 0.949
441.462 0.947
442.463 0.949
443.463 0.949
444.464 0.949
445.465 0.949
446.466 0.949
447.467 0.949
448.467 0.949
449.468 0.949
450.468 0.949
451.469 0.949
452.470 0.949
453.470 0.949
454.471 0.949
455.472 0.949
456.473 0.836
457.473 0.949
458.474 0.949
459.474 0.949
460.475 0.949
461.476 0.949
462.477 0.949
463.478 0.949
464.479 0.949
465.479 0.949
466.480 0.949
467.480 0.949
468.481 0.949
469.482 0.949
470.482 0.949
471.483 0.949
472.484 0.949
473.484 0.949
474.485 0.949
475.486 0.949
476.486 0.949
477.487 0.949
478.488 0.949
479.488 0.949
480.489 0.949
481.490 0.949
482.491 0.949
483.492 0.949
484.493 0.949
485.493 0.949
486.494 0.949
487.495 0.949
488.496 0.949
489.497 0.949
490.498 0.949
491.498 0.949
492.498 0.949
493.499 0.949
494.499 0.949
495.500 0.949
496.500 0.949
497.500 0.949
498.501 0.949
499.502 0.949
500.502 0.949
501.503 0.949
502.504 0.949
503.504 0.949
504.505 0.949
505.506 0.949
506.507 0.949
507.508 0.949
508.509 0.949
509.510 0.949
510.510 0.949
511.511 0.949
512.512 0.949
513.513 0.949
514.514 0.949
515.515 0.949
516.516 0.949
517.517 0.949
518.518 0.949
519.519 0.949
520.520 0.949
521.520 0.949
522.522 0.949
523.523 0.949
524.524 0.949
525.524 0.949
526.525 0.949
527.526 0.949
528.528 0.949
529.529 0.949
530.530 0.949
531.531 0.949
532.532 0.949
533.533 0.949
534.534 0.949
535.534 0.949
536.535 0.949
537.536 0.949
538.537 0.949
539.538 0.949
540.539 0.949
541.540 0.949
542.541 0.949
543.542 0.949
544.543 0.949
545.544 0.949
546.545 0.949
547.546 0.949
548.547 0.949
549.548 0.949
550.549 0.949
551.550 0.949
552.551 0.949
553.552 0.949
554.553 0.949
555.554 0.949
556.555 0.949
557.556 0.949
558.557 0.949
559.558 0.949
560.559 0.949
561.560 0.949
562.561 0.949
563.562 0.949
564.563 0.949
565.564 0.949
566.565 0.949
567.566 0.949
568.567 0.949
569.568 0.949
570.569 0.949
571.569 0.949
572.571 0.949
573.572 0.949
574.573 0.949
575.574 0.949
576.574 0.949
577.575 0.949
578.576 0.949
579.577 0.949
580.578 0.949
581.579 0.949
582.580 0.949
583.581 0.949
584.582 0.949
585.583 0.949
586.584 0.949
587.585 0.949
588.586 0.949
589.587 0.949
590.588 0.949
591.589 0.949
592.590 0.949
593.591 0.949
594.592 0.949
595.593 0.949
596.594 0.949
597.594 0.949
598.595 0.949
599.596 0.949
600.597 0.949
601.598 0.949
602.600 0.949
603.601 0.949
604.602 0.949
605.603 0.949
606.604 0.949
607.605 0.949
608.606 0.949
609.607 0.949
610.608 0.949
611.609 0.949
612.610 0.949
613.611 0.949
614.612 0.949
615.613 0.949
616.614 0.949
617.616 0.949
618.617 0.949
619.618 0.949
620.619 0.949
621.620 0.949
622.620 0.949
623.621 0.949
624.622 0.949
625.623 0.949
626.624 0.949
627.626 0.949
628.627 0.949
629.628 0.949
630.629 0.949
631.630 0.949
632.631 0.949
633.632 0.949
634.633 0.949
635.634 0.949
636.635 0.949
637.636 0.949
638.638 0.949
639.639 0.949
640.640 0.949
641.641 0.949
642.642 0.949
643.642 0.949
644.643 0.949
645.644 0.933
646.645 0.949
647.646 0.949
648.647 0.949
649.648 0.949
650.649 0.910
651.651 0.949
652.651 0.949
653.652 0.875
654.653 0.949
655.654 0.949
656.655 0.949
657.656 0.949
658.657 0.949
659.658 0.949
660.659 0.949
661.660 0.949
662.661 0.949
663.662 0.949
664.663 0.949
665.664 0.949
666.665 0.949
667.666 0.949
668.667 0.949
669.667 0.949
670.669 0.949
671.669 0.949
672.670 0.949
673.672 0.949
674.672 0.949
675.673 0.949
676.674 0.949
677.675 0.949
678.676 0.949
679.677 0.949
680.678 0.949
681.679 0.949
682.680 0.949
683.681 0.894
684.681 0.949
685.682 0.949
686.683 0.949
687.684 0.949
688.685 0.949
689.686 0.949
690.687 0.949
691.689 0.949
692.690 0.949
693.690 0.949
694.691 0.949
695.692 0.949
696.693 0.949
697.693 0.949
698.694 0.949
699.695 0.949
700.697 0.949
701.698 0.949
702.699 0.949
703.699 0.949
704.700 0.949
705.702 0.949
706.702 0.949
707.703 0.949
708.704 0.949
709.705 0.949
710.706 0.949
711.707 0.949
712.708 0.949
713.708 0.949
714.710 0.949
715.711 0.949
716.712 0.949
717.714 0.949
718.715 0.949
719.716 0.949
720.717 0.949
721.718 0.949
722.719 0.935
723.720 0.949
724.721 0.949
725.722 0.949
726.723 0.949
727.724 0.949
728.725 0.949
729.726 0.949
730.727 0.949
731.728 0.949
732.729 0.949
733.730 0.949
734.730 0.949
735.731 0.949
736.732 0.949
737.733 0.949
738.734 0.949
739.735 0.949
740.736 0.949
741.737 0.949
742.738 0.949
743.739 0.949
744.740 0.949
745.741 0.949
746.742 0.949
747.743 0.949
748.744 0.949
749.744 0.949
750.746 0.949
751.746 0.949
752.748 0.949
753.748 0.949
754.749 0.949
755.750 0.949
756.751 0.628
757.752 0.949
758.753 0.949
759.754 0.949
760.755 0.949
761.756 0.949
762.757 0.949
763.758 0.949
764.759 0.949
765.759 0.949
766.760 0.949
767.761 0.949
768.762 0.949
769.763 0.949
770.764 0.949
771.767 0.949
772.768 0.949
773.769 0.949
774.770 0.949
775.771 0.949
776.772 0.949
777.773 0.949
778.774 0.949
779.775 0.949
780.776 0.949
781.777 0.949
782.778 0.949
783.779 0.949
784.779 0.949
785.780 0.949
786.781 0.949
787.782 0.949
788.784 0.949
789.786 0.947
790.787 0.939
791.888 0.802
792.888 0.949
793.889 0.949
794.890 0.949
795.892 0.949
796.893 0.949
797.894 0.949
798.895 0.949
799.896 0.949
800.897 0.949
801.898 0.949
802.899 0.949
803.900 0.949
804.901 0.949
805.901 0.949
806.902 0.949
807.903 0.949
808.904 0.949
809.905 0.949
810.906 0.949
811.907 0.949
812.908 0.949
813.909 0.949
814.910 0.949
815.911 0.949
816.912 0.949
817.913 0.949
818.914 0.949
819.915 0.949
820.916 0.949
821.917 0.949
822.918 0.949
823.919 0.949
824.920 0.949
825.921 0.949
826.922 0.949
827.922 0.949
828.924 0.949
829.925 0.949
830.925 0.949
831.926 0.949
832.927 0.949
833.928 0.949
834.930 0.949
835.931 0.949
836.932 0.949
837.933 0.949
838.934 0.949
839.935 0.949
840.936 0.949
841.937 0.949
842.938 0.949
843.938 0.949
844.939 0.949
845.940 0.949
846.941 0.949
847.942 0.949
848.943 0.949
849.945 0.922
851.046 0.767
851.947 0.949
852.948 0.949
853.949 0.949
854.950 0.949
855.951 0.949
856.952 0.949
857.952 0.949
858.953 0.949
859.954 0.949
861.056 0.949
861.956 0.949
863.057 0.949
864.058 0.949
864.959 0.949
865.962 0.949
866.962 0.949
867.963 0.949
868.964 0.949
869.965 0.949
870.967 0.949
871.968 0.949
872.968 0.949
873.969 0.949
874.970 0.949
875.971 0.949
876.972 0.949
878.073 0.949
879.074 0.949
880.075 0.949
881.076 0.949
882.077 0.949
883.078 0.949
884.078 0.949
885.079 0.949
886.080 0.949
887.081 0.949
888.082 0.949
889.083 0.949
890.084 0.949
891.085 0.949
892.086 0.949
893.087 0.949
894.088 0.949
895.088 0.949
896.089 0.949
897.090 0.949
898.091 0.949
899.092 0.949
900.093 0.949
901.094 0.949
902.095 0.949
903.096 0.949
904.097 0.949
905.098 0.949
906.099 0.949
907.000 0.949
908.001 0.949
909.002 0.949
910.003 0.949
911.004 0.949
912.005 0.949
913.006 0.949
914.007 0.949
915.008 0.949
916.008 0.949
917.009 0.949
918.010 0.949
919.011 0.949
920.012 0.949
921.013 0.949
922.014 0.949
923.014 0.949
924.015 0.949
925.016 0.949
926.017 0.949
927.018 0.949
928.019 0.949
929.020 0.949
930.021 0.949
931.022 0.949
932.023 0.949
933.024 0.949
934.025 0.949
935.026 0.949
936.027 0.949
937.028 0.949
938.029 0.949
939.030 0.949
940.031 0.949
941.031 0.949
942.033 0.949
943.034 0.949
944.035 0.949
945.036 0.949
946.037 0.949
947.038 0.949
948.039 0.949
949.040 0.949
950.041 0.949
951.042 0.949
952.043 0.949
953.044 0.949
954.045 0.949
955.046 0.949
956.046 0.949
957.047 0.949
958.049 0.949
959.049 0.949
960.050 0.949
961.051 0.949
962.052 0.949
963.053 0.949
964.054 0.949
965.055 0.949
966.056 0.949
967.057 0.949
968.058 0.949
969.059 0.949
970.060 0.949
971.061 0.949
972.062 0.949
973.063 0.949
974.064 0.949
975.065 0.949
976.065 0.949
977.066 0.949
978.067 0.949
979.069 0.898
980.170 0.755
981.171 0.718
982.572 0.730
983.573 0.748
984.713 0.779
985.814 0.922
986.514 0.904
987.515 0.949
988.516 0.949
989.517 0.949
990.518 0.949
991.519 0.949
992.520 0.949
993.521 0.949
994.523 0.949
995.524 0.949
996.525 0.949
997.526 0.949
998.526 0.949
999.527 0.949
1000.529 0.949
1001.530 0.949
1002.531 0.949
1003.531 0.949
1004.532 0.949
1005.533 0.949
1006.534 0.949
1007.535 0.949
1008.535 0.949
1009.537 0.949
1010.538 0.949
1011.539 0.949
1012.540 0.949
1013.541 0.949
1014.541 0.949
1015.542 0.949
1016.643 0.802
1017.544 0.701
1018.645 0.804
1019.646 0.947
1020.647 0.949
1021.648 0.949
1022.649 0.949
1023.650 0.718
1024.651 0.949
1025.652 0.949
1026.653 0.949
1027.655 0.949
1028.756 0.949
1029.757 0.949
1030.758 0.949
1031.759 0.949
1032.760 0.949
1033.762 0.949
1034.763 0.949
1035.764 0.949
1036.765 0.949
1037.767 0.949
1038.769 0.949
1039.770 0.949
1040.771 0.949
1041.772 0.949
1042.773 0.949
1043.775 0.949
1044.776 0.949
1045.777 0.949
1046.779 0.949
1047.780 0.949
1048.781 0.949
1049.782 0.949
1050.783 0.949
1051.785 0.949
1052.786 0.949
1053.787 0.949
1054.788 0.949
1055.789 0.949
1056.791 0.894
1057.792 0.949
1058.794 0.949
1059.795 0.949
1060.796 0.949
1061.797 0.949
1062.799 0.949
1063.800 0.949
1064.801 0.949
1065.802 0.949
1066.805 0.949
1067.806 0.949
1068.807 0.949
1069.808 0.949
1070.810 0.949
1071.811 0.949
1072.771 0.861
1073.772 0.949
1074.773 0.949
1075.775 0.949
1076.776 0.949
1077.777 0.949
1078.778 0.949
1079.780 0.949
1080.781 0.949
1081.783 0.949
1082.784 0.949
1083.785 0.949
1084.787 0.949
1085.788 0.949
1086.790 0.949
1087.791 0.949
1088.792 0.949
1089.793 0.949
1090.794 0.949
1091.796 0.949
1092.797 0.949
1093.798 0.949
1094.799 0.949
1095.801 0.949
1096.802 0.949
1097.804 0.949
1098.805 0.949
1099.806 0.949
1100.807 0.949
1101.809 0.949
1102.810 0.949
1103.812 0.949
1104.813 0.949
1105.814 0.949
1106.816 0.949
1107.817 0.949
1108.818 0.949
1109.819 0.949
1110.820 0.949
1111.822 0.949
1112.823 0.949
1113.824 0.949
1114.825 0.949
1115.827 0.949
1116.828 0.949
1117.829 0.949
1118.830 0.949
1119.832 0.949
1120.833 0.949
1121.835 0.949
1122.836 0.949
1123.837 0.949
1124.839 0.949
1125.840 0.949
1126.841 0.949
1127.843 0.949
1128.844 0.949
1129.845 0.949
1130.847 0.949
1131.848 0.949
1132.849 0.949
1133.850 0.949
1134.851 0.920
1135.853 0.949
1136.854 0.949
1137.856 0.949
1138.857 0.949
1139.858 0.949
1140.859 0.935
1141.860 0.777
1142.862 0.949
1143.864 0.949
1144.865 0.949
1145.867 0.949
1146.868 0.949
1147.869 0.949
1148.871 0.949
1149.872 0.949
1150.874 0.949
1151.875 0.949
1152.876 0.949
1153.877 0.949
1154.878 0.949
1155.879 0.949
1156.881 0.949
1157.882 0.949
1158.883 0.949
1159.885 0.949
1160.886 0.949
1161.888 0.949
1162.889 0.947
1163.890 0.912
1164.891 0.718
1165.993 0.744
1166.894 0.832
1167.895 0.945
1168.896 0.949
1169.897 0.949
1170.898 0.949
1171.899 0.949
1172.901 0.949
1173.902 0.949
1174.903 0.949
1175.904 0.949
1176.906 0.949
1177.907 0.949
1178.908 0.949
1179.909 0.949
1180.911 0.949
1182.112 0.947
1182.913 0.894
1183.915 0.949
1184.916 0.949
1185.917 0.949
1186.918 0.949
1187.919 0.949
1188.921 0.949
1189.922 0.949
1190.923 0.949
1191.924 0.949
1192.925 0.949
1193.926 0.949
1194.928 0.949
1195.929 0.949
1196.930 0.949
1197.931 0.949
1198.932 0.949
1200.034 0.949
1200.935 0.949
1201.937 0.949
1202.938 0.949
1203.939 0.949
1204.940 0.949
1205.941 0.949
1206.943 0.949
1207.944 0.767
1208.945 0.949
1209.948 0.949
1210.949 0.949
1211.952 0.949
1212.956 0.949
1213.957 0.949
1214.958 0.949
1215.960 0.949
1216.961 0.949
1217.962 0.949
1218.963 0.949
1219.965 0.949
1220.966 0.949
1221.967 0.949
1222.969 0.949
1223.970 0.949
1224.971 0.949
1225.973 0.949
1226.975 0.949
1227.976 0.949
1228.977 0.949
1229.979 0.949
1230.980 0.949
1231.981 0.949
1232.983 0.949
1233.984 0.949
1234.985 0.949
1235.986 0.949
1236.988 0.949
1237.989 0.949
1238.994 0.949
1239.996 0.949
1240.997 0.949
1241.998 0.949
1243.000 0.949
1244.002 0.949
1245.003 0.949
1246.004 0.949
1247.005 0.949
1248.007 0.949
1249.008 0.949
1250.009 0.949
1251.010 0.949
1252.012 0.949
1253.014 0.949
1254.016 0.949
1255.017 0.949
1256.018 0.949
1257.020 0.949
1258.022 0.949
1259.023 0.949
1260.024 0.949
1261.025 0.949
1262.026 0.949
1263.027 0.949
1264.029 0.904
1265.030 0.949
1266.031 0.949
1267.032 0.871
1268.033 0.949
1269.035 0.949
1270.036 0.949
1271.037 0.949
1272.039 0.949
1273.040 0.949
1274.141 0.949
1275.143 0.949
1276.144 0.949
1277.145 0.949
1278.146 0.949
1279.147 0.949
1280.149 0.904
1281.150 0.949
1282.151 0.949
1283.153 0.949
1284.154 0.949
1285.156 0.949
1286.157 0.949
1287.158 0.949
1288.159 0.949
1289.160 0.949
1290.161 0.949
1291.163 0.949
1292.164 0.949
1293.165 0.949
1294.167 0.949
1295.168 0.949
1296.169 0.949
1297.170 0.949
1298.172 0.949
1299.173 0.949
1300.174 0.949
1301.175 0.949
1302.177 0.949
1303.178 0.949
1304.179 0.949
1305.180 0.949
1306.182 0.949
1307.183 0.949
1308.185 0.949
1309.186 0.949
1310.187 0.949
1311.188 0.949
1312.190 0.949
1313.191 0.949
1314.192 0.949
1315.193 0.949
1316.295 0.945
1317.196 0.947
1318.197 0.949
1319.198 0.949
1320.199 0.949
1321.201 0.949
1322.202 0.949
1323.204 0.949
1324.205 0.949
1325.206 0.949
1326.307 0.949
1327.396 0.949
1328.397 0.949
1329.398 0.949
1330.399 0.949
1331.400 0.949
1332.402 0.949
1333.403 0.949
1334.404 0.949
1335.406 0.949
1336.407 0.949
1337.408 0.949
1338.410 0.949
1339.411 0.949
1340.413 0.949
1341.414 0.949
1342.415 0.949
1343.416 0.949
1344.417 0.949
1345.419 0.949
1346.420 0.949
1347.422 0.949
1348.423 0.949
1349.425 0.949
1350.426 0.949
1351.427 0.949
1352.429 0.949
1353.430 0.949
1354.431 0.949
1355.432 0.949
1356.433 0.949
1357.435 0.949
1358.436 0.949
1359.437 0.949
1360.438 0.949
1361.440 0.949
1362.441 0.949
1363.442 0.949
1364.443 0.949
1365.445 0.949
1366.446 0.949
1367.447 0.949
1368.448 0.949
1369.449 0.949
1370.450 0.949
1371.452 0.949
1372.453 0.949
1373.454 0.949
1374.455 0.949
1375.457 0.949
1376.458 0.949
1377.459 0.949
1378.461 0.949
1379.462 0.949
1380.463 0.949
1381.465 0.949
1382.466 0.949
1383.468 0.949
1384.469 0.949
1385.470 0.949
1386.471 0.949
1387.472 0.949
1388.474 0.949
1389.475 0.949
1390.476 0.949
1391.477 0.949
1392.478 0.949
1393.479 0.949
1394.480 0.949
1395.481 0.949
1396.483 0.949
1397.484 0.949
1398.485 0.949
1399.486 0.949
1400.487 0.949
1401.488 0.949
1402.490 0.949
1403.491 0.949
1404.493 0.949
1405.494 0.949
1406.496 0.949
1407.497 0.949
1408.498 0.949
1409.499 0.949
1410.500 0.949
1411.502 0.949
1412.503 0.949
1413.504 0.949
1414.505 0.949
1415.506 0.949
1416.507 0.949
1417.508 0.949
1418.510 0.949
1419.511 0.949
1420.512 0.949
1421.513 0.949
1422.515 0.949
1423.517 0.949
1424.518 0.949
1425.520 0.949
1426.521 0.949
1427.523 0.949
1428.524 0.949
1429.525 0.949
1430.526 0.949
1431.527 0.949
1432.528 0.949
1433.530 0.949
1434.531 0.949
1435.532 0.949
1436.533 0.949
1437.534 0.949
1438.536 0.949
1439.537 0.949
1440.538 0.949
1441.539 0.949
1442.540 0.949
1443.541 0.949
1444.542 0.949
1445.543 0.949
1446.545 0.949
1447.546 0.949
1448.547 0.949
1449.548 0.949
1450.549 0.949
1451.550 0.949
1452.551 0.949
1453.552 0.949
1454.553 0.949
1455.555 0.949
1456.556 0.949
1457.557 0.949
1458.558 0.949
1459.559 0.949
1460.560 0.949
1461.561 0.949
1462.563 0.949
1463.564 0.949
1464.565 0.949
1465.566 0.949
1466.567 0.949
1467.568 0.949
1468.570 0.949
1469.571 0.949
1470.572 0.949
1471.574 0.949
1472.575 0.949
1473.576 0.949
1474.578 0.949
1475.580 0.949
1476.581 0.949
1477.582 0.949
1478.583 0.949
1479.585 0.949
1480.586 0.949
1481.587 0.949
1482.589 0.945
1483.590 0.939
1484.591 0.949
1485.592 0.949
1486.593 0.949
1487.596 0.949
1488.597 0.949
1489.598 0.949
1490.600 0.949
1491.601 0.949
1492.602 0.949
1493.604 0.949
1494.605 0.949
1495.606 0.949
1496.607 0.949
1497.608 0.949
1498.610 0.949
1499.611 0.949
1500.612 0.949
1501.614 0.949
1502.615 0.949
1503.616 0.949
1504.617 0.949
1505.618 0.949
1506.619 0.949
1507.620 0.947
1508.621 0.751
1509.622 0.740
1510.624 0.875
1511.625 0.949
1512.626 0.949
1513.627 0.949
1514.628 0.949
1515.629 0.949
1516.630 0.949
1517.631 0.949
1518.633 0.949
1519.634 0.949
1520.635 0.949
1521.636 0.949
1522.637 0.949
1523.638 0.949
1524.639 0.949
1525.641 0.949
1526.642 0.949
1527.643 0.949
1528.644 0.949
1529.645 0.949
1530.646 0.949
1531.647 0.949
1532.649 0.949
1533.650 0.949
1534.651 0.949
1535.653 0.949
1536.654 0.949
1537.655 0.949
1538.656 0.949
1539.658 0.949
1540.659 0.949
1541.661 0.949
1542.662 0.949
1543.663 0.949
1544.664 0.949
1545.665 0.949
1546.667 0.949
1547.668 0.949
1548.670 0.949
1549.671 0.949
1550.672 0.949
1551.674 0.949
1552.675 0.949
1553.676 0.949
1554.677 0.949
1555.679 0.949
1556.680 0.949
1557.681 0.949
1558.682 0.949
1559.683 0.949
1560.685 0.949
1561.686 0.949
1562.687 0.949
1563.688 0.949
1564.690 0.949
1565.691 0.949
1566.692 0.949
1567.694 0.949
1568.695 0.949
1569.696 0.949
1570.697 0.949
1571.698 0.949
1572.700 0.949
1573.701 0.949
1574.702 0.949
1575.703 0.949
1576.705 0.949
1577.706 0.932
1578.707 0.949
1579.708 0.949
1580.710 0.828
1581.711 0.949
1582.712 0.949
1583.714 0.949
1584.714 0.949
1585.716 0.949
1586.717 0.949
1587.718 0.949
1588.719 0.949
1589.720 0.949
1590.722 0.949
1591.723 0.949
1592.724 0.949
1593.725 0.949
1594.726 0.949
1595.728 0.949
1596.729 0.949
1597.730 0.949
1598.731 0.949
1599.733 0.949
1600.734 0.949
1601.736 0.922
1602.737 0.949
1603.739 0.949
1604.740 0.949
1605.741 0.949
1606.742 0.949
1607.744 0.949
1608.745 0.949
1609.747 0.949
1610.748 0.949
1611.749 0.949
1612.751 0.939
1613.752 0.947
1614.753 0.949
1615.754 0.949
1616.755 0.908
1617.757 0.949
1618.758 0.949
1619.760 0.949
1620.761 0.949
1621.762 0.949
1622.764 0.949
1623.766 0.949
1624.767 0.949
1625.769 0.949
1626.771 0.949
1627.772 0.949
1628.773 0.949
1629.775 0.949
1630.776 0.949
1631.777 0.949
1632.778 0.949
1633.779 0.949
1634.781 0.949
1635.782 0.949
1636.783 0.949
1637.784 0.949
1638.786 0.949
1639.787 0.949
1640.788 0.949
1641.789 0.949
1642.791 0.949
1643.793 0.949
1644.794 0.949
1645.795 0.949
1646.796 0.949
1647.797 0.949
1648.799 0.949
1649.801 0.949
1650.802 0.949
1651.803 0.949
1652.805 0.949
1653.806 0.949
1654.807 0.949
1655.809 0.949
1656.810 0.949
1657.811 0.949
1658.813 0.949
1659.814 0.949
1660.815 0.949
1661.817 0.949
1662.818 0.949
1663.819 0.949
1664.820 0.949
1665.822 0.949
1666.823 0.949
1667.824 0.949
1668.825 0.949
1669.826 0.949
1670.828 0.949
1671.829 0.949
1672.830 0.949
1673.831 0.949
1674.832 0.949
1675.834 0.949
1676.835 0.949
1677.837 0.949
1678.838 0.949
1679.839 0.949
1680.841 0.949
1681.842 0.949
1682.844 0.949
1683.845 0.949
1684.846 0.949
1685.847 0.949
1686.848 0.949
1687.849 0.949
1688.851 0.949
1689.852 0.949
1690.853 0.949
1691.854 0.949
1692.855 0.949
1693.856 0.949
1694.857 0.949
1695.859 0.949
1696.860 0.949
1697.862 0.949
1698.863 0.949
1699.864 0.949
1700.865 0.949
1701.867 0.949
1702.868 0.949
1703.869 0.949
1704.871 0.949
1705.872 0.949
1706.874 0.949
1707.875 0.949
1708.876 0.949
1709.877 0.949
1710.878 0.949
1711.880 0.949
1712.881 0.949
1713.882 0.949
1714.884 0.949
1715.885 0.949
1716.886 0.949
1717.887 0.949
1718.888 0.949
1719.889 0.949
1720.891 0.949
1721.892 0.949
1722.893 0.949
1723.894 0.949
1724.896 0.949
1725.897 0.949
1726.898 0.949
1727.900 0.949
1728.901 0.949
1729.902 0.949
1730.903 0.949
1731.904 0.949
1732.906 0.949
1733.906 0.949
1734.908 0.949
1735.909 0.949
1736.911 0.949
1737.912 0.949
1738.913 0.949
1739.914 0.949
1740.916 0.949
1741.917 0.949
1742.918 0.949
1743.919 0.949
1744.921 0.949
1745.922 0.949
1746.923 0.949
1747.925 0.949
1748.926 0.949
1749.927 0.949
1750.928 0.949
1751.930 0.949
1752.931 0.949
1753.932 0.949
1754.933 0.949
1755.935 0.949
1756.936 0.949
1757.938 0.949
1758.939 0.949
1759.940 0.949
1760.941 0.949
1761.942 0.949
1762.944 0.949
1763.945 0.949
1764.947 0.949
1765.948 0.949
1766.949 0.949
1767.951 0.949
1768.952 0.949
1769.953 0.949
1770.954 0.949
1771.956 0.949
1772.957 0.949
1773.958 0.949
1774.959 0.949
1775.961 0.949
1776.962 0.949
1777.963 0.949
1778.964 0.949
1779.966 0.949
1780.967 0.949
1781.968 0.949
1782.969 0.949
1783.970 0.949
1784.971 0.949
1785.973 0.949
1786.974 0.949
1787.975 0.949
1788.976 0.949
1789.978 0.949
1790.979 0.949
1791.980 0.949
1792.982 0.949
1793.983 0.949
1794.984 0.949
1795.985 0.949
1796.987 0.949
1797.988 0.949
1798.989 0.949
1799.990 0.949
1800.991 0.949
1801.992 0.949
1802.993 0.949
1803.995 0.949
1804.996 0.949
1805.997 0.949
1806.998 0.949
1808.000 0.947
1809.001 0.734
1810.002 0.949
1811.003 0.949
1812.005 0.949
1813.006 0.949
1814.007 0.949
1815.008 0.949
1816.010 0.949
1817.011 0.949
1818.012 0.949
1819.014 0.949
1820.015 0.949
1821.016 0.949
1822.017 0.949
1823.019 0.949
1824.020 0.949
1825.021 0.949
1826.022 0.949
1827.023 0.949
1828.025 0.906
1829.026 0.949
1830.027 0.949
1831.029 0.935
1832.030 0.949
1833.031 0.949
1834.033 0.949
1835.034 0.949
1836.035 0.949
1837.036 0.949
1838.037 0.949
1839.039 0.949
1840.040 0.949
1841.046 0.949
1842.047 0.949
1843.049 0.949
1844.050 0.949
1845.052 0.949
1846.053 0.949
1847.054 0.949
1848.055 0.949
1849.057 0.949
1850.058 0.949
1851.059 0.949
1852.060 0.949
1853.061 0.949
1854.062 0.949
1855.063 0.949
1856.064 0.949
1857.066 0.949
1858.067 0.949
1859.068 0.949
1860.069 0.949
1861.071 0.949
1862.072 0.949
1863.073 0.949
1864.075 0.949
1865.076 0.949
1866.077 0.949
1867.079 0.949
1868.080 0.949
1869.081 0.949
1870.082 0.949
1871.083 0.949
1872.085 0.949
1873.086 0.949
1874.089 0.949
1875.090 0.949
1876.091 0.949
1877.092 0.949
1878.094 0.789
1879.095 0.949
1880.096 0.949
1881.098 0.937
1882.099 0.949
1883.100 0.949
1884.101 0.949
1885.102 0.949
1886.104 0.949
1887.106 0.949
1888.107 0.949
1889.109 0.949
1890.110 0.949
1891.111 0.949
1892.112 0.949
1893.114 0.949
1894.115 0.949
1895.116 0.949
1896.117 0.949
1897.118 0.949
1898.120 0.949
1899.121 0.949
1900.122 0.949
1901.124 0.949
1902.125 0.949
1903.126 0.949
1904.128 0.949
1905.129 0.949
1906.130 0.949
1907.131 0.949
1908.133 0.949
1909.135 0.949
1910.136 0.949
1911.137 0.949
1912.138 0.949
1913.139 0.857
1914.141 0.949
1915.142 0.949
1916.144 0.947
1917.092 0.918
1918.138 0.949
1919.139 0.949
1920.140 0.949
1921.141 0.949
1922.142 0.949
1923.143 0.949
1924.145 0.945
1925.146 0.949
1926.148 0.949
1927.149 0.861
1928.150 0.949
1929.152 0.949
1930.153 0.949
1931.154 0.949
1932.155 0.949
1933.157 0.949
1934.158 0.949
1935.163 0.949
1936.164 0.949
1937.165 0.949
1938.166 0.949
1939.167 0.949
1940.169 0.949
1941.170 0.949
1942.171 0.949
1943.172 0.949
1944.173 0.949
1945.174 0.949
1946.176 0.949
1947.177 0.949
1948.178 0.949
1949.180 0.949
1950.181 0.949
1951.182 0.949
1952.183 0.949
1953.185 0.949
1954.186 0.949
1955.187 0.949
1956.188 0.949
1957.190 0.949
1958.191 0.949
1959.192 0.865
1960.193 0.949
1961.194 0.949
1962.195 0.949
1963.197 0.949
1964.198 0.949
1965.200 0.949
1966.201 0.949
1967.202 0.949
1968.203 0.949
1969.204 0.949
1970.205 0.949
1971.207 0.949
1972.208 0.949
1973.209 0.949
1974.211 0.949
1975.212 0.949
1976.213 0.949
1977.214 0.949
1978.215 0.949
1979.216 0.949
1980.217 0.949
1981.218 0.949
1982.219 0.949
1983.221 0.949
1984.222 0.949
1985.224 0.949
1986.225 0.949
1987.226 0.949
1988.227 0.949
1989.229 0.949
1990.230 0.949
1991.232 0.949
1992.233 0.949
1993.234 0.949
1994.235 0.949
1995.237 0.949
1996.238 0.949
1997.240 0.949
1998.241 0.949
1999.242 0.949
2000.243 0.949
2001.244 0.949
2002.245 0.949
2003.247 0.949
2004.248 0.949
2005.250 0.949
2006.251 0.949
2007.252 0.949
2008.253 0.949
2009.254 0.949
2010.256 0.949
2011.257 0.949
2012.258 0.949
2013.259 0.949
2014.260 0.949
2015.262 0.949
2016.263 0.949
2017.265 0.949
2018.266 0.949
2019.267 0.949
2020.268 0.902
2021.269 0.949
2022.271 0.949
2023.271 0.949
2024.273 0.949
2025.274 0.949
2026.275 0.949
2027.277 0.949
2028.279 0.949
2029.281 0.949
2030.282 0.949
2031.283 0.861
2032.284 0.949
2033.286 0.949
2034.287 0.949
2035.288 0.949
2036.289 0.949
2037.291 0.949
2038.292 0.949
2039.293 0.949
2040.294 0.949
2041.295 0.949
2042.297 0.949
2043.298 0.949
2044.299 0.949
2045.300 0.949
2046.302 0.949
2047.303 0.949
2048.304 0.949
2049.305 0.949
2050.306 0.949
2051.307 0.949
2052.308 0.949
2053.309 0.949
2054.310 0.949
2055.311 0.949
2056.312 0.949
2057.313 0.949
2058.314 0.949
2059.315 0.949
2060.316 0.949
2061.317 0.949
2062.318 0.949
2063.319 0.949
2064.320 0.949
2065.321 0.949
2066.322 0.949
2067.323 0.928
2068.323 0.949
2069.324 0.949
2070.325 0.949
2071.326 0.949
2072.327 0.949
2073.328 0.949
2074.329 0.949
2075.330 0.949
2076.331 0.949
2077.332 0.949
2078.333 0.949
2079.334 0.949
2080.335 0.949
2081.336 0.949
2082.337 0.949
2083.339 0.949
2084.340 0.949
2085.341 0.949
2086.342 0.949
2087.343 0.949
2088.344 0.949
2089.345 0.949
2090.346 0.949
2091.347 0.949
2092.348 0.949
2093.349 0.949
2094.350 0.949
2095.351 0.949
2096.352 0.949
2097.353 0.949
2098.354 0.949
2099.355 0.949
2100.356 0.949
2101.357 0.949
2102.358 0.949
2103.359 0.949
2104.360 0.949
2105.361 0.949
2106.362 0.949
2107.363 0.949
2108.364 0.949
2109.365 0.949
2110.365 0.949
2111.366 0.949
2112.367 0.949
2113.368 0.949
2114.369 0.949
2115.370 0.949
2116.371 0.949
2117.372 0.949
2118.373 0.949
2119.375 0.949
2120.376 0.949
2121.377 0.949
2122.378 0.949
2123.379 0.949
2124.380 0.949
2125.381 0.949
2126.382 0.949
2127.383 0.949
2128.384 0.949
2129.385 0.949
2130.386 0.949
2131.387 0.949
2132.388 0.949
2133.389 0.949
2134.390 0.949
2135.391 0.949
2136.392 0.949
2137.393 0.949
2138.394 0.949
2139.396 0.949
2140.397 0.949
2141.398 0.949
2142.399 0.949
2143.400 0.949
2144.401 0.949
2145.402 0.949
2146.403 0.949
2147.404 0.949
2148.405 0.949
2149.406 0.949
2150.406 0.949
2151.407 0.949
2152.408 0.949
2153.409 0.949
2154.410 0.920
2155.411 0.949
2156.412 0.949
2157.413 0.949
2158.414 0.949
2159.415 0.949
2160.416 0.949
2161.417 0.949
2162.418 0.933
2163.419 0.949
2164.420 0.949
2165.421 0.949
2166.422 0.949
2167.423 0.949
2168.424 0.949
2169.425 0.949
2170.427 0.949
2171.428 0.949
2172.429 0.949
2173.430 0.949
2174.431 0.949
2175.432 0.949
2176.433 0.924
2177.434 0.949
2178.435 0.949
2179.436 0.949
2180.437 0.949
2181.438 0.890
2182.439 0.949
2183.440 0.949
2184.441 0.949
2185.442 0.949
2186.443 0.949
2187.444 0.949
2188.445 0.949
2189.446 0.949
2190.447 0.949
2191.448 0.949
2192.448 0.949
2193.449 0.949
2194.450 0.949
2195.451 0.949
2196.452 0.949
2197.453 0.949
2198.454 0.949
2199.455 0.949
2200.456 0.949
2201.457 0.949
2202.458 0.949
2203.459 0.949
2204.460 0.949
2205.461 0.949
2206.462 0.949
2207.463 0.949
2208.464 0.949
2209.465 0.949
2210.466 0.949
2211.467 0.949
2212.468 0.949
2213.469 0.949
2214.470 0.949
2215.471 0.949
2216.472 0.949
2217.473 0.949
2218.474 0.949
2219.475 0.949
2220.476 0.949
2221.477 0.949
2222.478 0.949
2223.479 0.949
2224.480 0.896
2225.481 0.949
2226.482 0.949
2227.483 0.949
2228.484 0.949
2229.485 0.949
2230.486 0.949
2231.487 0.949
2232.488 0.949
2233.489 0.949
2234.490 0.949
2235.490 0.949
2236.491 0.949
2237.492 0.949
2238.493 0.949
2239.494 0.949
2240.495 0.949
2241.496 0.949
2242.497 0.949
2243.498 0.949
2244.499 0.949
2245.500 0.949
2246.501 0.949
2247.502 0.949
2248.503 0.949
2249.504 0.949
2250.505 0.949
2251.506 0.949
2252.507 0.773
