1.140 0
2.237 5
3.269 7
4.281 7
5.286 7
6.291 7
7.295 7
8.300 7
9.305 7
10.310 7
11.315 7
12.319 7
13.322 7
14.326 8
15.329 8
16.333 8
17.337 8
18.340 8
19.344 8
20.349 8
21.352 8
22.354 8
23.357 8
24.363 8
25.371 8
26.377 9
27.381 10
28.387 10
29.392 10
30.396 10
31.400 10
32.403 10
33.406 10
34.410 10
35.413 10
36.417 10
37.420 10
38.424 10
39.429 12
40.432 12
41.436 12
42.439 12
43.442 12
44.446 12
45.448 12
46.452 12
47.455 12
48.461 12
49.466 12
50.471 12
51.477 12
52.485 12
53.492 12
54.500 12
55.507 12
56.515 12
57.521 12
58.526 12
59.533 12
60.540 12
61.547 12
62.553 12
63.560 12
64.566 12
65.572 12
66.577 13
67.583 13
68.589 13
69.596 13
70.603 13
71.610 13
72.618 13
73.624 13
74.631 13
75.638 13
76.645 13
77.653 13
78.660 13
79.667 13
80.675 13
81.680 13
82.687 13
83.692 14
84.698 14
85.707 14
86.715 14
87.721 14
88.731 14
89.739 14
90.745 14
91.754 14
92.761 14
93.768 14
94.775 14
95.782 14
96.789 14
97.796 14
98.803 14
99.809 14
100.816 14
101.824 14
102.833 14
103.842 14
104.851 14
105.860 14
106.868 14
107.875 14
108.883 14
109.891 14
110.900 14
111.909 14
112.917 14
113.924 14
114.931 14
115.937 14
116.943 14
117.948 14
118.954 14
119.959 14
120.965 14
121.971 14
122.977 14
123.982 14
124.988 14
125.994 16
126.999 17
128.003 17
129.006 17
130.010 17
131.014 17
132.019 17
133.025 17
134.030 17
135.038 17
136.045 17
137.053 17
138.061 17
139.067 17
140.071 17
141.076 17
142.080 17
143.085 17
144.089 17
145.094 17
146.099 17
147.107 17
148.115 17
149.119 17
150.124 17
151.128 17
152.131 17
153.133 17
154.141 18
155.148 18
156.155 18
157.162 18
158.169 18
159.176 18
160.183 18
161.190 18
162.198 18
163.205 18
164.212 18
165.219 18
166.226 18
167.232 18
168.236 18
169.239 18
170.242 18
171.244 18
172.247 18
173.249 18
174.251 18
175.254 18
176.256 18
177.259 18
178.261 18
179.264 18
180.266 18
181.269 18
182.271 18
183.274 18
184.276 18
185.279 18
186.281 18
187.284 18
188.287 18
189.293 18
190.299 18
191.305 18
192.312 18
193.318 18
194.324 18
195.331 18
196.338 18
197.346 18
198.354 18
199.363 18
200.367 18
201.369 18
202.371 18
203.373 18
204.376 18
205.378 18
206.380 18
207.382 18
208.385 18
209.387 18
210.390 18
211.398 18
212.406 18
213.413 18
214.421 18
215.429 18
216.437 18
217.445 18
218.453 18
219.461 18
220.468 18
221.474 18
222.479 18
223.485 18
224.490 18
225.496 18
226.502 18
227.505 18
228.512 18
229.516 18
230.522 18
231.530 18
232.536 18
233.542 18
234.547 18
235.552 18
236.558 18
237.566 18
238.575 18
239.579 18
240.582 18
241.585 18
242.588 18
243.591 18
244.593 18
245.595 18
246.598 18
247.600 18
248.602 18
249.604 18
250.607 18
251.609 18
252.614 18
253.616 18
254.618 18
255.624 18
256.630 18
257.637 18
258.642 18
259.646 18
260.653 18
261.656 18
262.660 18
263.666 18
264.672 18
265.678 18
266.683 18
267.686 18
268.690 18
269.697 18
270.703 18
271.709 18
272.712 18
273.714 18
274.717 18
275.719 18
276.721 18
277.723 18
278.726 18
279.728 18
280.730 18
281.732 18
282.734 18
283.736 18
284.738 18
285.741 18
286.743 18
287.746 18
288.749 18
289.755 18
290.760 18
291.766 18
292.772 18
293.778 18
294.784 18
295.790 18
296.796 18
297.801 18
298.807 18
299.813 18
300.819 18
301.823 19
302.828 19
303.832 19
304.836 19
305.842 19
306.848 19
307.854 19
308.859 19
309.865 19
310.871 19
311.876 19
312.882 19
313.887 19
314.893 19
315.899 19
316.903 19
317.907 19
318.911 19
319.915 19
320.919 19
321.927 19
322.936 19
323.944 19
324.953 19
325.961 19
326.969 19
327.976 20
328.981 20
329.988 20
330.994 20
331.999 20
333.003 20
334.008 20
335.014 20
336.021 20
337.028 21
338.030 21
339.032 21
340.036 21
341.043 21
342.049 21
343.056 21
344.064 21
345.069 22
346.076 22
347.079 22
348.081 22
349.084 22
350.087 22
351.092 22
352.097 22
353.103 22
354.108 22
355.114 22
356.118 22
357.124 22
358.129 22
359.134 22
360.136 22
361.140 22
362.142 22
363.147 22
364.154 22
365.157 22
366.160 22
367.163 22
368.168 22
369.175 22
370.182 22
371.188 22
372.193 22
373.199 22
374.204 22
375.210 22
376.216 22
377.221 22
378.227 22
379.233 22
380.237 22
381.238 22
382.241 22
383.244 23
384.246 23
385.247 23
386.249 23
387.251 23
388.253 23
389.256 23
390.262 23
391.267 23
392.270 23
393.273 23
394.275 23
395.278 23
396.280 23
397.282 23
398.285 23
399.287 23
400.291 23
401.299 23
402.307 23
403.310 23
404.312 23
405.315 23
406.320 23
407.326 23
408.331 23
409.333 23
410.335 23
411.338 23
412.345 23
413.352 23
414.359 23
415.366 23
416.373 23
417.380 23
418.387 23
419.394 23
420.401 23
421.408 23
422.416 23
423.424 23
424.427 23
425.430 23
426.432 23
427.434 23
428.437 23
429.438 23
430.440 23
431.442 23
432.444 23
433.446 23
434.448 23
435.450 23
436.453 23
437.455 23
438.463 23
439.469 23
440.475 25
441.480 25
442.484 25
443.490 25
444.496 25
445.502 25
446.509 25
447.515 25
448.521 25
449.522 25
450.525 25
451.526 25
452.529 25
453.533 26
454.539 26
455.543 27
456.551 27
457.559 27
458.567 27
459.575 27
460.582 27
461.588 27
462.594 27
463.599 27
464.606 27
465.611 27
466.615 27
467.623 27
468.630 27
469.637 27
470.643 27
471.649 27
472.656 27
473.662 27
474.668 27
475.675 27
476.681 27
477.688 27
478.694 27
479.700 27
480.705 27
481.711 27
482.716 27
483.717 27
484.720 27
485.725 27
486.732 27
487.739 27
488.746 27
489.751 27
490.757 27
491.762 27
492.768 27
493.773 27
494.777 27
495.782 27
496.788 27
497.796 27
498.804 27
499.811 27
500.816 27
501.823 27
502.829 27
503.837 27
504.845 27
505.853 27
506.860 27
507.868 27
508.875 27
509.881 27
510.887 27
511.892 27
512.898 27
513.904 27
514.909 27
515.915 27
516.921 27
517.927 27
518.932 27
519.938 27
520.943 27
521.949 27
522.955 27
523.962 27
524.969 27
525.975 27
526.979 27
527.986 27
528.992 27
529.998 27
531.003 27
532.010 27
533.017 27
534.023 27
535.029 27
536.035 27
537.041 27
538.046 27
539.053 27
540.058 27
541.064 27
542.070 27
543.073 27
544.075 27
545.077 27
546.081 27
547.083 27
548.085 27
549.088 27
550.090 27
551.092 27
552.094 27
553.100 27
554.105 27
555.111 27
556.117 27
557.123 27
558.129 27
559.134 27
560.138 27
561.143 27
562.149 27
563.156 27
564.162 27
565.168 27
566.174 27
567.180 27
568.186 27
569.191 27
570.197 27
571.203 27
572.208 27
573.214 27
574.221 27
575.228 27
576.236 27
577.244 27
578.249 27
579.254 27
580.260 27
581.266 27
582.272 27
583.277 27
584.281 27
585.283 27
586.286 27
587.294 27
588.302 27
589.310 27
590.318 27
591.326 27
592.334 27
593.336 27
594.338 27
595.341 27
596.343 27
597.349 27
598.355 27
599.360 27
600.366 27
601.372 27
602.378 27
603.384 27
604.390 27
605.396 27
606.402 27
607.408 27
608.414 27
609.419 27
610.425 27
611.431 27
612.436 27
613.442 27
614.448 27
615.454 27
616.460 27
617.465 27
618.471 27
619.476 27
620.483 27
621.491 27
622.499 27
623.507 27
624.514 27
625.522 27
626.530 27
627.539 27
628.546 27
629.551 27
630.553 27
631.561 27
632.569 27
633.577 27
634.585 27
635.594 27
636.601 27
637.606 27
638.611 27
639.613 27
640.616 27
641.617 27
642.620 27
643.623 27
644.625 27
645.631 28
646.637 28
647.641 28
648.646 28
649.652 28
650.659 29
651.666 29
652.693 30
653.697 30
654.699 30
655.701 30
656.704 30
657.707 30
658.709 30
659.713 30
660.716 30
661.718 30
662.719 30
663.721 30
664.723 30
665.724 30
666.728 30
667.729 30
668.731 30
669.734 30
670.736 30
671.741 30
672.748 30
673.755 30
674.763 30
675.770 30
676.774 30
677.777 30
678.780 30
679.785 30
680.788 30
681.791 30
682.794 30
683.798 31
684.801 31
685.803 31
686.806 31
687.809 31
688.814 31
689.820 31
690.826 31
691.831 32
692.841 32
693.849 32
694.859 32
695.866 32
696.874 32
697.883 32
698.891 32
699.896 32
700.902 32
701.908 32
702.913 32
703.919 32
704.925 32
705.930 32
706.937 32
707.943 32
708.950 32
709.956 32
710.963 32
711.969 32
712.975 32
713.982 32
714.988 32
715.995 32
717.001 32
718.008 32
719.014 32
720.021 32
721.027 32
722.034 32
723.043 33
724.051 33
725.060 33
726.068 33
727.077 33
728.085 33
729.088 33
730.094 33
731.099 33
732.104 33
733.109 33
734.114 33
735.118 33
736.123 33
737.128 33
738.132 33
739.134 33
740.135 33
741.141 33
742.147 33
743.153 33
744.159 33
745.166 33
746.172 33
747.180 33
748.188 33
749.195 33
750.204 33
751.211 33
752.219 33
753.224 34
754.230 34
755.235 34
756.296 36
757.304 36
758.311 36
759.317 36
760.321 36
761.323 36
762.329 36
763.334 36
764.338 36
765.340 36
766.344 36
767.347 36
768.349 36
769.352 36
770.355 36
771.361 36
772.368 36
773.376 36
774.384 36
775.393 36
776.398 36
777.405 36
778.411 36
779.418 36
780.425 36
781.428 36
782.430 36
783.432 36
784.435 36
785.437 36
786.439 36
787.441 36
788.444 36
789.902 37
790.906 37
791.908 37
792.911 37
793.913 37
794.915 37
795.917 37
796.924 37
797.932 37
798.940 37
799.947 37
800.953 37
801.959 37
802.966 37
803.973 37
804.978 37
805.985 37
806.992 37
807.998 37
809.004 37
810.011 37
811.017 37
812.024 37
813.032 37
814.040 37
815.049 37
816.055 37
817.057 37
818.059 37
819.062 37
820.065 37
821.067 37
822.069 37
823.072 37
824.075 37
825.077 37
826.079 37
827.081 37
828.087 37
829.094 37
830.100 37
831.106 37
832.112 37
833.118 37
834.124 37
835.130 37
836.136 37
837.141 37
838.147 37
839.154 37
840.158 37
841.160 37
842.162 37
843.163 37
844.165 37
845.168 37
846.170 37
847.173 37
848.179 37
849.187 37
850.191 38
851.195 38
852.200 38
853.205 38
854.209 38
855.213 38
856.220 38
857.226 38
858.232 38
859.238 38
860.246 38
861.254 38
862.262 38
863.269 38
864.275 38
865.281 38
866.290 38
867.296 38
868.302 38
869.308 38
870.314 38
871.321 38
872.327 38
873.333 38
874.340 38
875.346 38
876.353 38
877.360 38
878.368 38
879.376 38
880.378 38
881.380 38
882.382 38
883.385 38
884.389 38
885.391 38
886.393 38
887.397 38
888.404 38
889.407 38
890.411 38
891.415 38
892.420 38
893.424 38
894.429 38
895.434 38
896.438 38
897.445 38
898.452 38
899.458 38
900.464 38
901.469 38
902.475 38
903.481 38
904.487 38
905.491 38
906.493 38
907.497 38
908.499 38
909.502 38
910.504 38
911.509 38
912.517 38
913.524 38
914.531 38
915.537 38
916.542 38
917.544 38
918.546 38
919.549 38
920.552 38
921.554 38
922.557 38
923.559 38
924.561 38
925.563 38
926.565 38
927.568 38
928.570 38
929.576 38
930.582 38
931.588 38
932.592 38
933.597 38
934.602 38
935.606 38
936.611 38
937.616 38
938.622 38
939.624 38
940.626 38
941.632 38
942.640 38
943.648 38
944.656 38
945.663 38
946.670 38
947.677 38
948.684 38
949.685 38
950.688 38
951.691 38
952.699 38
953.707 38
954.716 38
955.724 38
956.731 38
957.737 38
958.746 38
959.754 38
960.757 38
961.760 38
962.762 38
963.764 38
964.767 38
965.769 38
966.771 38
967.774 38
968.776 38
969.778 38
970.781 38
971.783 38
972.788 38
973.794 38
974.801 38
975.806 38
976.808 38
977.810 38
978.896 39
979.902 39
980.908 39
981.915 39
982.920 39
983.926 40
985.009 41
986.016 41
987.025 41
988.031 41
989.036 41
990.040 41
991.044 41
992.047 41
993.050 41
994.054 41
995.056 41
996.060 41
997.063 41
998.069 41
999.076 41
1000.083 41
1001.091 41
1002.098 41
1003.106 41
1004.113 41
1005.121 41
1006.127 41
1007.135 41
1008.143 41
1009.150 41
1010.158 41
1011.164 41
1012.169 41
1013.173 41
1014.175 41
1015.181 42
1016.187 42
1017.202 43
1018.210 43
1019.214 43
1020.217 43
1021.221 43
1022.226 44
1023.231 44
1024.239 44
1025.247 44
1026.255 44
1027.263 44
1028.271 44
1029.279 44
1030.287 44
1031.295 44
1032.303 44
1033.311 44
1034.318 44
1035.327 44
1036.334 44
1037.336 44
1038.339 44
1039.343 44
1040.349 44
1041.357 44
1042.364 44
1043.370 44
1044.378 44
1045.385 44
1046.393 44
1047.401 44
1048.404 44
1049.407 44
1050.409 44
1051.411 44
1052.416 44
1053.421 44
1054.425 44
1055.427 44
1056.433 45
1057.440 45
1058.448 45
1059.455 45
1060.463 45
1061.470 45
1062.478 45
1063.485 45
1064.493 45
1065.500 45
1066.506 45
1067.514 45
1068.519 45
1069.524 45
1070.530 45
1071.536 46
1072.543 46
1073.551 46
1074.558 46
1075.566 46
1076.573 46
1077.580 46
1078.587 46
1079.595 46
1080.602 46
1081.610 46
1082.617 46
1083.625 46
1084.632 46
1085.639 46
1086.647 46
1087.654 46
1088.661 46
1089.669 46
1090.676 46
1091.683 46
1092.690 46
1093.698 46
1094.705 46
1095.713 46
1096.720 46
1097.727 46
1098.733 46
1099.739 46
1100.744 46
1101.749 46
1102.753 46
1103.759 46
1104.764 46
1105.770 46
1106.775 46
1107.780 46
1108.785 46
1109.789 46
1110.793 46
1111.796 46
1112.802 46
1113.804 46
1114.809 46
1115.813 46
1116.816 46
1117.822 46
1118.823 46
1119.826 46
1120.828 46
1121.830 46
1122.832 46
1123.837 46
1124.840 46
1125.842 46
1126.846 46
1127.848 46
1128.850 46
1129.858 46
1130.865 46
1131.871 46
1132.876 46
1133.880 47
1134.883 47
1135.886 47
1136.889 47
1137.892 47
1138.895 47
1140.335 48
1141.337 48
1142.339 48
1143.343 48
1144.350 48
1145.357 48
1146.365 48
1147.373 48
1148.379 48
1149.382 48
1150.384 48
1151.388 48
1152.394 48
1153.400 48
1154.404 48
1155.412 48
1156.420 48
1157.425 48
1158.432 48
1159.439 48
1160.446 48
1161.453 48
1162.460 49
1163.484 49
1164.490 49
1165.496 49
1166.502 49
1167.508 49
1168.514 49
1169.520 49
1170.526 49
1171.532 49
1172.539 49
1173.545 49
1174.553 49
1175.558 49
1176.565 49
1177.571 49
1178.578 49
1179.584 49
1180.590 49
1181.628 50
1182.634 50
1183.641 50
1184.647 50
1185.653 50
1186.659 50
1187.664 50
1188.671 50
1189.677 50
1190.679 50
1191.683 50
1192.688 50
1193.697 50
1194.702 50
1195.706 50
1196.712 50
1197.718 50
1198.722 50
1199.728 50
1200.734 50
1201.740 50
1202.745 50
1203.750 50
1204.756 50
1205.761 50
1206.767 51
1207.775 51
1208.783 51
1209.791 51
1210.799 51
1211.807 51
1212.814 51
1213.822 51
1214.830 51
1215.837 51
1216.845 51
1217.852 51
1218.860 51
1219.868 51
1220.875 51
1221.883 51
1222.891 51
1223.897 51
1224.904 51
1225.912 51
1226.920 51
1227.927 51
1228.935 51
1229.943 51
1230.950 51
1231.954 51
1232.961 51
1233.966 51
1234.974 51
1235.980 51
1236.989 51
1237.997 51
1239.005 51
1240.013 51
1241.021 51
1242.029 51
1243.037 51
1244.045 51
1245.053 51
1246.062 51
1247.068 51
1248.074 51
1249.079 51
1250.083 51
1251.089 51
1252.097 51
1253.104 51
1254.111 51
1255.119 51
1256.126 51
1257.133 51
1258.141 51
1259.147 51
1260.152 51
1261.158 51
1262.163 51
1265.841 52
1266.844 52
1267.847 52
1268.850 52
1269.852 52
1270.856 52
1271.859 52
1272.862 52
1273.868 52
1274.875 52
1275.883 52
1276.887 52
1277.890 52
1278.891 52
1279.896 53
1280.902 53
1281.907 53
1282.912 53
1283.917 53
1284.922 53
1285.928 53
1286.933 53
1287.935 53
1288.938 53
1289.940 53
1290.942 53
1291.943 53
1292.946 53
1293.949 53
1294.950 53
1295.952 53
1296.955 53
1297.958 53
1298.960 53
1299.962 53
1300.964 53
1301.966 53
1302.968 53
1303.970 53
1304.972 53
1305.974 53
1306.979 53
1307.981 53
1308.983 53
1309.985 53
1310.988 53
1311.992 53
1312.994 53
1313.996 53
1315.000 53
1316.005 54
1317.012 54
1318.019 54
1319.027 54
1320.034 54
1321.042 54
1322.049 54
1323.057 54
1324.065 54
1325.072 54
1326.077 54
1327.082 54
1328.090 54
1329.097 54
1330.105 54
1331.110 54
1332.116 54
1333.122 54
1334.128 54
1335.133 54
1336.139 54
1337.145 54
1338.151 54
1339.157 54
1340.163 54
1341.168 54
1342.175 54
1343.180 54
1344.187 54
1345.193 54
1346.201 54
1347.209 54
1348.216 54
1349.221 54
1350.226 54
1351.233 54
1352.238 54
1353.243 54
1354.249 54
1355.254 54
1356.260 54
1357.265 54
1358.268 54
1359.274 54
1360.282 54
1361.289 54
1362.295 54
1363.300 54
1364.303 54
1365.306 54
1366.308 54
1367.312 54
1368.314 54
1369.316 54
1370.319 54
1371.325 54
1372.331 54
1373.338 54
1374.344 54
1375.350 54
1376.355 54
1377.361 54
1378.367 54
1379.372 54
1380.377 54
1381.383 54
1382.388 54
1383.394 54
1384.400 54
1385.406 54
1386.411 54
1387.417 54
1388.423 54
1389.429 54
1390.433 54
1391.437 54
1392.440 54
1393.445 54
1394.448 54
1395.451 54
1396.458 54
1397.466 54
1398.474 54
1399.478 54
1400.480 54
1401.483 54
1402.485 54
1403.486 54
1404.488 54
1405.490 54
1406.493 54
1407.501 54
1408.509 54
1409.519 54
1410.528 54
1411.537 54
1412.545 54
1413.551 54
1414.557 54
1415.563 54
1416.569 54
1417.575 54
1418.581 54
1419.588 54
1420.595 54
1421.603 54
1422.610 54
1423.617 54
1424.625 54
1425.632 54
1426.639 54
1427.645 54
1428.650 54
1429.656 54
1430.666 54
1431.674 54
1432.681 54
1433.690 54
1434.697 54
1435.703 54
1436.709 54
1437.716 54
1438.723 54
1439.730 54
1440.738 54
1441.746 54
1442.752 54
1443.758 54
1444.765 54
1445.771 54
1446.778 54
1447.784 54
1448.789 54
1449.791 54
1450.793 54
1451.796 54
1452.798 54
1453.802 54
1454.804 54
1455.811 54
1456.819 54
1457.825 54
1458.831 54
1459.837 54
1460.843 54
1461.849 54
1462.854 54
1463.860 54
1464.866 54
1465.872 54
1466.878 54
1467.884 54
1468.890 54
1469.896 54
1470.900 54
1471.904 54
1472.908 54
1473.912 54
1474.916 54
1475.921 54
1476.928 54
1477.931 54
1478.933 54
1479.939 54
1480.944 54
1481.948 56
1482.953 56
1483.956 56
1484.958 56
1485.960 56
1486.964 56
1487.971 56
1488.978 56
1489.985 56
1490.992 56
1491.996 56
1493.001 56
1494.003 56
1495.006 56
1496.008 56
1497.010 56
1498.012 56
1499.021 56
1500.027 56
1501.034 56
1502.040 56
1503.047 56
1504.053 56
1505.060 56
1506.067 56
1507.073 57
1508.083 57
1509.089 57
1510.095 57
1511.101 57
1512.106 57
1513.112 57
1514.120 57
1515.130 57
1516.139 57
1517.145 57
1518.149 57
1519.154 57
1520.159 57
1521.164 57
1522.171 57
1523.178 57
1524.185 57
1525.193 57
1526.201 57
1527.208 57
1528.214 57
1529.217 57
1530.219 57
1531.221 57
1532.225 57
1533.230 57
1534.235 57
1535.240 57
1536.246 57
1537.251 57
1538.254 57
1539.256 57
1540.259 57
1541.262 57
1542.263 57
1543.265 57
1544.267 57
1545.269 57
1546.272 57
1547.275 57
1548.278 57
1549.281 57
1550.284 57
1551.287 57
1552.290 57
1553.293 57
1554.296 57
1555.299 57
1556.302 57
1557.305 57
1558.308 57
1559.311 57
1560.314 57
1561.318 57
1562.321 57
1563.324 57
1564.327 57
1565.330 57
1566.333 57
1567.336 57
1568.339 57
1569.344 57
1570.349 57
1571.354 57
1572.360 57
1573.364 57
1574.366 57
1575.369 57
1576.371 57
1577.377 58
1578.383 58
1579.389 59
1580.392 59
1581.393 59
1582.399 59
1583.401 59
1584.403 59
1585.405 59
1586.407 59
1587.410 59
1588.412 59
1589.415 59
1590.422 59
1591.429 59
1592.437 59
1593.444 59
1594.451 59
1595.457 59
1596.464 59
1597.472 59
1598.477 59
1599.480 59
1600.488 59
1601.495 60
1602.502 60
1603.511 60
1604.519 60
1605.526 60
1606.531 60
1607.537 60
1608.544 60
1609.547 60
1610.550 60
1611.557 60
1612.563 61
1613.570 61
1614.576 61
1615.582 62
1616.590 62
1617.597 62
1618.604 62
1619.609 62
1620.615 62
1621.617 62
1622.620 62
1623.622 62
1624.628 62
1625.633 62
1626.638 62
1627.640 62
1628.643 62
1629.645 62
1630.648 62
1631.650 62
1632.652 62
1633.656 62
1634.658 62
1635.660 62
1636.662 62
1637.666 62
1638.672 62
1639.678 62
1640.684 62
1641.687 62
1642.689 62
1643.691 62
1644.693 62
1645.696 62
1646.699 62
1647.701 62
1648.705 62
1649.710 62
1650.718 62
1651.726 62
1652.735 62
1653.743 62
1654.751 62
1655.759 62
1656.768 62
1657.776 62
1658.784 62
1659.788 62
1660.796 62
1661.803 62
1662.809 62
1663.816 62
1664.823 62
1665.830 62
1666.837 62
1667.843 62
1668.851 62
1669.858 62
1670.865 62
1671.873 62
1672.881 62
1673.889 62
1674.894 62
1675.902 62
1676.910 62
1677.918 62
1678.927 62
1679.929 62
1680.932 62
1681.935 62
1682.938 62
1683.940 62
1684.943 62
1685.946 62
1686.949 62
1687.952 62
1688.954 62
1689.957 62
1690.959 62
1691.961 62
1692.965 62
1693.967 62
1694.969 62
1695.972 62
1696.976 62
1697.984 62
1698.992 62
1699.998 62
1701.003 62
1702.009 62
1703.013 62
1704.019 62
1705.025 62
1706.031 62
1707.037 62
1708.042 62
1709.049 62
1710.057 62
1711.061 62
1712.063 62
1713.066 62
1714.069 62
1715.075 62
1716.082 62
1717.090 62
1718.097 62
1719.103 62
1720.107 62
1721.114 62
1722.122 62
1723.130 62
1724.132 62
1725.137 62
1726.143 62
1727.149 62
1728.155 62
1729.159 62
1730.164 62
1731.168 62
1732.171 62
1733.173 62
1734.176 62
1735.181 62
1736.188 62
1737.193 62
1738.200 62
1739.203 62
1740.210 62
1741.217 62
1742.223 62
1743.229 62
1744.235 62
1745.241 62
1746.246 62
1747.252 62
1748.258 62
1749.265 62
1750.273 62
1751.280 62
1752.287 62
1753.294 62
1754.300 62
1755.306 62
1756.314 62
1757.320 62
1758.327 62
1759.334 62
1760.339 62
1761.341 62
1762.344 62
1763.347 62
1764.354 62
1765.362 62
1766.369 62
1767.377 62
1768.385 62
1769.393 62
1770.401 62
1771.409 62
1772.417 62
1773.425 62
1774.433 62
1775.441 62
1776.447 62
1777.452 62
1778.457 62
1779.462 62
1780.469 62
1781.476 62
1782.479 62
1783.481 62
1784.484 62
1785.489 62
1786.496 62
1787.502 62
1788.507 62
1789.513 62
1790.518 62
1791.522 62
1792.525 62
1793.527 62
1794.533 62
1795.539 62
1796.545 62
1797.550 62
1798.556 62
1799.562 62
1800.568 62
1801.573 62
1802.581 62
1803.589 62
1804.597 62
1805.604 62
1806.608 62
1807.626 63
1808.635 63
1809.641 63
1810.646 63
1811.651 63
1812.657 63
1813.662 63
1814.668 63
1815.673 63
1816.679 63
1817.684 63
1818.688 63
1819.693 63
1820.697 63
1821.702 63
1822.707 63
1823.711 63
1824.716 63
1825.720 63
1826.726 63
1827.733 64
1828.740 64
1829.745 64
1830.752 65
1831.757 65
1832.762 65
1833.765 65
1834.768 65
1835.771 65
1836.773 65
1837.776 65
1838.779 65
1839.783 65
1840.787 65
1841.792 65
1842.798 65
1843.806 65
1844.813 65
1845.821 65
1846.827 65
1847.831 65
1848.833 65
1849.838 65
1850.843 65
1851.848 65
1852.852 65
1853.857 65
1854.861 65
1855.865 65
1856.871 65
1857.878 65
1858.884 65
1859.890 65
1860.896 65
1861.902 65
1862.907 65
1863.913 65
1864.919 65
1865.926 65
1866.934 65
1867.943 65
1868.950 65
1869.958 65
1870.965 65
1871.973 65
1872.981 65
1873.987 65
1874.993 65
1875.999 65
1877.009 66
1878.017 66
1879.024 66
1880.030 66
1881.036 67
1882.042 67
1883.047 67
1884.053 67
1885.059 67
1886.064 67
1887.069 67
1888.075 67
1889.081 67
1890.088 68
1891.094 68
1892.100 68
1893.106 68
1894.111 68
1895.117 68
1896.123 68
1897.126 68
1898.129 68
1899.133 68
1900.139 68
1901.146 68
1902.153 68
1903.159 68
1904.162 69
1905.169 69
1906.175 69
1907.182 69
1908.188 69
1909.194 69
1910.200 69
1911.207 69
1912.215 71
1913.223 71
1914.231 71
1915.239 71
1916.248 72
1917.255 72
1918.262 72
1919.268 72
1920.273 72
1921.278 72
1922.283 72
1923.288 72
1924.293 73
1925.298 73
1926.308 74
1927.315 74
1928.319 74
1929.326 74
1930.332 74
1931.337 74
1932.343 74
1933.348 74
1934.352 74
1935.357 74
1936.360 74
1937.365 74
1938.369 74
1939.375 74
1940.381 74
1941.386 74
1942.391 74
1943.399 74
1944.406 74
1945.407 74
1946.409 74
1947.412 74
1948.416 74
1949.418 74
1950.423 74
1951.430 74
1952.433 74
1953.437 74
1954.442 74
1955.448 74
1956.454 74
1957.460 74
1958.466 75
1959.472 75
1960.479 75
1961.484 75
1962.490 75
1963.497 75
1964.505 75
1965.513 75
1966.521 75
1967.529 75
1968.536 75
1969.542 75
1970.549 75
1971.554 75
1972.559 75
1973.562 75
1974.564 75
1975.567 75
1976.570 75
1977.572 75
1978.573 75
1979.577 75
1980.579 75
1981.581 75
1982.582 75
1983.585 75
1984.589 75
1985.590 75
1986.592 75
1987.595 75
1988.597 75
1989.599 75
1990.601 75
1991.603 75
1992.607 75
1993.612 75
1994.618 75
1995.624 75
1996.631 75
1997.638 75
1998.645 75
1999.648 75
2000.652 75
2001.658 75
2002.663 75
2003.669 75
2004.675 75
2005.680 75
2006.686 75
2007.691 75
2008.698 75
2009.704 75
2010.708 75
2011.716 75
2012.724 75
2013.727 75
2014.729 75
2015.734 75
2016.739 75
2017.743 75
2018.749 76
2019.753 76
2020.758 76
2021.762 76
2022.767 76
2023.772 76
2024.778 76
2025.784 76
2026.793 76
2027.801 76
2028.806 76
2029.811 76
2030.817 77
2031.822 77
2032.828 77
2033.834 77
2034.840 77
2035.846 77
2036.852 77
2037.858 77
2038.864 77
2039.871 77
2040.879 77
2041.886 77
2042.893 77
2043.899 77
2044.905 77
2045.912 77
2046.919 77
2047.925 77
2048.931 77
2049.938 77
2050.944 77
2051.946 77
2052.951 77
2053.958 77
2054.966 77
2055.972 77
2056.980 77
2057.988 77
2058.995 77
2060.000 77
2061.005 77
2062.009 77
2063.010 77
2064.017 77
2065.025 77
2066.033 77
2067.045 78
2068.053 78
2069.059 78
2070.063 78
2071.070 78
2072.074 78
2073.079 78
2074.084 78
2075.090 78
2076.095 78
2077.101 78
2078.107 78
2079.113 78
2080.119 78
2081.125 78
2082.131 78
2083.137 78
2084.142 78
2085.147 78
2086.152 78
2087.157 78
2088.162 78
2089.166 78
2090.170 78
2091.175 78
2092.181 78
2093.187 78
2094.192 78
2095.197 78
2096.203 78
2097.209 78
2098.215 78
2099.219 78
2100.224 78
2101.229 78
2102.233 78
2103.237 78
2104.242 78
2105.246 78
2106.250 78
2107.255 78
2108.257 78
2109.262 78
2110.266 78
2111.270 78
2112.274 78
2113.280 78
2114.284 78
2115.286 78
2116.289 78
2117.293 78
2118.299 78
2119.306 78
2120.312 78
2121.318 78
2122.326 78
2123.333 78
2124.340 78
2125.348 78
2126.355 78
2127.362 78
2128.369 78
2129.375 78
2130.380 78
2131.386 78
2132.388 78
2133.390 78
2134.392 78
2135.394 78
2136.396 78
2137.399 78
2138.401 78
2139.404 78
2140.406 78
2141.413 78
2142.417 78
2143.419 78
2144.421 78
2145.423 78
2146.426 78
2147.429 78
2148.437 78
2149.441 78
2150.445 78
2151.452 78
2152.457 78
2153.782 79
2154.785 79
2155.788 79
2156.791 79
2157.794 79
2158.798 79
2159.805 79
2160.812 79
2161.818 80
2162.823 80
2163.829 80
2164.836 80
2165.842 80
2166.849 80
2167.856 80
2168.862 80
2169.867 80
2170.873 80
2171.876 80
2172.881 80
2173.883 80
2174.885 80
2175.890 80
2176.896 80
2177.902 80
2178.905 80
2179.910 80
2180.915 80
2181.919 80
2182.924 80
2183.928 80
2184.933 80
2185.938 80
2186.943 80
2187.948 80
2188.953 80
2189.958 80
2190.964 80
2191.972 80
2192.980 80
2193.988 80
2194.996 80
2196.003 80
2197.011 80
2198.019 80
2199.027 80
2200.035 80
2201.042 80
2202.047 80
2203.050 80
2204.055 80
2205.060 80
2206.067 80
2207.072 80
2208.076 80
2209.079 80
2210.081 80
2211.083 80
2212.084 80
2213.086 80
2214.087 80
2215.089 80
2216.091 80
2217.093 80
2218.095 80
2219.099 80
2220.104 80
2221.110 80
2222.115 80
2223.121 80
2224.125 80
2225.127 80
2226.130 80
2227.133 80
2228.136 80
2229.139 80
2230.142 80
2231.144 80
2232.146 80
2233.148 80
2234.152 80
2235.157 80
2236.160 80
2237.162 80
2238.167 80
2239.170 80
2240.174 80
2241.178 80
2242.183 80
2243.188 80
2244.193 80
2245.198 80
2246.203 80
2247.208 80
2248.214 80
2249.219 80
2250.222 80
2251.225 80
2252.230 80
