0.08 1
0.08 2
1.13 3
1.19 4
1.23 5
1.30 6
1.34 7
1.34 8
1.35 9
1.35 10
1.38 11
1.38 12
1.38 13
1.39 14
1.39 15
1.40 16
1.40 17
1.40 18
1.40 19
1.41 20
1.41 21
1.42 22
1.44 23
1.45 24
1.45 25
1.46 26
1.47 27
1.50 28
1.50 29
1.51 30
1.51 31
1.51 32
1.52 33
1.56 34
1.62 35
1.68 36
1.71 37
1.72 38
1.82 39
1.93 40
2.74 41
2.87 42
2.88 43
2.91 44
3.06 45
3.27 46
3.52 47
4.04 48
4.07 49
4.33 50
4.40 51
4.41 52
4.51 53
5.22 54
5.61 55
5.65 56
5.86 57
5.90 58
5.92 59
6.10 60
6.39 61
6.46 62
6.60 63
6.79 64
6.84 65
6.85 66
6.90 67
6.98 68
7.08 69
7.11 70
7.13 71
7.16 72
7.29 73
7.37 74
7.56 75
7.84 76
7.86 77
8.28 78
8.49 79
8.61 80
8.70 81
8.72 82
8.82 83
9.18 84
9.23 85
9.83 86
9.87 87
9.93 88
10.09 89
10.11 90
10.25 91
10.40 92
10.65 93
10.66 94
11.10 95
11.19 96
11.37 97
11.52 98
11.59 99
11.79 100
11.87 101
11.90 102
12.00 103
12.23 104
12.24 105
12.67 106
12.88 107
12.91 108
12.94 109
13.43 110
13.47 111
13.53 112
13.57 113
13.83 114
14.01 115
14.04 116
14.14 117
14.31 118
14.31 119
14.34 120
14.41 121
14.50 122
14.55 123
14.61 124
14.98 125
14.99 126
15.23 127
15.54 128
16.08 129
16.19 130
16.57 131
16.90 132
17.01 133
17.80 134
18.34 135
18.62 136
18.90 137
19.41 138
20.00 139
20.08 140
20.18 141
20.87 142
20.91 143
20.95 144
20.97 145
21.07 146
21.13 147
21.14 148
21.30 149
21.59 150
21.64 151
21.85 152
21.89 153
22.99 154
23.00 155
23.01 156
23.36 157
23.39 158
23.43 159
23.56 160
23.97 161
24.10 162
24.33 163
24.38 164
24.47 165
24.74 166
25.43 167
26.75 168
27.51 169
27.53 170
27.87 171
28.59 172
29.23 173
29.33 174
29.56 175
29.69 176
30.39 177
30.50 178
31.47 179
31.90 180
31.96 181
32.53 182
33.06 183
33.85 184
34.05 185
34.77 186
35.05 187
35.16 188
36.49 189
38.26 190
38.99 191
39.37 192
39.73 193
40.07 194
41.66 195
42.18 196
42.23 197
43.13 198
43.18 199
44.30 200
46.73 201
47.94 202
48.51 203
50.81 204
52.71 205
52.87 206
54.54 207
56.46 208
56.47 209
58.18 210
59.37 211
60.76 212
62.39 213
63.16 214
65.04 215
71.62 216
72.07 217
73.36 218
75.18 219
78.45 220
81.58 221
82.51 222
83.18 223
85.71 224
91.00 225
92.98 226
94.36 227
95.23 228
95.47 229
102.79 230
103.38 231
106.71 232
107.68 233
108.29 234
110.38 235
113.11 236
127.13 237
133.05 238
133.65 239
136.42 240
137.04 241
140.32 242
141.73 243
145.21 244
145.68 245
160.09 246
163.78 247
164.20 248
165.05 249
166.54 250
170.69 251
173.96 252
187.12 253
187.49 254
191.22 255
194.90 256
205.41 257
209.45 258
211.81 259
217.93 260
223.90 261
226.02 262
228.83 263
237.98 264
241.92 265
246.71 266
248.13 267
248.94 268
252.07 269
268.04 270
269.19 271
271.89 272
272.43 273
276.97 274
286.65 275
292.75 276
