1 xxx 17.27391997001218255083 1843.3 106.71
2 xxx 37037.03703703703703703703 50000 1.35
4 xxx 1062.83950617283950617283 18078.9 17.01
7 xxx 10.63311049941014549744 270.4 25.43
10 xxx .53165881737310308738 152.4 286.65
11 xxx 5417.11809317443120260021 50000 9.23
12 xxx .06410256410256410256 0.1 1.56
13 xxx 218.92382948986722571628 3132.8 14.31
15 xxx 26.07638888888888888888 75.1 2.88
16 xxx 14.96772228989037758830 2457.7 164.20
17 xxx 7.00738552437223042836 237.2 33.85
18 xxx 44.82553823311061618411 603.8 13.47
19 xxx 25.02252016340211584791 2388.9 95.47
20 xxx 80.24341214001660621422 18362.1 228.83
21 xxx 8196.72131147540983606557 50000 6.10
22 xxx 986.21113521330441070137 13639.3 13.83
24 xxx 2.17048145224940805051 27.5 12.67
26 xxx 243.41560780877269850542 50000 205.41
27 xxx 34482.75862068965517241379 50000 1.45
28 xxx 3337.78371161548731642189 50000 14.98
29 xxx 356.32839224629418472063 50000 140.32
31 xxx 111.82758620689655172413 972.9 8.70
34 xxx 0 0.0 1.19
35 xxx 8581.68181818181818181818 37759.4 4.40
36 xxx 95.71428571428571428571 824.1 8.61
37 xxx 0 0.0 1.13
38 xxx 15.14511873350923482849 172.2 11.37
39 xxx 50.34858515437342550823 8594.0 170.69
40 xxx 84.00695349847892220773 1933.0 23.01
41 xxx 6.52850320847634681390 1749.9 268.04
42 xxx 23.34397446129289704708 1755.0 75.18
43 xxx 69.45762711864406779661 409.8 5.90
44 xxx 12.15428667677278086575 721.6 59.37
45 xxx 212.73381294964028776978 295.7 1.39
46 xxx 1100.20725388601036269430 2123.4 1.93
47 xxx 68.24232081911262798634 399.9 5.86
48 xxx 48.01216064856792362259 9001.8 187.49
49 xxx 20.19701302828090244677 635.6 31.47
50 xxx 6.72018348623853211009 58.6 8.72
51 xxx 11.27871305649083426861 1507.4 133.65
52 xxx 18.95523774145616641901 2041.1 107.68
53 xxx .65340909090909090909 2.3 3.52
54 xxx 97.73809523809523809523 738.9 7.56
55 xxx 59.20962199312714776632 861.5 14.55
56 xxx 72.33563385397747911369 1991.4 27.53
58 xxx 461.72315079878105088189 50000 108.29
59 xxx 5.90006844626967830253 86.2 14.61
60 xxx 105.26595744680851063829 3364.3 31.96
61 xxx 253.15151515151515151515 1670.8 6.60
62 xxx 325.07598784194528875379 3208.5 9.87
64 xxx 16.40183847669074195666 249.8 15.23
65 xxx 67.07449209932279909706 2971.4 44.30
67 xxx 268.76794812413154238073 5802.7 21.59
68 xxx 1025.15914655473941937740 29309.3 28.59
69 xxx 50.00000000000000000000 70.0 1.40
71 xxx 4230.95238095238095238095 7108.0 1.68
78 xxx 6.60000000000000000000 79.2 12.00
79 xxx 23.37359792924935289042 270.9 11.59
80 xxx 18.08225966303270564915 364.9 20.18
81 xxx 35714.28571428571428571428 50000 1.40
83 xxx 442.04756431792060825744 50000 113.11
84 xxx 6983.24022346368715083798 50000 7.16
87 xxx 201.50727441260629508725 50000 248.13
88 xxx 2050.86136177194421657095 50000 24.38
89 xxx 4694.83568075117370892018 50000 10.65
90 xxx 202.66709902314458270844 50000 246.71
92 xxx 2958.57988165680473372781 50000 16.90
93 xxx 37037.03703703703703703703 50000 1.35
94 xxx 30864.19753086419753086419 50000 1.62
96 xxx 366.51517372819234716317 50000 136.42
97 xxx 2391.20038259206121472979 50000 20.91
98 xxx 393.29819869424998033509 50000 127.13
100 xxx 236.06062036731032529153 50000 211.81
101 xxx 352.78346151132434911451 50000 141.73
104 xxx 287.42239595309266498045 50000 173.96
105 xxx 7363.77025036818851251840 50000 6.79
106 xxx 2140.41095890410958904109 50000 23.36
108 xxx 1159.28587989798284256897 50000 43.13
110 xxx 33333.33333333333333333333 50000 1.50
112 xxx 791.64027865737808739708 50000 63.16
113 xxx 1370.23842148533844889010 50000 36.49
115 xxx 1438.02128271498418176589 50000 34.77
116 xxx 3568.87937187723054960742 50000 14.01
117 xxx 36231.88405797101449275362 50000 1.38
119 xxx 1030.71531642960214388785 50000 48.51
121 xxx 12376.23762376237623762376 50000 4.04
123 xxx 2310.53604436229205175600 50000 21.64
126 xxx 4945.59841740850642927794 50000 10.11
128 xxx 17421.60278745644599303135 50000 2.87
130 xxx 34246.57534246575342465753 50000 1.46
131 xxx 8445.94594594594594594594 50000 5.92
134 xxx 2386.63484486873508353221 50000 20.95
135 xxx 223.31397945511389012952 50000 223.90
136 xxx 885.42588985301930228439 50000 56.47
137 xxx 625000.00000000000000000000 50000 0.08
139 xxx 8849.55752212389380530973 50000 5.65
140 xxx 3017.50150875075437537718 50000 16.57
141 xxx 885.58271342543393552957 50000 56.46
142 xxx 1200.19203072491598655784 50000 41.66
144 xxx 302.93850348379279006361 50000 165.05
145 xxx 3723.00819061801935964259 50000 13.43
147 xxx 229.43146882026338732620 50000 217.93
148 xxx 2137.66566908935442496793 50000 23.39
149 xxx 3088.32612723903644224830 50000 16.19
150 xxx 3448.27586206896551724137 50000 14.50
151 xxx 2173.91304347826086956521 50000 23.00
152 xxx 35460.99290780141843971631 50000 1.41
153 xxx 1468.42878120411160058737 50000 34.05
154 xxx 1157.94349235757295044001 50000 43.18
155 xxx 1069.97646051786860689064 50000 46.73
156 xxx 601.10603510459245010819 50000 83.18
158 xxx 1869.15887850467289719626 50000 26.75
159 xxx 35460.99290780141843971631 50000 1.41
161 xxx 36231.88405797101449275362 50000 1.38
162 xxx 3881.98757763975155279503 50000 12.88
163 xxx 2373.04224015187470336971 50000 21.07
165 xxx 452.98061242978800507338 50000 110.38
167 xxx 37313.43283582089552238805 50000 1.34
169 xxx 2284.14801279122887163088 50000 21.89
170 xxx 375.79857196542653137918 50000 133.05
171 xxx 35714.28571428571428571428 50000 1.40
172 xxx 945.71590694155475695101 50000 52.87
173 xxx 2726.28135223555070883315 50000 18.34
174 xxx 7824.72613458528951486697 50000 6.39
175 xxx 1710.57133082449538145740 50000 29.23
176 xxx 1704.73917490623934538015 50000 29.33
177 xxx 7246.37681159420289855072 50000 6.90
179 xxx 38461.53846153846153846153 50000 1.30
180 xxx 8912.65597147950089126559 50000 5.61
182 xxx 2074.68879668049792531120 50000 24.10
185 xxx 4690.43151969981238273921 50000 10.66
186 xxx 4468.27524575513851653261 50000 11.19
189 xxx 1042.97037964121818940342 50000 47.94
191 xxx 4240.88210347752332485156 50000 11.79
193 xxx 2575.99175682637815558990 50000 19.41
195 xxx 2043.31834899877400899060 50000 24.47
197 xxx 300.22817341179296265161 50000 166.54
198 xxx 180.52496660288117846698 50000 276.97
199 xxx 34013.60544217687074829931 50000 1.47
200 xxx 7163.32378223495702005730 50000 6.98
201 xxx 5668.93424036281179138321 50000 8.82
202 xxx 2288.32951945080091533180 50000 21.85
207 xxx 2500.00000000000000000000 50000 20.00
210 xxx 984.05825624876992717968 50000 50.81
211 xxx 1645.27805199078644290885 50000 30.39
214 xxx 6038.64734299516908212560 50000 8.28
216 xxx 34482.75862068965517241379 50000 1.45
217 xxx 2490.03984063745019920318 50000 20.08
218 xxx 32894.73684210526315789473 50000 1.52
219 xxx 3109.45273631840796019900 50000 16.08
220 xxx 344.32890296811514358515 50000 145.21
221 xxx 2021.01859337105901374292 50000 24.74
222 xxx 1691.47496617050067658998 50000 29.56
223 xxx 693.76994588594422089635 50000 72.07
224 xxx 170.79419299743808710503 50000 292.75
225 xxx 206.67989417989417989417 50000 241.92
227 xxx 238.72045834328001909763 50000 209.45
229 xxx 2384.35860753457319980925 50000 20.97
230 xxx 11547.34411085450346420323 50000 4.33
231 xxx 4878.04878048780487804878 50000 10.25
232 xxx 1567.39811912225705329153 50000 31.90
236 xxx 3469.81263011797362942401 50000 14.41
237 xxx 343.21801208127402526084 50000 145.68
238 xxx 35211.26760563380281690140 50000 1.42
241 xxx 3872.96669248644461657629 50000 12.91
242 xxx 859.40185630800962530079 50000 58.18
243 xxx 3561.25356125356125356125 50000 14.04
244 xxx 3695.49150036954915003695 50000 13.53
245 xxx 529.88554472233997456549 50000 94.36
246 xxx 549.45054945054945054945 50000 91.00
247 xxx 948.58660595712388541073 50000 52.71
249 xxx 2366.30383341221012778040 50000 21.13
250 xxx 7299.27007299270072992700 50000 6.85
252 xxx 35714.28571428571428571428 50000 1.40
253 xxx 2645.50264550264550264550 50000 18.90
255 xxx 6858.71056241426611796982 50000 7.29
256 xxx 5889.28150765606595995288 50000 8.49
260 xxx 198.35759907962074027055 50000 252.07
261 xxx 6377.55102040816326530612 50000 7.84
262 xxx 17182.13058419243986254295 50000 2.91
263 xxx 1537.04272978788810328927 50000 32.53
264 xxx 1270.00254000508001016002 50000 39.37
266 xxx 6784.26051560379918588873 50000 7.37
267 xxx 1817.52090149036713922210 50000 27.51
268 xxx 916.75834250091675834250 50000 54.54
269 xxx 486.42864091837727405389 50000 102.79
270 xxx 3217.50321750321750321750 50000 15.54
271 xxx 1794.04377466810190168640 50000 27.87
273 xxx 33112.58278145695364238410 50000 1.51
276 xxx 1185.39592223802750118539 50000 42.18
277 xxx 525.04462879344744303265 50000 95.23
278 xxx 1183.99242244849632962349 50000 42.23
279 xxx 637.34862970044614404079 50000 78.45
281 xxx 221.21936111848508981506 50000 226.02
282 xxx 33112.58278145695364238410 50000 1.51
283 xxx 3684.59837877671333824613 50000 13.57
285 xxx 3863.98763523956723338485 50000 12.94
286 xxx 200.85161082991885594922 50000 248.94
287 xxx 4212.29991575400168491996 50000 11.87
288 xxx 29239.76608187134502923976 50000 1.71
290 xxx 4340.27777777777777777777 50000 11.52
291 xxx 1247.81632143748440229598 50000 40.07
292 xxx 2365.18448438978240302743 50000 21.14
293 xxx 5035.24672708962739174219 50000 9.93
294 xxx 2085.94075928243637880684 50000 23.97
295 xxx 698.12901424183189053337 50000 71.62
296 xxx 1306.84788290642969158389 50000 38.26
298 xxx 7062.14689265536723163841 50000 7.08
301 xxx 34722.22222222222222222222 50000 1.44
302 xxx 768.75768757687576875768 50000 65.04
303 xxx 612.89531747977445452316 50000 81.58
304 xxx 2347.41784037558685446009 50000 21.30
305 xxx 18248.17518248175182481751 50000 2.74
307 xxx 1639.34426229508196721311 50000 30.50
308 xxx 7309.94152046783625730994 50000 6.84
309 xxx 1684.06871000336813742000 50000 29.69
311 xxx 681.57033805888767720828 50000 73.36
312 xxx 2134.01621852326077678190 50000 23.43
313 xxx 4084.96732026143790849673 50000 12.24
314 xxx 16339.86928104575163398692 50000 3.06
315 xxx 183.89789988598330207069 50000 271.89
316 xxx 7012.62272089761570827489 50000 7.13
318 xxx 261.47892479866122790503 50000 191.22
319 xxx 267.20820863616930312099 50000 187.12
320 xxx 583.36250145840625364601 50000 85.71
321 xxx 210.10168921758130935372 50000 237.98
323 xxx 822.90980908492429229756 50000 60.76
324 xxx 1512.40169388989715668481 50000 33.06
325 xxx 5446.62309368191721132897 50000 9.18
326 xxx 33112.58278145695364238410 50000 1.51
327 xxx 364.85697606538237011091 50000 137.04
328 xxx 3335.55703802535023348899 50000 14.99
330 xxx 7032.34880450070323488045 50000 7.11
331 xxx 483.65254401238150512671 50000 103.38
332 xxx 11337.86848072562358276643 50000 4.41
334 xxx 2174.85863418877772944758 50000 22.99
335 xxx 2055.07603781339909576654 50000 24.33
336 xxx 35971.22302158273381294964 50000 1.39
338 xxx 1426.53352353780313837375 50000 35.05
340 xxx 2685.28464017185821697099 50000 18.62
342 xxx 605.98715307235486607683 50000 82.51
343 xxx 183.53338472268105568402 50000 272.43
344 xxx 3494.06009783368273934311 50000 14.31
345 xxx 12285.01228501228501228501 50000 4.07
347 xxx 4201.68067226890756302521 50000 11.90
349 xxx 2395.78342117872544321993 50000 20.87
350 xxx 15290.51987767584097859327 50000 3.27
351 xxx 33333.33333333333333333333 50000 1.50
352 xxx 2808.98876404494382022471 50000 17.80
353 xxx 4504.50450450450450450450 50000 11.10
354 xxx 2122.24108658743633276740 50000 23.56
355 xxx 4088.30744071954210956663 50000 12.23
356 xxx 6361.32315521628498727735 50000 7.86
358 xxx 4955.40138751238850346878 50000 10.09
359 xxx 3486.75034867503486750348 50000 14.34
361 xxx 37313.43283582089552238805 50000 1.34
366 xxx 27472.52747252747252747252 50000 1.82
368 xxx 312.32431757136610656505 50000 160.09
369 xxx 256.54181631605951770138 50000 194.90
370 xxx 1282.38009746088740702744 50000 38.99
373 xxx 29069.76744186046511627906 50000 1.72
380 xxx 801.41048244911043436448 50000 62.39
382 xxx 305.28758090120893882036 50000 163.78
384 xxx 4807.69230769230769230769 50000 10.40
385 xxx 5086.46998982706002034587 50000 9.83
386 xxx 7739.93808049535603715170 50000 6.46
387 xxx 1258.49484017115529826327 50000 39.73
388 xxx 40650.40650406504065040650 50000 1.23
389 xxx 537.75005377500537750053 50000 92.98
390 xxx 36231.88405797101449275362 50000 1.38
393 xxx 185.74241242245254281362 50000 269.19
394 xxx 1422.07053469852104664391 50000 35.16
395 xxx 625000.00000000000000000000 50000 0.08
396 xxx 11086.47450110864745011086 50000 4.51
398 xxx 9578.54406130268199233716 50000 5.22
399 xxx 3536.06789250353606789250 50000 14.14
