.082 1
.091 2
.140 3
.259 4
.299 5
.636 6
.643 7
.857 8
.943 9
2.011 10
2.068 11
2.708 12
2.763 13
2.953 14
3.852 15
4.093 16
4.976 17
5.997 18
7.483 19
7.732 20
8.815 21
9.057 22
9.958 23
9.959 24
10.626 25
11.370 26
12.161 27
13.108 28
13.210 29
13.985 30
14.045 31
14.997 32
16.388 33
16.477 34
16.667 35
18.142 36
19.495 37
21.166 38
24.859 39
26.230 40
27.317 41
27.378 42
28.187 43
30.727 44
37.528 45
49.726 46
54.241 47
57.431 48
64.334 49
68.001 50
81.619 51
82.487 52
94.102 53
96.616 54
98.371 55
112.827 56
125.674 57
148.030 58
173.953 59
215.080 60
226.840 61
259.206 62
263.342 63
284.225 64
