1 xxx 23.52527729984991031225 642.64 27.317
2 xxx 34.35714285714285714285 4.81 .140
3 xxx 25.65470824136537445207 1650.47 64.334
4 xxx 464.84170709645588356220 5652.94 12.161
7 xxx 11.78148243139266478584 229.68 19.495
8 xxx 38.57935387298133530859 10000 259.206
10 xxx 4.30089853166776243699 117.75 27.378
11 xxx 1104.11836148835155128629 10000 9.057
12 xxx 1008.82943143812709030100 301.64 .299
13 xxx 117.27994279585269932070 1640.16 13.985
15 xxx 52.01994091580502215657 140.87 2.708
16 xxx 2.94373164943892531070 146.38 49.726
17 xxx 16.55601659751037344398 271.32 16.388
18 xxx 41.09765329295987887963 542.90 13.210
19 xxx 16.24765114502891364699 1340.22 82.487
20 xxx 22.79099806030682419326 5169.91 226.840
21 xxx 98.58125226203402099167 272.38 2.763
22 xxx 210.69206123175507297970 2959.17 14.045
24 xxx .87237663074305161656 7.69 8.815
26 xxx 46.49432769202157336804 10000 215.080
27 xxx 32.43710691823899371069 20.63 .636
28 xxx 14.33892489515821578345 376.11 26.230
29 xxx 14.78905868100571720048 1391.68 94.102
30 xxx 7.79973823914354200673 530.39 68.001
31 xxx 36.05442860012050612572 359.03 9.958
34 xxx 109890.10989010989010989010 10000 .091
35 xxx 298.60735009671179883945 617.52 2.068
36 xxx 31.38969776081935937343 312.61 9.959
37 xxx 24181.95121951219512195121 1982.92 .082
38 xxx 6.00978731413514022209 63.86 10.626
39 xxx 1.29837276805347875802 369.03 284.225
40 xxx 62.40905225361428706415 1320.95 21.166
41 xxx 11.17645654630233779461 1404.59 125.674
42 xxx 10.98611148040805835482 1239.53 112.827
43 xxx 12.30393354507696066454 50.36 4.093
44 xxx 6.15622868309950037794 333.92 54.241
45 xxx 3.20886814469078179696 2.75 .857
46 xxx 424.74019088016967126193 400.53 .943
47 xxx 73.59726688102893890675 366.22 4.976
48 xxx 57.48679240944393025702 10000 173.953
49 xxx 17.80323493995508835877 547.04 30.727
50 xxx 3.96792550439730988101 30.68 7.732
51 xxx 6.19055910570946004770 355.53 57.431
52 xxx 103.50252546162126355883 10000 96.616
53 xxx .64644455494778717056 1.30 2.011
54 xxx 2.71926854046732136810 8.03 2.953
55 xxx 90.24694080035277257193 1637.26 18.142
56 xxx 19.30109625004434668464 544.04 28.187
58 xxx 7.77747828324287237040 634.79 81.619
59 xxx 4.87641135184620079340 63.92 13.108
60 xxx 1.10038505708302371140 162.89 148.030
61 xxx 264.04368851092212773053 1583.47 5.997
62 xxx 48.81442392260334212840 555.02 11.370
63 xxx .00136704361628604628 0.36 263.342
64 xxx 6.17390144695605787824 92.59 14.997
65 xxx 2.20741846088254103602 82.84 37.528
67 xxx 606.90659707471020209989 10000 16.477
68 xxx 58.73043967979403837644 1459.98 24.859
69 xxx 283.62934362934362934362 73.46 .259
71 xxx 15552.09953343701399688958 10000 .643
72 xxx 1.56784011548118856166 154.23 98.371
78 xxx 5.70894026459975945476 42.72 7.483
79 xxx 11.00467289719626168224 42.39 3.852
80 xxx 28.08543829123417531649 468.10 16.667
