1.158 2
2.159 15
3.160 20
4.160 32
5.161 37
6.162 47
7.163 54
8.177 64
9.178 64
10.179 64
11.179 63
12.207 64
13.208 64
14.308 64
15.309 64
16.310 64
17.310 64
18.311 64
19.312 64
20.413 64
21.414 64
22.415 64
23.416 64
24.416 64
25.417 63
26.417 63
27.418 63
28.419 62
29.419 62
30.420 62
31.421 61
32.422 61
33.423 61
34.424 61
35.425 61
36.425 61
37.426 61
38.427 61
39.428 60
40.428 60
41.429 59
42.430 58
43.431 58
44.432 57
45.433 56
46.534 55
47.535 55
48.535 55
49.544 54
50.545 54
51.546 54
52.547 54
53.548 53
54.549 53
55.550 53
56.551 53
57.552 53
58.552 53
59.553 52
60.554 52
61.555 52
62.555 52
63.556 52
64.557 52
65.558 50
66.559 49
67.560 49
68.561 49
69.562 49
70.562 49
71.563 49
72.564 49
73.565 49
74.566 49
75.567 49
76.568 49
77.569 49
78.569 49
79.571 49
80.572 49
81.573 49
82.573 48
83.574 48
84.575 48
85.576 48
86.577 47
87.578 47
88.579 47
89.580 47
90.582 47
91.583 46
92.584 46
93.585 46
94.585 46
95.586 46
96.587 46
97.588 46
98.589 46
99.590 46
100.591 45
101.592 45
102.592 45
103.593 45
104.594 45
105.595 45
106.596 45
107.597 45
108.598 45
109.599 45
110.599 45
111.801 45
112.602 44
113.602 44
114.604 44
115.604 44
116.606 44
117.606 44
118.607 44
119.608 44
120.609 44
121.610 44
122.611 44
123.612 44
124.612 44
125.614 44
126.615 44
127.615 44
128.616 44
129.617 43
130.518 43
131.519 43
132.519 42
133.620 42
134.621 42
135.621 42
136.622 42
137.623 42
138.624 42
139.624 42
140.625 42
141.626 42
142.626 42
143.627 42
144.628 42
145.629 42
146.629 42
147.630 42
148.631 42
149.631 42
150.532 42
151.533 42
152.534 41
153.535 41
154.536 41
155.537 40
156.537 40
157.538 40
158.539 40
159.539 40
160.540 40
161.541 40
162.542 40
163.543 40
164.544 40
165.545 40
166.645 40
167.646 40
168.647 40
169.648 40
170.649 40
171.650 40
172.650 40
173.651 40
174.652 40
175.653 40
176.653 40
177.654 40
178.755 40
179.756 39
180.757 39
181.757 39
182.758 39
183.759 39
184.760 39
185.760 39
186.761 38
187.762 38
188.762 38
189.763 38
190.764 38
191.764 38
192.765 38
193.766 38
194.766 38
195.767 38
196.768 38
197.769 38
198.770 38
199.770 38
200.771 38
201.772 38
202.773 38
203.774 38
204.775 37
205.775 37
206.776 37
207.777 37
208.778 37
209.778 37
210.779 37
211.780 37
212.781 37
213.782 37
214.783 37
215.784 37
216.784 37
217.785 37
218.786 37
219.787 36
220.787 36
221.788 36
222.788 36
223.789 36
224.790 36
225.791 36
226.792 36
227.793 36
228.794 36
229.794 36
230.795 36
231.796 36
232.797 36
233.798 36
234.798 36
235.799 36
236.800 36
237.801 36
238.802 36
239.802 36
240.803 36
241.803 36
242.804 36
243.805 36
244.806 36
245.807 36
246.808 36
247.809 35
248.809 34
249.810 34
250.811 34
251.812 34
252.812 34
253.813 34
254.814 34
255.815 34
256.816 34
257.817 34
258.818 34
259.818 34
260.819 34
261.820 34
262.821 34
263.821 34
264.822 34
265.823 34
266.824 34
267.824 34
268.825 34
269.826 34
270.827 34
271.827 34
272.828 34
273.829 34
274.830 34
275.830 32
276.831 32
277.832 32
278.832 32
279.833 32
280.833 31
281.834 31
282.834 31
283.835 31
284.836 31
285.837 31
286.837 31
287.838 31
288.839 31
289.840 31
290.841 31
291.841 31
292.843 31
293.843 31
294.844 31
295.844 31
296.845 31
297.846 31
298.846 31
299.847 31
300.847 31
301.848 29
302.857 25
303.858 21
304.858 14
305.859 13
306.860 7
307.861 6
308.820 3
310.020 3
311.021 2
312.022 2
313.023 2
314.211 2
315.012 1
