1.158 0.004
2.159 0.945
3.160 0.949
4.160 0.943
5.161 0.947
6.162 0.949
7.163 0.949
8.177 0.947
9.178 0.937
10.179 0.945
11.179 0.935
12.207 0.949
13.208 0.949
14.308 0.937
15.309 0.939
16.310 0.949
17.310 0.949
18.311 0.949
19.312 0.949
20.413 0.935
21.414 0.941
22.415 0.949
23.416 0.941
24.416 0.937
25.417 0.941
26.417 0.949
27.418 0.949
28.419 0.949
29.419 0.949
30.420 0.949
31.421 0.949
32.422 0.949
33.423 0.949
34.424 0.949
35.425 0.949
36.425 0.949
37.426 0.949
38.427 0.949
39.428 0.949
40.428 0.949
41.429 0.949
42.430 0.949
43.431 0.949
44.432 0.947
45.433 0.949
46.534 0.945
47.535 0.949
48.535 0.949
49.544 0.932
50.545 0.949
51.546 0.949
52.547 0.949
53.548 0.949
54.549 0.949
55.550 0.949
56.551 0.949
57.552 0.949
58.552 0.947
59.553 0.949
60.554 0.949
61.555 0.949
62.555 0.949
63.556 0.949
64.557 0.949
65.558 0.949
66.559 0.947
67.560 0.949
68.561 0.949
69.562 0.949
70.562 0.949
71.563 0.949
72.564 0.949
73.565 0.949
74.566 0.949
75.567 0.949
76.568 0.949
77.569 0.949
78.569 0.949
79.571 0.949
80.572 0.949
81.573 0.949
82.573 0.949
83.574 0.949
84.575 0.949
85.576 0.949
86.577 0.949
87.578 0.949
88.579 0.949
89.580 0.949
90.582 0.949
91.583 0.947
92.584 0.949
93.585 0.949
94.585 0.949
95.586 0.949
96.587 0.949
97.588 0.949
98.589 0.949
99.590 0.949
100.591 0.949
101.592 0.949
102.592 0.949
103.593 0.949
104.594 0.949
105.595 0.949
106.596 0.949
107.597 0.949
108.598 0.949
109.599 0.949
110.599 0.949
111.801 0.949
112.602 0.949
113.602 0.949
114.604 0.949
115.604 0.949
116.606 0.949
117.606 0.949
118.607 0.949
119.608 0.949
120.609 0.949
121.610 0.949
122.611 0.949
123.612 0.949
124.612 0.949
125.614 0.949
126.615 0.949
127.615 0.949
128.616 0.949
129.617 0.949
130.518 0.949
131.519 0.949
132.519 0.949
133.620 0.949
134.621 0.949
135.621 0.949
136.622 0.949
137.623 0.949
138.624 0.949
139.624 0.949
140.625 0.949
141.626 0.949
142.626 0.949
143.627 0.949
144.628 0.949
145.629 0.949
146.629 0.949
147.630 0.949
148.631 0.949
149.631 0.949
150.532 0.949
151.533 0.949
152.534 0.947
153.535 0.949
154.536 0.949
155.537 0.935
156.537 0.949
157.538 0.949
158.539 0.949
159.539 0.949
160.540 0.949
161.541 0.949
162.542 0.949
163.543 0.949
164.544 0.949
165.545 0.949
166.645 0.949
167.646 0.949
168.647 0.949
169.648 0.949
170.649 0.949
171.650 0.949
172.650 0.949
173.651 0.949
174.652 0.949
175.653 0.949
176.653 0.949
177.654 0.949
178.755 0.951
179.756 0.949
180.757 0.949
181.757 0.949
182.758 0.949
183.759 0.949
184.760 0.949
185.760 0.949
186.761 0.945
187.762 0.949
188.762 0.949
189.763 0.949
190.764 0.949
191.764 0.949
192.765 0.949
193.766 0.949
194.766 0.949
195.767 0.949
196.768 0.949
197.769 0.949
198.770 0.949
199.770 0.949
200.771 0.949
201.772 0.949
202.773 0.949
203.774 0.949
204.775 0.943
205.775 0.949
206.776 0.949
207.777 0.949
208.778 0.949
209.778 0.949
210.779 0.949
211.780 0.949
212.781 0.949
213.782 0.949
214.783 0.949
215.784 0.949
216.784 0.949
217.785 0.949
218.786 0.949
219.787 0.949
220.787 0.949
221.788 0.949
222.788 0.949
223.789 0.949
224.790 0.949
225.791 0.949
226.792 0.949
227.793 0.949
228.794 0.949
229.794 0.949
230.795 0.949
231.796 0.949
232.797 0.949
233.798 0.949
234.798 0.949
235.799 0.949
236.800 0.949
237.801 0.949
238.802 0.949
239.802 0.949
240.803 0.949
241.803 0.949
242.804 0.949
243.805 0.949
244.806 0.949
245.807 0.949
246.808 0.941
247.809 0.949
248.809 0.949
249.810 0.949
250.811 0.949
251.812 0.949
252.812 0.949
253.813 0.949
254.814 0.949
255.815 0.949
256.816 0.949
257.817 0.949
258.818 0.949
259.818 0.949
260.819 0.949
261.820 0.949
262.821 0.949
263.821 0.949
264.822 0.949
265.823 0.949
266.824 0.949
267.824 0.949
268.825 0.949
269.826 0.949
270.827 0.949
271.827 0.949
272.828 0.949
273.829 0.949
274.830 0.949
275.830 0.947
276.831 0.949
277.832 0.949
278.832 0.949
279.833 0.947
280.833 0.949
281.834 0.949
282.834 0.949
283.835 0.949
284.836 0.949
285.837 0.949
286.837 0.949
287.838 0.949
288.839 0.949
289.840 0.949
290.841 0.949
291.841 0.949
292.843 0.949
293.843 0.949
294.844 0.949
295.844 0.949
296.845 0.949
297.846 0.949
298.846 0.949
299.847 0.949
300.847 0.949
301.848 0.918
302.857 0.945
303.858 0.943
304.858 0.843
305.859 0.949
306.860 0.800
307.861 0.881
308.820 0.932
310.020 0.941
311.021 0.941
312.022 0.949
313.023 0.949
314.211 0.949
315.012 0.703
