.084 1
.095 2
.140 3
.220 4
.281 5
.660 6
.692 7
.917 8
1.761 9
1.919 10
2.049 11
2.576 12
2.954 13
3.455 14
3.936 15
4.273 16
4.917 17
5.261 18
6.370 19
8.892 20
9.080 21
9.099 22
9.103 23
9.118 24
9.142 25
9.225 26
10.568 27
10.594 28
10.997 29
11.147 30
12.060 31
12.909 32
13.169 33
13.697 34
13.901 35
17.102 36
17.563 37
18.948 38
19.547 39
19.995 40
20.067 41
20.964 42
23.436 43
26.470 44
29.425 45
37.580 46
37.634 47
40.953 48
50.626 49
61.660 50
65.454 51
65.783 52
66.776 53
71.963 54
82.431 55
89.498 56
99.657 57
100.760 58
109.280 59
109.488 60
116.260 61
140.060 62
195.926 63
205.007 64
211.984 65
