1 xxx 49.05002660989888238424 1843.3 37.580
2 xxx 71428.57142857142857142857 10000 .140
3 xxx 2.92932824589939650061 192.7 65.783
4 xxx 584.72693252251198690211 10000 17.102
7 xxx 11.53780508619218296637 270.4 23.436
8 xxx 91.33421014175069413999 10000 109.488
10 xxx 5.17926932880203908241 152.4 29.425
11 xxx 1093.85254867643841610150 10000 9.142
12 xxx .35587188612099644128 0.1 .281
13 xxx 281.04422714631739481474 3132.8 11.147
15 xxx 39.13496612819176654507 75.1 1.919
16 xxx 21.13968690865301909513 2457.7 116.260
17 xxx 12.51847160650200548870 237.2 18.948
18 xxx 54.90588342275165954351 603.8 10.997
19 xxx 58.33272287744487583327 2388.9 40.953
20 xxx 197.52696243037174574329 10000 50.626
21 xxx 2894.35600578871201157742 10000 3.455
22 xxx 774.65334262917344488341 10000 12.909
24 xxx 3.02863436123348017621 27.5 9.080
26 xxx 48.77882218655948333471 10000 205.007
27 xxx 15151.51515151515151515151 10000 .660
28 xxx 511.58745587558193073105 10000 19.547
29 xxx 149.75440277944171558643 10000 66.776
30 xxx 24.37085724608479357447 1753.8 71.963
31 xxx 106.70103092783505154639 972.9 9.118
34 xxx 0 0.0 .095
35 xxx 3881.98757763975155279503 10000 2.576
36 xxx 92.67881241565452091767 824.1 8.892
37 xxx 0 0.0 .084
38 xxx 16.25448367000188786105 172.2 10.594
39 xxx 43.86349948449924971672 8594.0 195.926
40 xxx 96.32730353316390093187 1933.0 20.067
41 xxx 17.55922815256329209187 1749.9 99.657
42 xxx 21.29053390108090402882 1755.0 82.431
43 xxx 95.90451673297449098993 409.8 4.273
44 xxx 34.42091203968708261782 721.6 20.964
45 xxx 167.91595684270300965360 295.7 1.761
46 xxx 2315.59432933478735005452 2123.4 .917
47 xxx 81.33007931665649786455 399.9 4.917
48 xxx 239.19328266992613062656 9001.8 37.634
49 xxx 69.85383009121881525442 635.6 9.099
50 xxx 9.19937205651491365777 58.6 6.370
51 xxx 23.02991413817337366700 1507.4 65.454
52 xxx 33.10249756730457346740 2041.1 61.660
53 xxx 1.12249877989263055148 2.3 2.049
54 xxx 250.13540961408259986459 738.9 2.954
55 xxx 94.63912995715698121498 861.5 9.103
56 xxx 151.21877135697471334193 1991.4 13.169
58 xxx 71.39797229758674853634 10000 140.060
59 xxx 7.14759535655058043117 86.2 12.060
60 xxx 15.87053739904898482904 3364.3 211.984
61 xxx 317.58220870556928340619 1670.8 5.261
62 xxx 234.24837555669124625830 3208.5 13.697
63 xxx 111.73434043218842879170 10000 89.498
64 xxx 17.96993022084742104884 249.8 13.901
65 xxx 169.18521892615156863861 2971.4 17.563
66 xxx 91.50805270863836017569 10000 109.280
67 xxx 290.20755188797199299824 5802.7 19.995
68 xxx 377.78617302606724593879 10000 26.470
69 xxx 318.18181818181818181818 70.0 .220
71 xxx 10271.67630057803468208092 7108.0 .692
72 xxx 39.11869789599047240968 3941.6 100.760
78 xxx 8.58536585365853658536 79.2 9.225
79 xxx 68.82621951219512195121 270.9 3.936
80 xxx 34.52876608629825889477 364.9 10.568
