1 xxx 63.13968623689799273823 1843.3 29.194
2 xxx 86956.52173913043478260869 10000 .115
3 xxx 3.85122711647613718122 192.7 50.036
4 xxx 587.33701397862093269117 10000 17.026
7 xxx 19.27848281762441180664 270.4 14.026
8 xxx 73.90218307048790221263 10000 135.314
10 xxx 4.98691099476439790575 152.4 30.560
11 xxx 1088.37614279494993469743 10000 9.188
12 xxx .34246575342465753424 0.1 .292
13 xxx 281.17034643690540297971 3132.8 11.142
15 xxx 39.84084880636604774535 75.1 1.885
16 xxx 53.89338420717935223559 2457.7 45.603
17 xxx 13.26770332251929746056 237.2 17.878
18 xxx 54.95585692181669245471 603.8 10.987
19 xxx 59.62858497865861268502 2388.9 40.063
20 xxx 191.22287025528253179080 10000 52.295
21 xxx 4723.66556447803495512517 10000 2.117
22 xxx 790.01422025596460736293 10000 12.658
24 xxx 3.00480769230769230769 27.5 9.152
25 xxx 36.94958967480666127202 10000 270.639
26 xxx 49.25331967374601048110 10000 203.032
27 xxx 15873.01587301587301587301 10000 .630
28 xxx 702.39516752124745381751 10000 14.237
29 xxx 150.49135427169709100212 10000 66.449
30 xxx 25.17079051610310580400 1753.8 69.676
31 xxx 108.53413654618473895582 972.9 8.964
34 xxx 0 0.0 .107
35 xxx 3979.30760047751691205730 10000 2.513
36 xxx 92.80405405405405405405 824.1 8.880
37 xxx 0 0.0 .090
38 xxx 16.89228958210712183637 172.2 10.194
39 xxx 46.38234944895998618352 8594.0 185.286
40 xxx 96.21223433378129510726 1933.0 20.091
41 xxx 17.77450482478415439309 1749.9 98.450
42 xxx 21.04897033954207995010 1755.0 83.377
43 xxx 101.21017535193875030871 409.8 4.049
44 xxx 34.39302225823363995996 721.6 20.981
45 xxx 280.81671415004748338081 295.7 1.053
46 xxx 1817.97945205479452054794 2123.4 1.168
47 xxx 81.01701782820097244732 399.9 4.936
48 xxx 243.08822338041100699414 9001.8 37.031
49 xxx 70.79527734462018266874 635.6 8.978
50 xxx 10.08085325993462927920 58.6 5.813
51 xxx 24.90829174790971281271 1507.4 60.518
52 xxx 31.75870170688823538564 2041.1 64.269
53 xxx 1.14942528735632183908 2.3 2.001
54 xxx 239.51377633711507293354 738.9 3.085
55 xxx 87.11699868540802912326 861.5 9.889
56 xxx 152.52757352941176470588 1991.4 13.056
58 xxx 76.25438462711605917340 10000 131.140
59 xxx 7.07253035772891368559 86.2 12.188
60 xxx 18.03082760764473218783 3364.3 186.586
61 xxx 283.04252075215991868541 1670.8 5.903
62 xxx 70.76845030658608672636 3208.5 45.338
63 xxx 49.72749333651589290687 10000 201.096
64 xxx 17.92737189608152719965 249.8 13.934
65 xxx 212.53129246834990344038 2971.4 13.981
66 xxx 73.22091482210978743968 10000 136.573
67 xxx 284.76713942189723708102 5802.7 20.377
68 xxx 307.00273232431768642740 10000 32.573
69 xxx 277.77777777777777777777 70.0 .252
71 xxx 10407.02781844802342606149 7108.0 .683
72 xxx 41.50144774940773887865 3941.6 94.975
78 xxx 7.53998476770753998476 79.2 10.504
79 xxx 75.10396451344607707235 270.9 3.607
80 xxx 34.67312808817939946788 364.9 10.524
