2 xxx 48543.68932038834951456310 50000 1.03
7 xxx 3.71837183718371837183 270.4 72.72
10 xxx 1.85989748596534049304 152.4 81.94
12 xxx .08695652173913043478 0.1 1.15
13 xxx 154.55352738036507153428 3132.8 20.27
15 xxx 12.19155844155844155844 75.1 6.16
17 xxx 3.65992902329887363061 237.2 64.81
18 xxx 11.44644549763033175355 603.8 52.75
19 xxx 9.01812004530011325028 2388.9 264.90
21 xxx 1400.16802016241949033884 50000 35.71
22 xxx 72.33400509121764955451 13639.3 188.56
24 xxx 1.43528183716075156576 27.5 19.16
27 xxx 635.80874872838250254323 50000 78.64
31 xxx 50.25309917355371900826 972.9 19.36
34 xxx .00096153846153846153 0.001 1.04
36 xxx 11.99737953122725287523 824.1 68.69
37 xxx .00097087378640776699 0.001 1.03
38 xxx 5.66261098322920092074 172.2 30.41
40 xxx 19.44276805471736069201 1933.0 99.42
43 xxx 8.23884197828709288299 409.8 49.74
44 xxx 4.99930719135374809477 721.6 144.34
45 xxx 24.37757625721352019785 295.7 12.13
46 xxx 80.03769317753486618921 2123.4 26.53
47 xxx 12.27063516416078551702 399.9 32.59
49 xxx 8.50073558914002942356 635.6 74.77
50 xxx 3.18998366902558519324 58.6 18.37
53 xxx .65155807365439093484 2.3 3.53
54 xxx 15.50031466331025802391 738.9 47.67
55 xxx 21.25585985689612632617 861.5 40.53
56 xxx 14.96843054720384846662 1991.4 133.04
59 xxx 1.97208876687256920613 86.2 43.71
61 xxx 28.05709487825356842989 1670.8 59.55
64 xxx 6.49505980239209568382 249.8 38.46
65 xxx 12.50905110718194830344 2971.4 237.54
67 xxx 51.03069211151174039222 5802.7 113.71
68 xxx 749.98208802456499488229 29309.3 39.08
69 xxx 13.61867704280155642023 70.0 5.14
71 xxx 71.10844337735094037615 7108.0 99.96
78 xxx 3.13663366336633663366 79.2 25.25
80 xxx 7.10336772435273505937 364.9 51.37
