2 xxx 4.66990291262135922330 4.81 1.03
7 xxx 3.15841584158415841584 229.68 72.72
10 xxx 1.43702709299487429826 117.75 81.94
12 xxx 262.29565217391304347826 301.64 1.15
13 xxx 80.91563887518500246669 1640.16 20.27
15 xxx 22.86850649350649350649 140.87 6.16
17 xxx 4.18639098904490047832 271.32 64.81
18 xxx 10.29194312796208530805 542.90 52.75
19 xxx 5.05934314835787089467 1340.22 264.90
21 xxx 7.62755530663679641556 272.38 35.71
22 xxx 15.69351930420025456088 2959.17 188.56
24 xxx .40135699373695198329 7.69 19.16
27 xxx .26233468972533062054 20.63 78.64
31 xxx 18.54493801652892561983 359.03 19.36
34 xxx 48076.92307692307692307692 50000 1.04
36 xxx 4.55102635026932595719 312.61 68.69
37 xxx 1925.16504854368932038834 1982.92 1.03
38 xxx 2.09996711608023676422 63.86 30.41
40 xxx 13.28656205994769664051 1320.95 99.42
43 xxx 1.01246481704865299557 50.36 49.74
44 xxx 2.31342663156436192323 333.92 144.34
45 xxx .22671063478977741137 2.75 12.13
46 xxx 15.09724839803995476818 400.53 26.53
47 xxx 11.23718932187787664927 366.22 32.59
49 xxx 7.31630333021265213320 547.04 74.77
50 xxx 1.67011431682090364725 30.68 18.37
53 xxx .36827195467422096317 1.30 3.53
54 xxx .16844975875812880218 8.03 47.67
55 xxx 40.39624969158647915124 1637.26 40.53
56 xxx 4.08929645219482862297 544.04 133.04
59 xxx 1.46236559139784946236 63.92 43.71
61 xxx 26.59059613769941225860 1583.47 59.55
64 xxx 2.40743629745189807592 92.59 38.46
65 xxx .34874126462911509640 82.84 237.54
67 xxx 310.26497229795092779878 35280.23 113.71
68 xxx 37.35875127942681678607 1459.98 39.08
69 xxx 14.29182879377431906614 73.46 5.14
71 xxx 500.20008003201280512204 50000 99.96
78 xxx 1.69188118811881188118 42.72 25.25
80 xxx 9.11232236714035429238 468.10 51.37
