1 xxx 22.38916555326126563828 1843.3 82.33
4 xxx 261.16479498563593627579 10000 38.29
6 xxx 49.07252919815487290214 10000 203.78
7 xxx 6.89971931615207961214 270.4 39.19
10 xxx .85584320772729825349 152.4 178.07
12 xxx .06329113924050632911 0.1 1.58
15 xxx 8.01494130202774813233 75.1 9.37
16 xxx 12.81052905916080271045 2457.7 191.85
17 xxx 3.07134533212482196037 237.2 77.23
18 xxx 38.60613810741687979539 603.8 15.64
20 xxx 326.79738562091503267973 10000 30.60
21 xxx 2890.17341040462427745664 10000 3.46
22 xxx 321.85387833923398776955 10000 31.07
24 xxx 2.21595487510072522159 27.5 12.41
28 xxx 2298.85057471264367816091 10000 4.35
31 xxx 103.83137673425827107790 972.9 9.37
34 xxx 0 0.0 1.13
36 xxx 36.06564551422319474835 824.1 22.85
37 xxx 0 0.0 1.11
38 xxx 4.90039840637450199203 172.2 35.14
39 xxx 30.01641577311305927141 8594.0 286.31
40 xxx 33.24161650902837489251 1933.0 58.15
42 xxx 20.72997873848334514528 1755.0 84.66
43 xxx 68.41402337228714524207 409.8 5.99
44 xxx 3.73924759042387812208 721.6 192.98
45 xxx 215.83941605839416058394 295.7 1.37
46 xxx 1105.93750000000000000000 2123.4 1.92
47 xxx 25.73359073359073359073 399.9 15.54
49 xxx 6.41501816713766653209 635.6 99.08
50 xxx 5.21352313167259786476 58.6 11.24
52 xxx 14.53153922825003559732 2041.1 140.46
53 xxx .62841530054644808743 2.3 3.66
54 xxx 44.94525547445255474452 738.9 16.44
55 xxx 6.95824246829819885308 861.5 123.81
56 xxx 27.06441967926066865996 1991.4 73.58
58 xxx 109.60105217010083296799 10000 91.24
59 xxx 2.13524894723804805548 86.2 40.37
60 xxx 45.27994616419919246298 3364.3 74.30
61 xxx 25.83578166073913715787 1670.8 64.67
62 xxx 75.42313117066290550070 3208.5 42.54
63 xxx 4237.28813559322033898305 10000 2.36
64 xxx 6.62072621256294725682 249.8 37.73
65 xxx 113.45551737304314623902 2971.4 26.19
67 xxx 127.89728895746087723165 5802.7 45.37
68 xxx 408.49673202614379084967 10000 24.48
69 xxx 18.56763925729442970822 70.0 3.77
71 xxx 155.94559017112768758227 7108.0 45.58
74 xxx 2.52422546744916063873 369.9 146.54
78 xxx 2.54008980115458627325 79.2 31.18
79 xxx 24.78499542543458371454 270.9 10.93
80 xxx 13.31751824817518248175 364.9 27.40
