1 xxx 31.30858423462925070642 642.64 20.526
2 xxx 32.94520547945205479452 4.81 .146
3 xxx 29.54284282313351352318 1650.47 55.867
4 xxx 446.73146831041567883673 5652.94 12.654
7 xxx 9.77153797064454371410 229.68 23.505
8 xxx 97.47063697061260295336 10000 102.595
10 xxx 4.30498683825680023398 117.75 27.352
11 xxx 1087.19286801478582300500 10000 9.198
12 xxx 1022.50847457627118644067 301.64 .295
13 xxx 140.66552315608919382504 1640.16 11.660
15 xxx 74.14210526315789473684 140.87 1.900
16 xxx 2.80410712233247768284 146.38 52.202
17 xxx 14.84082704299310797505 271.32 18.282
18 xxx 45.17766497461928934010 542.90 12.017
19 xxx 27.78176240127692212018 1340.22 48.241
20 xxx 85.62147033007071760984 5169.91 60.381
21 xxx 75.82962138084632516703 272.38 3.592
22 xxx 212.46194715680643308443 2959.17 13.928
24 xxx .84034531745164462900 7.69 9.151
26 xxx 46.43085980666189976505 10000 215.374
27 xxx 31.54434250764525993883 20.63 .654
28 xxx 23.16946959896507115135 376.11 16.233
29 xxx 21.31079260075952468455 1391.68 65.304
30 xxx 7.95700376554600417060 530.39 66.657
31 xxx 38.45651242502142245072 359.03 9.336
34 xxx 93457.94392523364485981308 10000 .107
35 xxx 257.51459549624687239366 617.52 2.398
36 xxx 33.26700010641694157709 312.61 9.397
37 xxx 22792.18390804597701149425 1982.92 .087
38 xxx 5.77709426451963090284 63.86 11.054
39 xxx 1.62428035704853958696 369.03 227.196
40 xxx 65.88607910618983490448 1320.95 20.049
41 xxx 13.81002477681205018287 1404.59 101.708
42 xxx 15.60138451856513530522 1239.53 79.450
43 xxx 12.40088648116227530164 50.36 4.061
44 xxx 9.81396032329169728141 333.92 34.025
45 xxx 3.40768277571251548946 2.75 .807
46 xxx 410.37909836065573770491 400.53 .976
47 xxx 73.24400000000000000000 366.22 5.000
48 xxx 147.14321449066376304056 10000 67.961
49 xxx 28.52732582394659991656 547.04 19.176
50 xxx 3.77553531873000246123 30.68 8.126
51 xxx 5.97459122456181625691 355.53 59.507
52 xxx 161.37882064357873672659 10000 61.966
53 xxx .64388311045071817731 1.30 2.019
54 xxx 2.66954787234042553191 8.03 3.008
55 xxx 137.70058873002523128679 1637.26 11.890
56 xxx 42.88168991881453456293 544.04 12.687
58 xxx 4.70570356862221826861 634.79 134.898
59 xxx 5.65763852009205169056 63.92 11.298
60 xxx .68492113883013838022 162.89 237.823
61 xxx 268.20291327913279132791 1583.47 5.904
62 xxx 26.34421872033415606607 555.02 21.068
63 xxx .00130039951162773896 0.36 276.838
64 xxx 6.23124032572851470489 92.59 14.859
65 xxx 4.93830104321907600596 82.84 16.775
66 xxx 50.88929034884608534133 10000 196.505
67 xxx 487.73350241428083695069 10000 20.503
68 xxx 107.19383259911894273127 1459.98 13.620
69 xxx 318.00865800865800865800 73.46 .231
71 xxx 13661.20218579234972677595 10000 .732
72 xxx 1.70340836296967153365 154.23 90.542
78 xxx 4.48645242596093257718 42.72 9.522
79 xxx 11.58829961727720065609 42.39 3.658
80 xxx 34.04363636363636363636 468.10 13.750
