1 xxx 89.80317645912501217967 1843.3 20.526
2 xxx 68493.15068493150684931506 10000 .146
3 xxx 3.44926342921581613474 192.7 55.867
4 xxx 790.26394815868500079026 10000 12.654
7 xxx 11.50393533290789193788 270.4 23.505
8 xxx 97.47063697061260295336 10000 102.595
10 xxx 5.57180462123427902895 152.4 27.352
11 xxx 1087.19286801478582300500 10000 9.198
12 xxx .33898305084745762711 0.1 .295
13 xxx 268.67924528301886792452 3132.8 11.660
15 xxx 39.52631578947368421052 75.1 1.900
16 xxx 47.08057162560821424466 2457.7 52.202
17 xxx 12.97451044743463516026 237.2 18.282
18 xxx 50.24548556212032953316 603.8 12.017
19 xxx 49.52011774216952384900 2388.9 48.241
20 xxx 165.61501134462827710703 10000 60.381
21 xxx 2783.96436525612472160356 10000 3.592
22 xxx 717.97817346352670878805 10000 13.928
24 xxx 3.00513605070484100098 27.5 9.151
26 xxx 46.43085980666189976505 10000 215.374
27 xxx 15290.51987767584097859327 10000 .654
28 xxx 616.02907657241421795108 10000 16.233
29 xxx 153.12997672424353791498 10000 65.304
30 xxx 26.31081506818488680858 1753.8 66.657
31 xxx 104.20951156812339331619 972.9 9.336
34 xxx 0 0.0 .107
35 xxx 4170.14178482068390325271 10000 2.398
36 xxx 87.69820155368734702564 824.1 9.397
37 xxx 0 0.0 .087
38 xxx 15.57807128641215849466 172.2 11.054
39 xxx 37.82637018257363685980 8594.0 227.196
40 xxx 96.41378622375180807022 1933.0 20.049
41 xxx 17.20513627246627600582 1749.9 101.708
42 xxx 22.08936438011327879169 1755.0 79.450
43 xxx 100.91110563900517114011 409.8 4.061
44 xxx 21.20793534166054371785 721.6 34.025
45 xxx 366.41883519206939281288 295.7 .807
46 xxx 2175.61475409836065573770 2123.4 .976
47 xxx 79.98000000000000000000 399.9 5.000
48 xxx 132.45537882020570621385 9001.8 67.961
49 xxx 33.14559866499791405924 635.6 19.176
50 xxx 7.21142013290671917302 58.6 8.126
51 xxx 25.33147360814694069605 1507.4 59.507
52 xxx 32.93903108156085595326 2041.1 61.966
53 xxx 1.13917781079742446755 2.3 2.019
54 xxx 245.64494680851063829787 738.9 3.008
55 xxx 72.45584524810765349032 861.5 11.890
56 xxx 156.96382123433435800425 1991.4 12.687
58 xxx 74.13008347047398775371 10000 134.898
59 xxx 7.62966896795893078420 86.2 11.298
60 xxx 14.14623480487589509845 3364.3 237.823
61 xxx 282.99457994579945799457 1670.8 5.904
62 xxx 152.29257641921397379912 3208.5 21.068
63 xxx 36.12220865632608240198 10000 276.838
64 xxx 16.81136011844673261996 249.8 14.859
65 xxx 177.13263785394932935916 2971.4 16.775
66 xxx 50.88929034884608534133 10000 196.505
67 xxx 283.01711944593474125737 5802.7 20.503
68 xxx 734.21439060205580029368 10000 13.620
69 xxx 303.03030303030303030303 70.0 .231
71 xxx 9710.38251366120218579234 7108.0 .732
72 xxx 43.53338782001722957301 3941.6 90.542
78 xxx 8.31758034026465028355 79.2 9.522
79 xxx 74.05686167304537998906 270.9 3.658
80 xxx 26.53818181818181818181 364.9 13.750
