.111 1
.115 2
.145 3
.280 4
.331 5
.517 6
.712 7
.790 8
1.006 9
3.029 10
3.105 11
3.679 12
3.760 13
3.781 14
3.941 15
7.541 16
7.575 17
9.146 18
9.820 19
12.330 20
12.447 21
14.000 22
15.498 23
17.512 24
18.135 25
18.531 26
19.797 27
20.925 28
21.878 29
23.224 30
23.915 31
24.609 32
25.559 33
27.939 34
36.006 35
37.999 36
42.928 37
43.654 38
49.123 39
51.104 40
52.819 41
56.800 42
59.248 43
64.946 44
69.995 45
70.436 46
72.764 47
75.121 48
93.396 49
110.908 50
137.917 51
151.447 52
157.582 53
193.018 54
202.231 55
206.094 56
210.324 57
223.710 58
274.374 59
