1 xxx 19.73639128014047710822 1843.3 93.396
2 xxx 68965.51724137931034482758 10000 .145
3 xxx 3.39260563380281690140 192.7 56.800
4 xxx 551.41990625861593603529 10000 18.135
7 xxx 5.29117094552285535378 270.4 51.104
8 xxx 49.44840306382305383447 10000 202.231
10 xxx 3.55013045098770033544 152.4 42.928
11 xxx 1093.37415263503170785042 10000 9.146
12 xxx .30211480362537764350 0.1 .331
13 xxx 178.89447236180904522613 3132.8 17.512
15 xxx 20.41315574884479478119 75.1 3.679
16 xxx 10.98609807339859639712 2457.7 223.710
17 xxx 4.49080823188625305287 237.2 52.819
18 xxx 25.99896658629004478126 603.8 23.224
19 xxx 15.15972636468632204185 2388.9 157.582
20 xxx 153.97407076648292427555 10000 64.946
21 xxx 2659.57446808510638297872 10000 3.760
22 xxx 90.16482129332419663144 10000 110.908
24 xxx 1.96428571428571428571 27.5 14.000
26 xxx 48.52154841965316797189 10000 206.094
27 xxx 19342.35976789168278529980 10000 .517
28 xxx 811.03000811030008110300 10000 12.330
29 xxx 47.54569140944447614157 10000 210.324
31 xxx 52.50121418164157357940 972.9 18.531
34 xxx 0 0.0 .111
35 xxx 2537.42704897234204516620 10000 3.941
36 xxx 37.66797696315933814791 824.1 21.878
37 xxx 0 0.0 .115
38 xxx 8.22939068100358422939 172.2 20.925
40 xxx 78.54849851680279572514 1933.0 24.609
42 xxx 9.09241625133407246992 1755.0 193.018
43 xxx 5.81804758930092566301 409.8 70.436
44 xxx 12.17931406967323791520 721.6 59.248
45 xxx 374.30379746835443037974 295.7 .790
46 xxx 2110.73558648111332007952 2123.4 1.006
47 xxx 40.72301425661914460285 399.9 9.820
48 xxx 59.43861548924706332908 9001.8 151.447
49 xxx 26.57746184403094292285 635.6 23.915
50 xxx 4.70796175785329798344 58.6 12.447
51 xxx 5.49396079803479921566 1507.4 274.374
52 xxx 27.17083105922445121870 2041.1 75.121
53 xxx .75932651039947177286 2.3 3.029
54 xxx 237.97101449275362318840 738.9 3.105
55 xxx 22.67164925392773494039 861.5 37.999
56 xxx 55.30744875854024329278 1991.4 36.006
59 xxx 1.97461859165254043157 86.2 43.654
61 xxx 59.80171087010988224345 1670.8 27.939
62 xxx 425.47407505635857313353 3208.5 7.541
63 xxx 1320.13201320132013201320 10000 7.575
64 xxx 5.08519430816521792235 249.8 49.123
65 xxx 150.09344850229832802949 2971.4 19.797
67 xxx 82.90163583113079505678 5802.7 69.995
68 xxx 137.43059754823813973943 10000 72.764
69 xxx 250.00000000000000000000 70.0 .280
71 xxx 9983.14606741573033707865 7108.0 .712
72 xxx 28.57950796493543218022 3941.6 137.917
78 xxx 5.11033681765389082462 79.2 15.498
79 xxx 71.64771224543771489024 270.9 3.781
80 xxx 14.27677139168199068821 364.9 25.559
