1 xxx 67.47812717355492916498 1843.3 27.317
2 xxx 71428.57142857142857142857 10000 .140
3 xxx 2.99530574812696241489 192.7 64.334
4 xxx 822.30079763177370282049 10000 12.161
7 xxx 13.87022313413695819440 270.4 19.495
8 xxx 38.57935387298133530859 10000 259.206
10 xxx 5.56651325882095112864 152.4 27.378
11 xxx 1104.11836148835155128629 10000 9.057
12 xxx .33444816053511705685 0.1 .299
13 xxx 224.01144082946013585984 3132.8 13.985
15 xxx 27.73264401772525849335 75.1 2.708
16 xxx 49.42484816796042311869 2457.7 49.726
17 xxx 14.47400536978276787893 237.2 16.388
18 xxx 45.70779712339137017411 603.8 13.210
19 xxx 28.96092717640355449949 2388.9 82.487
20 xxx 44.08393581378945512255 10000 226.840
21 xxx 3619.25443358668114368440 10000 2.763
22 xxx 711.99715201139195443218 10000 14.045
24 xxx 3.11968235961429381735 27.5 8.815
26 xxx 46.49432769202157336804 10000 215.080
27 xxx 15723.27044025157232704402 10000 .636
28 xxx 381.24285169653069004956 10000 26.230
29 xxx 106.26766699963868993220 10000 94.102
30 xxx 25.79079719415890942780 1753.8 68.001
31 xxx 97.70034143402289616388 972.9 9.958
34 xxx 0 0.0 .091
35 xxx 4835.58994197292069632495 10000 2.068
36 xxx 82.74927201526257656391 824.1 9.959
37 xxx 0 0.0 .082
38 xxx 16.20553359683794466403 172.2 10.626
39 xxx 30.23660832087254815726 8594.0 284.225
40 xxx 91.32571104601719739204 1933.0 21.166
41 xxx 13.92412113881948533507 1749.9 125.674
42 xxx 15.55478741790528862772 1755.0 112.827
43 xxx 100.12215978499877840215 409.8 4.093
44 xxx 13.30358953559115798012 721.6 54.241
45 xxx 345.04084014002333722287 295.7 .857
46 xxx 2251.74973488865323435843 2123.4 .943
47 xxx 80.36575562700964630225 399.9 4.976
48 xxx 51.74846079113323713876 9001.8 173.953
49 xxx 20.68539069873401243206 635.6 30.727
50 xxx 7.57889291257113295395 58.6 7.732
51 xxx 26.24714875241594260939 1507.4 57.431
52 xxx 21.12590047197151610499 2041.1 96.616
53 xxx 1.14370959721531576330 2.3 2.011
54 xxx 250.22011513714866237724 738.9 2.953
55 xxx 47.48649542498070774997 861.5 18.142
56 xxx 70.64959023663390924894 1991.4 28.187
58 xxx 122.52049155221210747497 10000 81.619
59 xxx 6.57613671040585901739 86.2 13.108
60 xxx 22.72714990204688238870 3364.3 148.030
61 xxx 278.60596965149241287310 1670.8 5.997
62 xxx 282.18997361477572559366 3208.5 11.370
63 xxx 37.97343378572350783391 10000 263.342
64 xxx 16.65666466626658665066 249.8 14.997
65 xxx 79.17821360051161799189 2971.4 37.528
67 xxx 352.16969108454208897250 5802.7 16.477
68 xxx 402.26879600949354358582 10000 24.859
69 xxx 270.27027027027027027027 70.0 .259
71 xxx 11054.43234836702954898911 7108.0 .643
72 xxx 40.06871943967226113387 3941.6 98.371
78 xxx 10.58399037819056528130 79.2 7.483
79 xxx 70.32710280373831775700 270.9 3.852
80 xxx 21.89356212875742485150 364.9 16.667
