1 xxx 6.88080859994004025868 642.64 93.396
2 xxx 33.17241379310344827586 4.81 .145
3 xxx 29.05757042253521126760 1650.47 56.800
4 xxx 311.71436448855803694513 5652.94 18.135
7 xxx 4.49436443331246086412 229.68 51.104
8 xxx 49.44840306382305383447 10000 202.231
10 xxx 2.74296496459187476705 117.75 42.928
11 xxx 1093.37415263503170785042 10000 9.146
12 xxx 911.29909365558912386706 301.64 .331
13 xxx 93.65920511649154865235 1640.16 17.512
15 xxx 38.29029627616200054362 140.87 3.679
16 xxx .65432926556702874256 146.38 223.710
17 xxx 5.13678789829417444480 271.32 52.819
18 xxx 23.37667929727867723045 542.90 23.224
19 xxx 8.50490538259445875797 1340.22 157.582
20 xxx 79.60320881963477350414 5169.91 64.946
21 xxx 72.44148936170212765957 272.38 3.760
22 xxx 26.68130342265661629458 2959.17 110.908
24 xxx .54928571428571428571 7.69 14.000
26 xxx 48.52154841965316797189 10000 206.094
27 xxx 39.90328820116054158607 20.63 .517
28 xxx 30.50364963503649635036 376.11 12.330
29 xxx 6.61683878206956885567 1391.68 210.324
31 xxx 19.37456154551832065188 359.03 18.531
34 xxx 90090.09009009009009009009 10000 .111
35 xxx 156.69119512814006597310 617.52 3.941
36 xxx 14.28878325258250297102 312.61 21.878
37 xxx 17242.78260869565217391304 1982.92 .115
38 xxx 3.05185185185185185185 63.86 20.925
40 xxx 53.67751635580478686659 1320.95 24.609
42 xxx 6.42183630542229222145 1239.53 193.018
43 xxx .71497529672326651144 50.36 70.436
44 xxx 5.63597083445854712395 333.92 59.248
45 xxx 3.48101265822784810126 2.75 .790
46 xxx 398.14115308151093439363 400.53 1.006
47 xxx 37.29327902240325865580 366.22 9.820
48 xxx 66.02970015913157738350 10000 151.447
49 xxx 22.87434664436546100773 547.04 23.915
50 xxx 2.46485096810476420020 30.68 12.447
51 xxx 1.29578604386713026744 355.53 274.374
52 xxx 133.11856870914923922737 10000 75.121
53 xxx .42918454935622317596 1.30 3.029
54 xxx 2.58615136876006441223 8.03 3.105
55 xxx 43.08692334008789704992 1637.26 37.999
56 xxx 15.10970393823251680275 544.04 36.006
59 xxx 1.46424153571264947083 63.92 43.654
61 xxx 56.67597265471205125451 1583.47 27.939
62 xxx 73.60031826017769526587 555.02 7.541
63 xxx .04752475247524752475 0.36 7.575
64 xxx 1.88486045233393725953 92.59 49.123
65 xxx 4.18447239480729403444 82.84 19.797
67 xxx 142.86734766769054932495 10000 69.995
68 xxx 20.06459238084767192567 1459.98 72.764
69 xxx 262.35714285714285714285 73.46 .280
71 xxx 14044.94382022471910112359 10000 .712
72 xxx 1.11828128512076103743 154.23 137.917
78 xxx 2.75648470770421989934 42.72 15.498
79 xxx 11.21131975667812747950 42.39 3.781
80 xxx 18.31448804726319496067 468.10 25.559
