2 xxx 16556.29139072847682119205 50000 3.02
3 xxx 1.21715512885295603840 192.7 158.32
7 xxx 1.88418925510417392516 270.4 143.51
10 xxx 1.90762298159969958693 152.4 79.89
12 xxx .09009009009009009009 0.1 1.11
13 xxx 69.27908005307386112339 3132.8 45.22
15 xxx 4.94404213298222514812 75.1 15.19
17 xxx 1.94266994266994266994 237.2 122.10
18 xxx 4.48222106747828668992 603.8 134.71
21 xxx 1203.94895256441126896219 50000 41.53
24 xxx .88623912342893973573 27.5 31.03
27 xxx 1715.85449553877831159917 50000 29.14
31 xxx 43.80459252588923908149 972.9 22.21
34 xxx .00098039215686274509 0.001 1.02
36 xxx 4.14203860072376357056 824.1 198.96
37 xxx .00098039215686274509 0.001 1.02
38 xxx 3.80720760557152332522 172.2 45.23
40 xxx 14.61183762945044976944 1933.0 132.29
43 xxx 3.84175494515796381363 409.8 106.67
44 xxx 2.73789649415692821368 721.6 263.56
45 xxx 13.36799276672694394213 295.7 22.12
46 xxx 38.19064748201438848920 2123.4 55.60
47 xxx 4.38919986829107672044 399.9 91.11
49 xxx 4.95247000155836060464 635.6 128.34
50 xxx 1.61476990906585836318 58.6 36.29
53 xxx .51801801801801801801 2.3 4.44
54 xxx 2.99295204147764095917 738.9 246.88
55 xxx 5.79939414338606529787 861.5 148.55
59 xxx 1.09752992105933282403 86.2 78.54
61 xxx 8.03694261388234162297 1670.8 207.89
64 xxx 2.99376797698945349952 249.8 83.44
65 xxx 10.38587906326459279972 2971.4 286.10
67 xxx 20.98322123381789252910 5802.7 276.54
69 xxx 33.49282296650717703349 70.0 2.09
78 xxx 1.67654530059271803556 79.2 47.24
80 xxx 3.53790963738607717665 364.9 103.14
