5.859 1
9.374 2
40.300 3
40.704 4
42.191 5
75.182 6
222.601 7
934.312 8
1072.443 9
1086.194 10
1097.813 11
1513.001 12
1533.722 13
1882.687 14
1988.557 15
2087.553 16
2090.600 17
2589.912 18
2614.803 19
2640.631 20
2700.534 21
2702.787 22
2707.025 23
3038.771 24
3367.824 25
3371.385 26
3745.640 27
3764.855 28
4076.904 29
4091.232 30
4393.092 31
4410.098 32
4422.455 33
4864.523 34
4865.750 35
4886.060 36
5187.523 37
5263.424 38
5263.786 39
5266.958 40
5629.651 41
5629.816 42
5885.738 43
5893.871 44
5907.516 45
5919.279 46
5959.602 47
6260.796 48
6367.786 49
6700.814 50
6709.717 51
6720.446 52
6783.141 53
7089.109 54
7117.894 55
7127.608 56
7262.115 57
7273.476 58
7677.852 59
7991.346 60
8303.970 61
