0.161621 1
0.182617 2
0.320801 3
0.359234 4
0.847168 5
1.204102 6
1.253906 7
1.482876 8
1.508360 9
2.213623 10
2.662354 11
3.051025 12
3.107910 13
3.427541 14
4.177246 15
5.845215 16
8.084961 17
8.857422 18
9.432617 19
10.694824 20
11.319824 21
11.381348 22
11.588867 23
11.647217 24
11.759277 25
12.229492 26
12.322754 27
13.610840 28
13.695312 29
14.280518 30
16.981445 31
18.916504 32
19.140381 33
20.692383 34
24.847168 35
25.754395 36
28.599121 37
28.749512 38
29.483398 39
30.833271 40
31.198730 41
32.787777 42
39.483887 43
48.650513 44
59.858398 45
62.212891 46
62.619629 47
67.643311 48
74.255859 49
94.558105 50
98.521240 51
105.491333 52
106.926270 53
110.321899 54
113.564209 55
134.423828 56
137.578796 57
141.812988 58
147.296326 59
198.977783 60
255.857910 61
