1 xxx 77.64859513880112894393 1843.3 23.739
2 xxx 90090.09009009009009009009 10000 .111
3 xxx 3.93916474171589770845 192.7 48.919
4 xxx 703.72976776917663617171 10000 14.210
7 xxx 8.76612850936912403553 270.4 30.846
8 xxx 67.40951957235400783298 10000 148.347
10 xxx 4.53288123494244668510 152.4 33.621
11 xxx 1071.35204628240839940004 10000 9.334
12 xxx .34843205574912891986 0.1 .287
13 xxx 305.99726509083805430748 3132.8 10.238
15 xxx 39.31937172774869109947 75.1 1.910
16 xxx 39.53320036031398790374 2457.7 62.168
17 xxx 13.73639101227704424368 237.2 17.268
18 xxx 45.25219216068350445926 603.8 13.343
19 xxx 36.05016147043732834334 2388.9 66.266
20 xxx 160.24100246771143800275 10000 62.406
21 xxx 5040.32258064516129032258 10000 1.984
22 xxx 591.61095663491687866059 10000 16.903
24 xxx 2.76021278731305831576 27.5 9.963
26 xxx 49.53265935894832257649 10000 201.887
27 xxx 20491.80327868852459016393 10000 .488
28 xxx 3120.12480499219968798751 10000 3.205
29 xxx 142.26167612706812911669 10000 70.293
30 xxx 16.54981079729359919223 1753.8 105.971
31 xxx 98.84181651935385553185 972.9 9.843
34 xxx 0 0.0 .101
35 xxx 4321.52117545375972342264 10000 2.314
36 xxx 82.80747588424437299035 824.1 9.952
37 xxx 0 0.0 .089
38 xxx 13.27781633125144575526 172.2 12.969
39 xxx 63.38412520466714852565 8594.0 135.586
40 xxx 92.02570816472268507498 1933.0 21.005
41 xxx 11.92769359752980389751 1749.9 146.709
42 xxx 24.39532944120100083402 1755.0 71.940
43 xxx 83.64972443355786895284 409.8 4.899
44 xxx 15.66244139607570758812 721.6 46.072
45 xxx 266.87725631768953068592 295.7 1.108
46 xxx 2207.27650727650727650727 2123.4 .962
47 xxx 71.46175839885632594710 399.9 5.596
48 xxx 119.46490424811880399729 9001.8 75.351
49 xxx 30.34179873973649035707 635.6 20.948
50 xxx 7.21852673072185267307 58.6 8.118
51 xxx 19.32291599902577841586 1507.4 78.011
52 xxx 36.50035765379113018597 2041.1 55.920
53 xxx 1.07879924953095684803 2.3 2.132
54 xxx 248.28629032258064516129 738.9 2.976
55 xxx 67.16825198814907219709 861.5 12.826
56 xxx 123.20732537276495700055 1991.4 16.163
59 xxx 4.55265659659871131298 86.2 18.934
61 xxx 246.24907885040530582166 1670.8 6.785
62 xxx 335.33653846153846153846 3208.5 9.568
63 xxx 56.11388874860416701737 10000 178.209
64 xxx 11.35144960465327637916 249.8 22.006
65 xxx 93.19115571585384977262 2971.4 31.885
66 xxx 40.82749159974360335275 10000 244.933
67 xxx 170.22705937573339591645 5802.7 34.088
68 xxx 350.88950489490859328397 10000 28.499
69 xxx 268.19923371647509578544 70.0 .261
71 xxx 9804.13793103448275862068 7108.0 .725
72 xxx 40.37076867926460797869 3941.6 97.635
78 xxx 11.84387617765814266487 79.2 6.687
79 xxx 70.87912087912087912087 270.9 3.822
80 xxx 24.97091630739752275371 364.9 14.613
