1 xxx 7.80566014818413700959 642.64 82.33
4 xxx 147.63489161661008096108 5652.94 38.29
6 xxx 49.07252919815487290214 10000 203.78
7 xxx 5.86067874457769839244 229.68 39.19
10 xxx .66125680912000898523 117.75 178.07
12 xxx 190.91139240506329113924 301.64 1.58
15 xxx 15.03415154749199573105 140.87 9.37
16 xxx .76299192077143601772 146.38 191.85
17 xxx 3.51314256118088825585 271.32 77.23
18 xxx 34.71227621483375959079 542.90 15.64
20 xxx 168.95130718954248366013 5169.91 30.60
21 xxx 78.72254335260115606936 272.38 3.46
22 xxx 95.24203411651110395880 2959.17 31.07
24 xxx .61966156325543916196 7.69 12.41
28 xxx 86.46206896551724137931 376.11 4.35
31 xxx 38.31696905016008537886 359.03 9.37
34 xxx 8849.55752212389380530973 10000 1.13
36 xxx 13.68096280087527352297 312.61 22.85
37 xxx 1786.41441441441441441441 1982.92 1.11
38 xxx 1.81730221969265793966 63.86 35.14
39 xxx 1.28891760678984317697 369.03 286.31
40 xxx 22.71625107480653482373 1320.95 58.15
42 xxx 14.64127096621781242617 1239.53 84.66
43 xxx 8.40734557595993322203 50.36 5.99
44 xxx 1.73033474971499637268 333.92 192.98
45 xxx 2.00729927007299270072 2.75 1.37
46 xxx 208.60937500000000000000 400.53 1.92
47 xxx 23.56628056628056628056 366.22 15.54
49 xxx 5.52119499394428744448 547.04 99.08
50 xxx 2.72953736654804270462 30.68 11.24
52 xxx 71.19464616260857183539 10000 140.46
53 xxx .35519125683060109289 1.30 3.66
54 xxx .48844282238442822384 8.03 16.44
55 xxx 13.22397221549147887892 1637.26 123.81
56 xxx 7.39385702636586028812 544.04 73.58
58 xxx 6.95736519070583077597 634.79 91.24
59 xxx 1.58335397572454793163 63.92 40.37
60 xxx 2.19232839838492597577 162.89 74.30
61 xxx 24.48538735116746559455 1583.47 64.67
62 xxx 13.04701457451810061118 555.02 42.54
63 xxx .15254237288135593220 0.36 2.36
64 xxx 2.45401537238271932149 92.59 37.73
65 xxx 3.16303932798778159602 82.84 26.19
67 xxx 220.40996253030636984791 10000 45.37
68 xxx 59.63970588235294117647 1459.98 24.48
69 xxx 19.48541114058355437665 73.46 3.77
71 xxx 219.39447125932426502852 10000 45.58
74 xxx 68.24075337791729220690 10000 146.54
78 xxx 1.37010904425914047466 42.72 31.18
79 xxx 3.87831655992680695333 42.39 10.93
80 xxx 17.08394160583941605839 468.10 27.40
