.067 1
.084 2
.120 3
.208 4
.287 5
.669 6
.750 7
.809 8
1.145 9
1.891 10
2.093 11
2.122 12
2.166 13
2.242 14
2.983 15
3.824 16
4.070 17
4.975 18
5.898 19
6.572 20
8.654 21
9.311 22
9.408 23
9.441 24
9.854 25
10.934 26
11.514 27
11.617 28
11.874 29
11.922 30
12.130 31
12.143 32
12.914 33
13.808 34
13.903 35
14.916 36
16.220 37
17.397 38
18.085 39
19.434 40
20.081 41
20.141 42
26.105 43
27.041 44
29.832 45
33.019 46
37.237 47
40.484 48
49.344 49
49.614 50
58.883 51
62.398 52
66.543 53
67.481 54
68.197 55
77.341 56
103.502 57
108.433 58
117.378 59
129.399 60
173.833 61
212.212 62
235.183 63
