1 xxx 39.62022194821208384710 642.64 16.220
2 xxx 40.08333333333333333333 4.81 .120
3 xxx 33.26621518119885516184 1650.47 49.614
4 xxx 466.02967848309975267930 5652.94 12.130
7 xxx 11.40360458765701802293 229.68 20.141
10 xxx 4.35449872415960948189 117.75 27.041
11 xxx 1062.92517006802721088435 10000 9.408
12 xxx 1051.01045296167247386759 301.64 .287
13 xxx 142.44919228764981761334 1640.16 11.514
15 xxx 74.49497620306716023268 140.87 1.891
16 xxx 3.61574943187432071929 146.38 40.484
17 xxx 15.59579237799620624245 271.32 17.397
18 xxx 44.70888577781437865436 542.90 12.143
19 xxx 27.16074902723735408560 1340.22 49.344
20 xxx 47.67838204236717604419 5169.91 108.433
21 xxx 128.36003770028275212064 272.38 2.122
22 xxx 212.84399050564626339638 2959.17 13.903
24 xxx .88860642477467067252 7.69 8.654
26 xxx 383.06837770542041754453 10000 26.105
27 xxx 30.83707025411061285500 20.63 .669
28 xxx 173.64265927977839335180 376.11 2.166
29 xxx 20.62328655473392510484 1391.68 67.481
30 xxx 7.97063552890612085418 530.39 66.543
31 xxx 38.55976801632477714531 359.03 9.311
34 xxx 149253.73134328358208955223 10000 .067
35 xxx 275.43264942016057091882 617.52 2.242
36 xxx 31.72417292470062918611 312.61 9.854
37 xxx 23606.19047619047619047619 1982.92 .084
38 xxx 5.84049753063837570879 63.86 10.934
39 xxx 1.56911851621928455713 369.03 235.183
40 xxx 65.78108659927294457447 1320.95 20.081
41 xxx 13.57065563950455063670 1404.59 103.502
42 xxx 16.02681630700404701258 1239.53 77.341
43 xxx 12.37346437346437346437 50.36 4.070
44 xxx 10.11296526242466458705 333.92 33.019
45 xxx 2.40174672489082969432 2.75 1.145
46 xxx 495.09270704573547589616 400.53 .809
47 xxx 73.61206030150753768844 366.22 4.975
48 xxx 146.63401615906858072935 10000 68.197
49 xxx 30.24827204865910975946 547.04 18.085
50 xxx 4.66828971393791844187 30.68 6.572
51 xxx 5.69777877496073592102 355.53 62.398
52 xxx 169.82830358507548868094 10000 58.883
53 xxx .62111801242236024844 1.30 2.093
54 xxx 2.69192088501508548441 8.03 2.983
55 xxx 137.88613778002358093313 1637.26 11.874
56 xxx 42.12792318414124206287 544.04 12.914
58 xxx 4.90567933291601944373 634.79 129.399
59 xxx 5.36151652407314209025 63.92 11.922
60 xxx .76758147512864493996 162.89 212.212
61 xxx 268.47575449304849101390 1583.47 5.898
62 xxx 47.77653438925712318154 555.02 11.617
64 xxx 6.20742826495038884419 92.59 14.916
65 xxx 2.22466901200418938152 82.84 37.237
66 xxx 57.52647656083712528691 10000 173.833
67 xxx 514.56210764639291962539 10000 19.434
68 xxx 48.94006436041834271922 1459.98 29.832
69 xxx 353.17307692307692307692 73.46 .208
71 xxx 13333.33333333333333333333 10000 .750
72 xxx 1.31396002658079026734 154.23 117.378
78 xxx 4.52494439148395297108 42.72 9.441
79 xxx 11.08525104602510460251 42.39 3.824
80 xxx 33.90063731170336037079 468.10 13.808
