1 xxx 113.64364981504315659679 1843.3 16.220
2 xxx 83333.33333333333333333333 10000 .120
3 xxx 3.88398435925343653001 192.7 49.614
4 xxx 824.40230832646331409727 10000 12.130
7 xxx 13.42535127352167221091 270.4 20.141
10 xxx 5.63588624681039902370 152.4 27.041
11 xxx 1062.92517006802721088435 10000 9.408
12 xxx .34843205574912891986 0.1 .287
13 xxx 272.08615598401945457703 3132.8 11.514
15 xxx 39.71443680592279217345 75.1 1.891
16 xxx 60.70793399861673747653 2457.7 40.484
17 xxx 13.63453468988906133241 237.2 17.397
18 xxx 49.72412089269538005435 603.8 12.143
19 xxx 48.41318093385214007782 2388.9 49.344
20 xxx 92.22284728818717549085 10000 108.433
21 xxx 4712.53534401508011310084 10000 2.122
22 xxx 719.26922246997050996187 10000 13.903
24 xxx 3.17772128495493413450 27.5 8.654
26 xxx 383.06837770542041754453 10000 26.105
27 xxx 14947.68310911808669656203 10000 .669
28 xxx 4616.80517082179132040627 10000 2.166
29 xxx 148.18986084972066211229 10000 67.481
30 xxx 26.35589017627699382354 1753.8 66.543
31 xxx 104.48931371496079905488 972.9 9.311
34 xxx 0 0.0 .067
35 xxx 4460.30330062444246208742 10000 2.242
36 xxx 83.63101278668560990460 824.1 9.854
37 xxx 0 0.0 .084
38 xxx 15.74903969270166453265 172.2 10.934
39 xxx 36.54175684466989535808 8594.0 235.183
40 xxx 96.26014640705144166127 1933.0 20.081
41 xxx 16.90691967304979613920 1749.9 103.502
42 xxx 22.69171590747469000918 1755.0 77.341
43 xxx 100.68796068796068796068 409.8 4.070
44 xxx 21.85408401223537962991 721.6 33.019
45 xxx 258.25327510917030567685 295.7 1.145
46 xxx 2624.72187886279357231149 2123.4 .809
47 xxx 80.38190954773869346733 399.9 4.975
48 xxx 131.99700866607035500095 9001.8 68.197
49 xxx 35.14514791263478020458 635.6 18.085
50 xxx 8.91661594643944004869 58.6 6.572
51 xxx 24.15782557133241450046 1507.4 62.398
52 xxx 34.66365504474975799466 2041.1 58.883
53 xxx 1.09890109890109890109 2.3 2.093
54 xxx 247.70365403955749245725 738.9 2.983
55 xxx 72.55347818763685362977 861.5 11.874
56 xxx 154.20473904289917918538 1991.4 12.914
58 xxx 77.28034992542446232196 10000 129.399
59 xxx 7.23033048146284180506 86.2 11.922
60 xxx 15.85348613650500442953 3364.3 212.212
61 xxx 283.28246863343506273312 1670.8 5.898
62 xxx 276.19006628217267797193 3208.5 11.617
64 xxx 16.74711718959506570126 249.8 14.916
65 xxx 79.79697612589628595214 2971.4 37.237
66 xxx 57.52647656083712528691 10000 173.833
67 xxx 298.58495420397241947103 5802.7 19.434
68 xxx 335.21051220166264414052 10000 29.832
69 xxx 336.53846153846153846153 70.0 .208
71 xxx 9477.33333333333333333333 7108.0 .750
72 xxx 33.58039837107464771933 3941.6 117.378
78 xxx 8.38894184938036224976 79.2 9.441
79 xxx 70.84205020920502092050 270.9 3.824
80 xxx 26.42670915411355735805 364.9 13.808
