.112 1
.128 2
.145 3
.319 4
.433 5
.874 6
2.011 7
2.344 8
2.491 9
3.120 10
3.684 11
3.798 12
4.584 13
11.959 14
12.942 15
13.081 16
13.837 17
14.176 18
14.756 19
14.923 20
15.834 21
18.250 22
19.791 23
19.892 24
20.552 25
20.812 26
21.824 27
21.918 28
23.554 29
25.873 30
29.626 31
30.149 32
30.830 33
34.198 34
39.687 35
43.961 36
48.425 37
51.040 38
56.481 39
58.331 40
59.198 41
61.646 42
96.377 43
99.863 44
104.253 45
122.217 46
124.537 47
128.460 48
165.855 49
181.541 50
243.722 51
263.719 52
278.286 53
