1 xxx 17.68102596567964471046 1843.3 104.253
2 xxx 68965.51724137931034482758 10000 .145
3 xxx 3.12591246796223599260 192.7 61.646
4 xxx 100.13718794748805864033 10000 99.863
7 xxx 4.63561399598841096501 270.4 58.331
10 xxx 4.45640095912041639861 152.4 34.198
12 xxx .31347962382445141065 0.1 .319
13 xxx 239.49239354789389190428 3132.8 13.081
15 xxx 20.38545059717698154180 75.1 3.684
17 xxx 8.00648079389725241342 237.2 29.626
18 xxx 27.54813395382790400583 603.8 21.918
19 xxx 24.78703425091048694190 2388.9 96.377
20 xxx 35.93425468762352400048 10000 278.286
21 xxx 836.19031691613011121331 10000 11.959
22 xxx 168.92462583195378222237 10000 59.198
24 xxx 1.84279300408764993633 27.5 14.923
27 xxx 11441.64759725400457665903 10000 .874
28 xxx 424.55633862613568820582 10000 23.554
29 xxx 60.29362997799282505803 10000 165.855
31 xxx 65.93250203307129303334 972.9 14.756
34 xxx 0 0.0 .128
36 xxx 31.85173733235419162833 824.1 25.873
37 xxx 0 0.0 .112
38 xxx 8.65674643072591996782 172.2 19.892
40 xxx 34.22389830208388661673 1933.0 56.481
42 xxx 6.65481061281136361050 1755.0 263.719
43 xxx 13.59249062987163753358 409.8 30.149
44 xxx 16.41454925957098337162 721.6 43.961
45 xxx 126.15187713310580204778 295.7 2.344
46 xxx 463.21989528795811518324 2123.4 4.584
47 xxx 28.90077328900773289007 399.9 13.837
48 xxx 72.28213302070870504348 9001.8 124.537
49 xxx 30.54007303478762252546 635.6 20.812
50 xxx 4.52789367949312316488 58.6 12.942
51 xxx 8.30335846998749593755 1507.4 181.541
52 xxx 15.88899268254709637241 2041.1 128.460
53 xxx .92332396627860297069 2.3 2.491
54 xxx 236.82692307692307692307 738.9 3.120
55 xxx 54.40823544271820133889 861.5 15.834
56 xxx 39.01645768025078369905 1991.4 51.040
59 xxx 2.79597794356146610444 86.2 30.830
61 xxx 84.42221211661866504977 1670.8 19.791
62 xxx 156.11619307123394316854 3208.5 20.552
64 xxx 11.44611436950146627565 249.8 21.824
65 xxx 74.87086451482853327286 2971.4 39.687
67 xxx 119.82860092927207021166 5802.7 48.425
68 xxx 41.03035425607864698303 10000 243.722
69 xxx 161.66281755196304849884 70.0 .433
71 xxx 3534.55992043759323719542 7108.0 2.011
72 xxx 32.25083253557197443890 3941.6 122.217
78 xxx 5.58690744920993227990 79.2 14.176
79 xxx 71.32701421800947867298 270.9 3.798
80 xxx 19.99452054794520547945 364.9 18.250
