1 xxx 17.10058541777541245343 642.64 37.580
2 xxx 34.35714285714285714285 4.81 .140
3 xxx 25.08961281790128148609 1650.47 65.783
4 xxx 330.54262659338089112384 5652.94 17.102
7 xxx 9.80030721966205837173 229.68 23.436
8 xxx 91.33421014175069413999 10000 109.488
10 xxx 4.00169923534409515717 117.75 29.425
11 xxx 1093.85254867643841610150 10000 9.142
12 xxx 1073.45195729537366548042 301.64 .281
13 xxx 147.13914057593971472144 1640.16 11.147
15 xxx 73.40802501302761855132 140.87 1.919
16 xxx 1.25907448821606743505 146.38 116.260
17 xxx 14.31918936035465484483 271.32 18.948
18 xxx 49.36800945712467036464 542.90 10.997
19 xxx 32.72580763314042927258 1340.22 40.953
20 xxx 102.11966183384031920357 5169.91 50.626
21 xxx 78.83646888567293777134 272.38 3.455
22 xxx 229.23309319079711828956 2959.17 12.909
24 xxx .84691629955947136563 7.69 9.080
26 xxx 48.77882218655948333471 10000 205.007
27 xxx 31.25757575757575757575 20.63 .660
28 xxx 19.24131580293651199672 376.11 19.547
29 xxx 20.84102072600934467473 1391.68 66.776
30 xxx 7.37031530091852757667 530.39 71.963
31 xxx 39.37595964027198947137 359.03 9.118
34 xxx 105263.15789473684210526315 10000 .095
35 xxx 239.72049689440993788819 617.52 2.576
36 xxx 35.15632028789923526765 312.61 8.892
37 xxx 23606.19047619047619047619 1982.92 .084
38 xxx 6.02794034359071172361 63.86 10.594
39 xxx 1.88351724630727927891 369.03 195.926
40 xxx 65.82697961827876613345 1320.95 20.067
41 xxx 14.09424325436246324894 1404.59 99.657
42 xxx 15.03718261333721536800 1239.53 82.431
43 xxx 11.78563070442312192838 50.36 4.273
44 xxx 15.92825796603701583667 333.92 20.964
45 xxx 1.56161272004542873367 2.75 1.761
46 xxx 436.78298800436205016357 400.53 .917
47 xxx 74.48037421191783607890 366.22 4.917
48 xxx 265.71717064356698729871 10000 37.634
49 xxx 60.12089240575887460160 547.04 9.099
50 xxx 4.81632653061224489795 30.68 6.370
51 xxx 5.43175359794664955541 355.53 65.454
52 xxx 162.17969510217320791436 10000 61.660
53 xxx .63445583211322596388 1.30 2.049
54 xxx 2.71834800270819228165 8.03 2.954
55 xxx 179.85938701526969131055 1637.26 9.103
56 xxx 41.31217252638772875692 544.04 13.169
58 xxx 4.53227188347850921033 634.79 140.060
59 xxx 5.30016583747927031509 63.92 12.060
60 xxx .76840704958864819986 162.89 211.984
61 xxx 300.98270290819235886713 1583.47 5.261
62 xxx 40.52128203256187486310 555.02 13.697
63 xxx .00402243625555878343 0.36 89.498
64 xxx 6.66067189410833752967 92.59 13.901
65 xxx 4.71673404315891362523 82.84 17.563
66 xxx 91.50805270863836017569 10000 109.280
67 xxx 500.12503125781445361340 10000 19.995
68 xxx 55.15602568945976577257 1459.98 26.470
69 xxx 333.90909090909090909090 73.46 .220
71 xxx 14450.86705202312138728323 10000 .692
72 xxx 1.53066693132195315601 154.23 100.760
78 xxx 4.63089430894308943089 42.72 9.225
79 xxx 10.76981707317073170731 42.39 3.936
80 xxx 44.29409538228614685844 468.10 10.568
