1 xxx 7.07441655658300308234 642.64 90.84
2 xxx 4.18260869565217391304 4.81 1.15
4 xxx 175.61168064616340478409 5652.94 32.19
7 xxx 7.91181536341715466758 229.68 29.03
10 xxx 1.94274872133311334763 117.75 60.61
11 xxx 3229.97416020671834625322 50000 15.48
12 xxx 233.82945736434108527131 301.64 1.29
13 xxx 114.85714285714285714285 1640.16 14.28
15 xxx 57.26422764227642276422 140.87 2.46
16 xxx 1.63115667483842210831 146.38 89.74
17 xxx 8.26691042047531992687 271.32 32.82
18 xxx 34.71227621483375959079 542.90 15.64
19 xxx 15.06542266187050359712 1340.22 88.96
21 xxx 38.30942334739803094233 272.38 7.11
22 xxx 120.34038226921512810085 2959.17 24.59
24 xxx .63817427385892116182 7.69 12.05
27 xxx 17.48305084745762711864 20.63 1.18
28 xxx 21.22516930022573363431 376.11 17.72
29 xxx 10.26539794939883455041 1391.68 135.57
31 xxx 35.06152343750000000000 359.03 10.24
34 xxx 46296.29629629629629629629 50000 1.08
36 xxx 27.93655049151027703306 312.61 11.19
37 xxx 1870.67924528301886792452 1982.92 1.06
38 xxx 4.76211782252050708426 63.86 13.41
39 xxx 1.87296350809521392681 369.03 197.03
40 xxx 52.46028594122319301032 1320.95 25.18
41 xxx 5.07585284764382769586 1404.59 276.72
42 xxx 8.18549825001650927821 1239.53 151.43
43 xxx 4.93725490196078431372 50.36 10.20
44 xxx 6.00359582883854728514 333.92 55.62
45 xxx 1.27906976744186046511 2.75 2.15
46 xxx 265.25165562913907284768 400.53 1.51
47 xxx 44.93496932515337423312 366.22 8.15
48 xxx 141.97707280553995882463 30343.34 213.72
49 xxx 16.81647709806332616046 547.04 32.53
50 xxx 4.47883211678832116788 30.68 6.85
51 xxx 3.04888088500128633907 355.53 116.61
52 xxx 190.97315296566077003121 18352.52 96.10
53 xxx .33333333333333333333 1.30 3.90
54 xxx 1.06076618229854689564 8.03 7.57
55 xxx 106.31558441558441558441 1637.26 15.40
56 xxx 15.25203252032520325203 544.04 35.67
58 xxx 3.46142101532253667048 634.79 183.39
59 xxx 4.03535353535353535353 63.92 15.84
60 xxx 2.48497330282227307398 162.89 65.55
61 xxx 159.46324269889224572004 1583.47 9.93
62 xxx 43.32708821233411397345 555.02 12.81
64 xxx 5.99676165803108808290 92.59 15.44
65 xxx 4.00193236714975845410 82.84 20.70
67 xxx 1335.36071158213474640423 35280.23 26.42
68 xxx 85.17969661610268378063 1459.98 17.14
69 xxx 61.21666666666666666666 73.46 1.20
71 xxx 37037.03703703703703703703 50000 1.35
78 xxx 3.81769436997319034852 42.72 11.19
79 xxx 4.67364939360529217199 42.39 9.07
80 xxx 21.62124711316397228637 468.10 21.65
