.087 1
.091 2
.117 3
.207 4
.280 5
.657 6
.666 7
.959 8
.971 9
1.888 10
2.021 11
2.377 12
2.413 13
3.034 14
3.750 15
4.038 16
5.199 17
5.621 18
5.912 19
8.483 20
9.000 21
9.054 22
9.147 23
9.278 24
10.059 25
10.493 26
10.856 27
10.865 28
11.145 29
11.532 30
11.922 31
12.331 32
12.417 33
12.880 34
13.024 35
14.924 36
19.302 37
20.034 38
20.245 39
22.266 40
22.964 41
23.831 42
26.317 43
26.537 44
26.699 45
26.892 46
36.221 47
40.664 48
48.065 49
50.876 50
61.931 51
64.324 52
66.356 53
78.619 54
93.521 55
115.821 56
134.854 57
139.639 58
160.625 59
164.697 60
170.178 61
202.468 62
289.062 63
