1 xxx 24.21675396616045521347 642.64 26.537
2 xxx 41.11111111111111111111 4.81 .117
3 xxx 32.44103310008648478653 1650.47 50.876
4 xxx 455.25811387613755335427 5652.94 12.417
7 xxx 8.60256938462114685943 229.68 26.699
8 xxx 62.25680933852140077821 10000 160.625
10 xxx 4.37862561356537260151 117.75 26.892
11 xxx 1077.81849536538046992886 10000 9.278
12 xxx 1077.28571428571428571428 301.64 .280
13 xxx 147.16554508748317631224 1640.16 11.145
15 xxx 74.61334745762711864406 140.87 1.888
16 xxx 1.56520995284481560291 146.38 93.521
17 xxx 12.18539477229857181352 271.32 22.266
18 xxx 44.02724839834563295758 542.90 12.331
19 xxx 27.88349110579423697076 1340.22 48.065
20 xxx 31.39043212687541363837 5169.91 164.697
21 xxx 112.88023207625362619146 272.38 2.413
22 xxx 229.74922360248447204968 2959.17 12.880
24 xxx .85444444444444444444 7.69 9.000
26 xxx 49.39052097121520437797 10000 202.468
27 xxx 30.97597597597597597597 20.63 .666
28 xxx 19.48554553932235001554 376.11 19.302
29 xxx 21.63547043094334929419 1391.68 64.324
30 xxx 6.74633358348490822829 530.39 78.619
31 xxx 39.65429644356085707974 359.03 9.054
34 xxx 109890.10989010989010989010 10000 .091
35 xxx 259.78965082036180058897 617.52 2.377
36 xxx 34.17623264458292336285 312.61 9.147
37 xxx 22792.18390804597701149425 1982.92 .087
38 xxx 5.87758858720662678324 63.86 10.865
40 xxx 65.93540980333433163621 1320.95 20.034
41 xxx 8.25365205843293492695 1404.59 170.178
42 xxx 18.67999879438181927783 1239.53 66.356
43 xxx 12.47152055473006438831 50.36 4.038
44 xxx 14.54102072809615049642 333.92 22.964
45 xxx 2.86757038581856100104 2.75 .959
46 xxx 412.49227600411946446961 400.53 .971
47 xxx 70.44046932102327370648 366.22 5.199
48 xxx 276.08293531376825598409 10000 36.221
49 xxx 50.39056742815033161385 547.04 10.856
50 xxx 5.45810354029532111723 30.68 5.621
51 xxx 5.74074373092635352246 355.53 61.931
52 xxx 245.91776509935077710013 10000 40.664
53 xxx .64324591786244433448 1.30 2.021
54 xxx 2.64667106130520764667 8.03 3.034
55 xxx 162.76568247340689929416 1637.26 10.059
56 xxx 41.77211302211302211302 544.04 13.024
58 xxx 4.70723893989054829667 634.79 134.854
59 xxx 5.36151652407314209025 63.92 11.922
60 xxx .56351232607537483308 162.89 289.062
61 xxx 267.83998646820027063599 1583.47 5.912
62 xxx 65.42732523871271955676 555.02 8.483
64 xxx 6.20410077727150897882 92.59 14.924
65 xxx 3.47614451764508413411 82.84 23.831
66 xxx 71.61323126060770988047 10000 139.639
67 xxx 493.94912324030624845640 10000 20.245
68 xxx 55.47668807234867196108 1459.98 26.317
69 xxx 354.87922705314009661835 73.46 .207
71 xxx 15220.70015220700152207001 10000 .657
72 xxx 1.33162379879296500634 154.23 115.821
78 xxx 4.07128561898408462784 42.72 10.493
79 xxx 11.30400000000000000000 42.39 3.750
80 xxx 40.59139784946236559139 468.10 11.532
