1 xxx 69.46150657572446018766 1843.3 26.537
2 xxx 85470.08547008547008547008 10000 .117
3 xxx 3.78764053777812721125 192.7 50.876
4 xxx 805.34750744946444390754 10000 12.417
7 xxx 10.12772013933106108843 270.4 26.699
8 xxx 62.25680933852140077821 10000 160.625
10 xxx 5.66711289602855867916 152.4 26.892
11 xxx 1077.81849536538046992886 10000 9.278
12 xxx .35714285714285714285 0.1 .280
13 xxx 281.09466128308658591296 3132.8 11.145
15 xxx 39.77754237288135593220 75.1 1.888
16 xxx 26.27965911399578704248 2457.7 93.521
17 xxx 10.65301356328033773466 237.2 22.266
18 xxx 48.96602059849160652015 603.8 12.331
19 xxx 49.70144595859773223759 2388.9 48.065
20 xxx 60.71756012556391433966 10000 164.697
21 xxx 4144.21881475341898052217 10000 2.413
22 xxx 776.39751552795031055900 10000 12.880
24 xxx 3.05555555555555555555 27.5 9.000
26 xxx 49.39052097121520437797 10000 202.468
27 xxx 15015.01501501501501501501 10000 .666
28 xxx 518.08102787275929955445 10000 19.302
29 xxx 155.46296872085069336484 10000 64.324
30 xxx 22.30758468054795914473 1753.8 78.619
31 xxx 107.45526838966202783300 972.9 9.054
34 xxx 0 0.0 .091
35 xxx 4206.98359276398822044594 10000 2.377
36 xxx 90.09511315185306657920 824.1 9.147
37 xxx 0 0.0 .087
38 xxx 15.84905660377358490566 172.2 10.865
40 xxx 96.48597384446441050214 1933.0 20.034
41 xxx 10.28276275429256425624 1749.9 170.178
42 xxx 26.44824883959250105491 1755.0 66.356
43 xxx 101.48588410104011887072 409.8 4.038
44 xxx 31.42309702142483887824 721.6 22.964
45 xxx 308.34202294056308654848 295.7 .959
46 xxx 2186.81771369721936148300 2123.4 .971
47 xxx 76.91863819965377957299 399.9 5.199
48 xxx 248.52433671074790867176 9001.8 36.221
49 xxx 58.54826823876197494473 635.6 10.856
50 xxx 10.42519124710905532823 58.6 5.621
51 xxx 24.33999128061875312848 1507.4 61.931
52 xxx 50.19427503442848711390 2041.1 40.664
53 xxx 1.13805047006432459178 2.3 2.021
54 xxx 243.53988134475939353988 738.9 3.034
55 xxx 85.64469629187792027040 861.5 10.059
56 xxx 152.90233415233415233415 1991.4 13.024
58 xxx 74.15427054444065433728 10000 134.854
59 xxx 7.23033048146284180506 86.2 11.922
60 xxx 11.63867959122956320789 3364.3 289.062
61 xxx 282.61163734776725304465 1670.8 5.912
62 xxx 378.22704231993398561829 3208.5 8.483
64 xxx 16.73813990887161618868 249.8 14.924
65 xxx 124.68633292769921530779 2971.4 23.831
66 xxx 71.61323126060770988047 10000 139.639
67 xxx 286.62385774265250679180 5802.7 20.245
68 xxx 379.98252080404301402135 10000 26.317
69 xxx 338.16425120772946859903 70.0 .207
71 xxx 10818.87366818873668188736 7108.0 .657
72 xxx 34.03182497129190733977 3941.6 115.821
78 xxx 7.54788906890307824263 79.2 10.493
79 xxx 72.24000000000000000000 270.9 3.750
80 xxx 31.64238640305237599722 364.9 11.532
