1 xxx 6.02230343922781370068 642.64 106.71
2 xxx 3.56296296296296296296 4.81 1.35
4 xxx 332.33039388594944150499 5652.94 17.01
7 xxx 9.03185214313802595359 229.68 25.43
10 xxx .41077969649398220826 117.75 286.65
11 xxx 5417.11809317443120260021 50000 9.23
12 xxx 193.35897435897435897435 301.64 1.56
13 xxx 114.61635220125786163522 1640.16 14.31
15 xxx 48.91319444444444444444 140.87 2.88
16 xxx .89147381242387332521 146.38 164.20
17 xxx 8.01536189069423929098 271.32 33.85
18 xxx 40.30438010393466963622 542.90 13.47
19 xxx 14.03812716036451241227 1340.22 95.47
20 xxx 22.59279814709609753965 5169.91 228.83
21 xxx 44.65245901639344262295 272.38 6.10
22 xxx 213.96746203904555314533 2959.17 13.83
24 xxx .60694554064719810576 7.69 12.67
26 xxx 243.41560780877269850542 50000 205.41
27 xxx 14.22758620689655172413 20.63 1.45
28 xxx 25.10747663551401869158 376.11 14.98
29 xxx 9.91790193842645381984 1391.68 140.32
31 xxx 41.26781609195402298850 359.03 8.70
34 xxx 42016.80672268907563025210 50000 1.19
35 xxx 140.34545454545454545454 617.52 4.40
36 xxx 36.30778164924506387921 312.61 8.61
37 xxx 1754.79646017699115044247 1982.92 1.13
38 xxx 5.61653474054529463500 63.86 11.37
39 xxx 2.16198957173823891264 369.03 170.69
40 xxx 57.40764884832681442850 1320.95 23.01
41 xxx 5.24022533950156693030 1404.59 268.04
42 xxx 16.48749667464751263633 1239.53 75.18
43 xxx 8.53559322033898305084 50.36 5.90
44 xxx 5.62438942226713828532 333.92 59.37
45 xxx 1.97841726618705035971 2.75 1.39
46 xxx 207.52849740932642487046 400.53 1.93
47 xxx 62.49488054607508532423 366.22 5.86
48 xxx 161.83977812149981332337 30343.34 187.49
49 xxx 17.38290435335239911026 547.04 31.47
50 xxx 3.51834862385321100917 30.68 8.72
51 xxx 2.66015712682379349046 355.53 133.65
52 xxx 170.43573551263001485884 18352.52 107.68
53 xxx .36931818181818181818 1.30 3.52
54 xxx 1.06216931216931216931 8.03 7.56
55 xxx 112.52646048109965635738 1637.26 14.55
56 xxx 19.76171449328005811841 544.04 27.53
58 xxx 5.86194477791116446578 634.79 108.29
59 xxx 4.37508555783709787816 63.92 14.61
60 xxx 5.09668335419274092615 162.89 31.96
61 xxx 239.91969696969696969696 1583.47 6.60
62 xxx 56.23302938196555217831 555.02 9.87
64 xxx 6.07944845699277741300 92.59 15.23
65 xxx 1.86997742663656884875 82.84 44.30
67 xxx 1634.10050949513663733209 35280.23 21.59
68 xxx 51.06610703043022035676 1459.98 28.59
69 xxx 52.47142857142857142857 73.46 1.40
71 xxx 29761.90476190476190476190 50000 1.68
78 xxx 3.56000000000000000000 42.72 12.00
79 xxx 3.65746333045729076790 42.39 11.59
80 xxx 23.19623389494549058473 468.10 20.18
