0.176876 1
0.179672 2
0.184204 3
0.338623 4
0.666516 5
0.688526 6
0.941746 7
1.042221 8
1.753967 9
2.549744 10
2.988281 11
3.079529 12
3.510742 13
5.765564 14
8.405884 15
8.837158 16
8.971893 17
9.915283 18
11.486328 19
11.917603 20
12.052734 21
12.330860 22
12.511815 23
13.157753 24
13.302246 25
14.089722 26
15.087189 27
16.622192 28
17.694916 29
19.368774 30
21.223755 31
21.737427 32
23.553589 33
24.306473 34
24.362793 35
26.514492 36
27.333008 37
28.282715 38
30.292969 39
31.809082 40
34.496826 41
35.790588 42
36.053802 43
56.074646 44
58.599487 45
59.763794 46
61.669434 47
62.371521 48
84.119629 49
88.102173 50
90.282959 51
92.489502 52
115.145020 53
128.851807 54
138.277344 55
140.590393 56
144.526978 57
161.307617 58
183.813477 59
266.674530 60
