1.854 0
2.854 4
3.855 3
4.856 4
5.857 4
6.857 4
7.858 4
8.859 4
9.860 4
10.860 4
11.861 4
12.862 4
13.950 4
14.951 4
15.952 4
16.953 4
17.953 4
18.954 4
19.955 4
20.956 4
21.956 4
22.957 4
23.958 4
24.959 4
25.983 4
26.984 4
27.984 4
28.985 4
29.986 4
30.986 4
31.987 4
32.988 4
33.989 4
34.990 4
35.990 4
36.991 4
37.992 4
39.001 4
40.002 4
41.002 4
42.003 4
43.004 4
44.005 4
45.006 4
46.006 4
47.007 4
48.008 4
49.008 4
50.009 4
51.010 4
52.011 4
53.012 4
54.013 4
55.014 4
56.014 4
57.015 4
58.016 4
59.017 4
60.018 4
61.019 4
62.019 4
63.020 4
64.021 4
65.022 4
66.023 4
67.024 4
68.025 4
69.026 4
70.026 4
71.027 4
72.028 4
73.029 4
74.030 4
75.030 4
76.031 4
77.032 4
78.033 4
79.034 4
80.035 4
81.035 4
82.036 4
83.037 4
84.038 4
85.038 4
86.039 4
87.040 4
88.041 4
89.043 4
90.044 4
91.045 4
92.046 4
93.047 4
94.048 4
95.049 4
96.050 4
97.051 4
98.052 4
99.053 4
100.054 4
101.056 4
102.057 4
103.058 4
104.059 4
105.060 4
106.061 4
107.062 4
108.063 4
109.064 4
110.065 4
111.066 4
112.067 4
113.068 4
114.069 4
115.070 4
116.071 4
117.072 4
118.073 4
119.073 4
120.074 4
121.075 4
122.076 4
123.077 4
124.078 4
125.078 4
126.079 4
127.080 4
128.081 4
129.082 4
130.083 4
131.084 4
132.085 4
133.086 4
134.087 4
135.088 4
136.088 4
137.089 4
138.090 4
139.091 4
140.092 4
141.092 4
142.093 4
143.094 4
144.095 4
145.095 4
146.096 4
147.097 4
148.098 4
149.098 4
150.099 4
151.100 4
152.101 4
153.102 4
154.103 4
155.103 4
156.104 4
157.105 4
158.105 4
159.106 4
160.107 4
161.107 4
162.108 4
163.109 4
164.110 4
165.110 4
166.111 4
167.112 4
168.113 4
169.114 4
170.115 4
171.115 4
172.116 4
173.117 4
174.118 4
175.118 4
176.119 4
177.119 4
178.120 4
179.121 4
180.122 4
181.123 4
182.123 4
183.124 4
184.124 4
185.125 4
186.126 4
187.126 4
188.127 4
189.128 4
190.129 4
191.130 4
192.130 4
193.131 4
194.132 4
195.133 4
196.133 4
197.134 4
198.135 4
199.136 4
200.136 4
201.137 4
202.138 4
203.139 4
204.139 4
205.140 4
206.141 4
207.142 4
208.143 4
209.143 4
210.144 4
211.145 4
212.146 4
213.147 4
214.148 4
215.149 4
216.149 4
217.150 4
218.151 4
219.152 4
220.152 4
221.153 4
222.154 4
223.155 4
224.156 4
225.157 4
226.158 4
227.159 4
228.159 4
229.160 4
230.161 4
231.162 4
232.163 4
233.164 4
234.164 4
235.165 4
236.166 4
237.166 4
238.167 4
239.168 4
240.169 4
241.170 4
242.170 4
243.171 4
244.172 4
245.173 4
246.174 4
247.175 4
248.176 4
249.177 4
250.177 4
251.178 4
252.179 4
253.180 4
254.180 4
255.181 4
256.182 4
257.183 4
258.183 4
259.184 4
260.184 4
261.186 4
262.186 4
263.187 4
264.187 4
265.188 4
266.189 4
267.189 4
268.190 4
269.191 4
270.191 4
271.192 4
272.193 4
273.194 4
274.194 4
275.195 4
276.195 4
277.196 4
278.197 4
279.198 4
280.198 4
281.199 4
282.200 4
283.201 4
284.201 4
285.202 4
286.203 4
287.203 4
288.204 4
289.205 4
290.206 4
291.206 4
292.207 4
293.208 4
294.208 4
295.209 4
296.209 4
297.210 4
298.210 4
299.211 4
300.212 4
301.212 4
302.223 4
303.223 4
304.224 4
305.225 4
306.225 4
307.226 4
308.227 4
309.227 4
310.228 4
311.229 4
312.229 4
313.238 4
314.239 4
315.239 4
316.240 4
317.240 4
318.240 4
319.241 4
320.241 4
321.242 4
322.243 4
323.244 4
324.245 4
325.246 4
326.246 4
327.247 4
328.248 4
329.249 4
330.249 4
331.250 4
332.251 4
333.252 4
334.252 4
335.253 4
336.254 4
337.255 4
338.255 4
339.256 4
340.257 4
341.257 4
342.258 4
343.259 4
344.260 4
345.261 4
346.261 4
347.262 4
348.263 4
349.264 4
350.264 4
351.265 4
352.266 4
353.267 4
354.268 4
355.268 4
356.269 4
357.270 4
358.271 4
359.272 4
360.273 4
361.273 4
362.274 4
363.275 4
364.276 4
365.277 4
366.278 4
367.279 4
368.279 4
369.280 4
370.281 4
371.282 4
372.282 4
373.283 4
374.284 4
375.284 4
376.286 4
377.287 4
378.287 4
379.288 4
380.289 4
381.289 4
382.290 4
383.290 4
384.291 4
385.292 4
386.298 4
387.299 4
388.300 4
389.301 4
390.301 4
391.302 4
392.303 4
393.303 4
394.304 4
395.305 4
396.330 4
397.330 4
398.331 4
399.332 4
400.332 4
401.333 4
402.333 4
403.333 4
404.334 4
405.334 4
406.335 4
407.335 4
408.336 4
409.336 4
410.337 4
411.337 4
412.337 4
413.338 4
414.338 4
415.339 4
416.339 4
417.340 4
418.340 4
419.341 4
420.342 4
421.343 4
422.343 4
423.344 4
424.344 4
425.345 4
426.345 4
427.346 4
428.346 4
429.347 4
430.347 4
431.348 4
432.349 4
433.349 4
434.350 4
435.350 4
436.351 4
437.351 4
438.352 4
439.355 4
440.356 4
441.357 4
442.357 4
443.358 4
444.358 4
445.359 4
446.360 4
447.361 4
448.362 4
449.362 4
450.363 4
451.363 4
452.364 4
453.365 4
454.365 4
455.366 4
456.367 4
457.368 4
458.369 4
459.370 4
460.370 4
461.370 4
462.371 4
463.372 4
464.373 4
465.373 4
466.374 4
467.375 4
468.375 4
469.375 4
470.376 4
471.377 4
472.377 4
473.378 4
474.379 4
475.379 4
476.380 4
477.381 4
478.382 4
479.383 4
480.384 4
481.384 4
482.385 4
483.386 4
484.387 4
485.388 4
486.389 4
487.390 4
488.390 4
489.391 4
490.391 4
491.392 4
492.393 4
493.393 4
494.394 4
495.395 4
496.395 4
497.396 4
498.397 4
499.398 4
500.399 4
501.400 4
502.401 4
503.402 4
504.403 4
505.403 4
506.404 4
507.405 4
508.405 4
509.406 4
510.407 4
511.408 4
512.409 4
513.410 4
514.411 4
515.412 4
516.413 4
517.414 4
518.415 4
519.416 4
520.418 4
521.419 4
522.421 4
523.422 4
524.423 4
525.424 4
526.425 4
527.426 4
528.427 4
529.428 4
530.428 4
531.429 4
532.430 4
533.432 4
534.433 4
535.434 4
536.435 4
537.436 4
538.437 4
539.438 4
540.439 4
541.440 4
542.441 4
543.442 4
544.443 4
545.444 4
546.445 4
547.446 4
548.447 4
549.448 4
550.449 4
551.450 4
552.451 4
553.452 4
554.453 4
555.454 4
556.455 4
557.456 4
558.457 4
559.458 4
560.459 4
561.460 4
562.461 4
563.462 4
564.463 4
565.464 4
566.465 4
567.466 4
568.468 4
569.469 4
570.470 4
571.471 4
572.472 4
573.473 4
574.474 4
575.475 4
576.476 4
577.477 4
578.479 4
579.480 4
580.481 4
581.482 4
582.483 4
583.484 4
584.485 4
585.486 4
586.487 4
587.488 4
588.489 4
589.490 4
590.491 4
591.492 4
592.493 4
593.494 4
594.497 4
595.498 4
596.499 4
597.500 4
598.501 4
599.502 4
600.503 4
601.504 4
602.505 4
603.506 4
604.507 4
605.508 4
606.509 4
607.510 4
608.511 4
609.512 4
610.513 4
611.514 4
612.515 4
613.516 4
614.517 4
615.518 4
616.518 4
617.519 4
618.521 4
619.522 4
620.523 4
621.524 4
622.525 4
623.526 4
624.527 4
625.528 4
626.529 4
627.530 4
628.531 4
629.532 4
630.533 4
631.534 4
632.535 4
633.536 4
634.537 4
635.538 4
636.539 4
637.540 4
638.541 4
639.542 4
640.543 4
641.544 4
642.545 4
643.546 4
644.547 4
645.548 4
646.549 4
647.550 3
648.551 4
649.552 4
650.553 4
651.554 4
652.557 4
653.558 4
654.559 4
655.560 4
656.560 4
657.561 4
658.562 4
659.563 4
660.564 4
661.565 4
662.566 4
663.567 4
664.567 4
665.568 4
666.569 4
667.570 4
668.570 4
669.571 4
670.572 4
671.573 4
672.574 4
673.575 4
674.576 4
675.577 4
676.578 4
677.579 4
678.580 4
679.581 4
680.581 4
681.582 4
682.583 4
683.584 4
684.585 4
685.586 4
686.587 4
687.588 4
688.589 4
689.590 4
690.591 4
691.591 4
692.592 4
693.593 4
694.594 4
695.596 4
696.597 4
697.598 4
698.599 4
699.600 4
700.600 4
701.602 4
702.602 4
703.603 4
704.604 4
705.605 4
706.606 4
707.607 4
708.608 4
709.609 4
710.610 4
711.611 4
712.612 4
713.613 4
714.614 4
715.615 4
716.616 4
717.617 4
718.618 4
719.619 4
720.620 4
721.621 4
722.622 4
723.623 4
724.624 4
725.625 4
726.626 4
727.627 4
728.628 4
729.629 4
730.630 4
731.631 4
732.632 4
733.633 4
734.634 4
735.635 4
736.636 4
737.637 4
738.638 4
739.639 4
740.639 4
741.641 4
742.642 4
743.642 4
744.643 4
745.645 4
746.646 4
747.646 4
748.647 4
749.650 4
750.651 4
751.652 4
752.653 4
753.654 4
754.655 4
755.656 4
756.657 4
757.658 4
758.659 4
759.660 4
760.661 4
761.661 4
762.662 4
763.663 4
764.664 4
765.665 4
766.666 4
767.667 4
768.668 4
769.669 4
770.670 4
771.671 4
772.672 4
773.673 4
774.674 4
775.675 3
776.676 4
777.677 4
778.678 4
779.679 4
780.680 4
781.681 4
782.681 4
783.682 4
784.683 4
785.685 4
786.685 4
787.686 4
788.687 4
789.688 4
790.689 4
791.690 4
792.691 4
793.692 4
794.693 4
795.694 4
796.695 4
797.696 4
798.697 4
799.697 4
800.698 4
801.699 4
802.700 4
803.702 4
804.703 4
805.703 4
806.704 4
807.705 4
808.706 4
809.707 4
810.708 4
811.709 3
812.811 4
813.812 4
814.813 4
815.814 4
816.815 4
817.815 4
818.816 4
819.817 4
820.818 4
821.819 4
822.820 4
823.821 4
824.822 4
825.823 4
826.824 4
827.825 4
828.826 4
829.827 4
830.828 4
831.829 4
832.830 4
833.831 4
834.832 4
835.833 4
836.834 4
837.835 4
838.836 4
839.837 4
840.838 4
841.839 4
842.840 4
843.840 4
844.841 4
845.842 4
846.843 4
847.845 4
848.846 4
849.847 4
850.848 4
851.849 4
852.850 4
853.851 4
854.852 4
855.852 4
856.853 4
857.854 4
858.855 4
859.856 4
860.857 4
861.858 4
862.859 4
863.860 4
864.861 4
865.862 4
866.863 4
867.864 4
868.865 4
869.866 4
870.867 4
871.868 4
872.869 4
873.870 4
874.871 3
875.872 4
876.873 4
877.874 4
878.875 4
879.876 4
880.877 4
881.877 4
882.878 4
883.879 4
884.980 4
885.981 4
886.982 4
887.983 4
888.984 4
889.985 4
890.986 4
891.987 4
892.988 4
893.989 4
894.990 4
895.991 4
896.992 4
897.993 4
898.994 4
899.995 4
900.996 4
901.997 4
902.998 4
903.998 4
904.999 4
906.000 4
907.001 4
908.002 4
909.003 4
910.004 4
911.006 4
912.006 4
913.007 4
914.008 4
915.009 4
916.010 4
917.011 4
918.012 4
919.013 4
920.014 4
921.015 4
922.016 4
923.017 4
924.018 4
925.019 4
926.020 4
927.021 4
928.022 4
929.023 4
930.024 4
931.025 4
932.026 4
933.026 4
934.028 4
935.028 4
936.029 4
937.030 4
938.031 4
939.032 4
940.033 4
941.034 4
942.035 4
943.036 4
944.037 4
945.039 4
946.040 4
947.041 4
948.041 4
949.042 4
950.043 4
951.044 4
952.045 4
953.046 4
954.047 4
955.048 4
956.049 4
957.050 4
958.051 4
959.052 4
960.053 4
961.053 4
962.054 4
963.055 4
964.056 4
965.056 4
966.057 4
967.058 4
968.059 4
969.060 4
970.061 4
971.062 4
972.063 4
973.064 4
974.065 4
975.066 4
976.067 4
977.068 4
978.069 4
979.070 4
980.071 4
981.071 4
982.072 4
983.081 3
984.083 4
985.084 4
986.676 4
987.577 4
988.578 4
989.579 4
990.580 4
991.581 4
992.683 4
993.684 4
994.685 4
995.687 4
996.688 4
997.689 4
998.690 4
999.691 4
1000.692 4
1001.693 4
1002.694 4
1003.695 4
1004.696 4
1005.697 4
1006.698 4
1007.699 4
1008.700 4
1009.701 4
1010.702 4
1011.703 4
1012.704 4
1013.706 4
1014.707 4
1016.409 4
1016.809 4
1017.910 4
1018.911 4
1019.912 4
1020.913 4
1021.914 4
1022.915 4
1023.915 4
1024.917 4
1025.918 4
1026.919 4
1027.921 4
1028.922 4
1029.924 4
1030.925 4
1031.926 4
1032.927 4
1033.929 4
1034.930 4
1035.931 4
1036.932 4
1037.933 4
1039.002 4
1040.003 4
1041.005 4
1042.006 4
1043.008 4
1044.009 4
1045.011 4
1046.012 4
1047.013 4
1048.015 4
1049.108 4
1050.109 4
1051.110 4
1052.112 4
1053.113 4
1054.114 4
1055.115 4
1056.116 4
1057.117 4
1058.119 4
1059.120 4
1060.121 4
1061.122 4
1062.123 4
1063.125 4
1064.126 4
1065.127 4
1066.128 4
1067.130 4
1068.131 4
1069.133 4
1070.134 4
1071.136 4
1072.137 4
1073.138 4
1074.139 4
1075.140 4
1076.142 4
1077.143 4
1078.144 4
1079.145 4
1080.146 4
1081.147 4
1082.149 4
1083.150 4
1084.151 4
1085.152 4
1086.154 4
1087.155 4
1088.156 4
1089.157 4
1090.159 4
1091.160 4
1092.161 4
1093.163 4
1094.164 4
1095.165 4
1096.167 4
1097.168 4
1098.170 4
1099.171 4
1100.172 4
1101.173 4
1102.175 4
1103.176 4
1104.177 4
1105.179 4
1106.181 4
1107.182 4
1108.183 4
1109.184 4
1110.176 4
1111.177 4
1112.178 4
1113.180 4
1114.181 4
1115.182 4
1116.183 4
1117.185 4
1118.186 4
1119.187 4
1120.189 4
1121.190 4
1122.191 4
1123.192 4
1124.194 4
1125.195 4
1126.196 4
1127.197 4
1128.198 4
1129.199 4
1130.201 4
1131.202 4
1132.203 4
1133.204 4
1134.205 4
1135.206 4
1136.208 4
1137.208 4
1138.210 4
1139.211 4
1140.212 4
1141.213 4
1142.214 4
1143.215 4
1144.216 4
1145.217 4
1146.218 4
1147.219 4
1148.220 4
1149.222 4
1150.223 4
1151.224 4
1152.225 4
1153.226 4
1154.227 4
1155.228 4
1156.229 4
1157.230 4
1158.331 4
1159.233 4
1160.234 4
1161.235 4
1162.236 4
1163.237 4
1164.239 4
1165.240 4
1166.241 4
1167.242 4
1168.243 4
1169.244 4
1170.245 4
1171.246 4
1172.247 4
1173.248 4
1174.250 4
1175.251 4
1176.253 4
1177.254 4
1178.255 4
1179.256 4
1180.258 4
1181.259 4
1182.260 4
1183.261 4
1184.263 4
1185.264 4
1186.265 4
1187.266 5
1188.268 4
1189.270 4
1190.271 4
1191.272 4
1192.273 4
1193.275 4
1194.276 4
1195.277 4
1196.278 4
1197.280 4
1198.281 4
1199.282 4
1200.284 4
1201.285 4
1202.286 4
1203.287 4
1204.288 4
1205.289 4
1206.291 4
1207.292 4
1208.293 4
1209.295 4
1210.296 4
1211.297 4
1212.299 4
1213.300 4
1214.301 4
1215.303 4
1216.304 4
1217.305 4
1218.307 4
1219.308 4
1220.309 4
1221.310 4
1222.312 3
1223.313 4
1224.314 4
1225.315 4
1226.316 4
1227.318 4
1228.319 4
1229.320 4
1230.322 4
1231.323 4
1232.324 4
1233.326 4
1234.327 4
1235.328 4
1236.329 4
1237.330 4
1238.331 4
1239.333 4
1240.334 4
1241.335 4
1242.336 4
1243.337 4
1244.338 4
1245.339 4
1246.341 4
1247.342 4
1248.343 4
1249.344 4
1250.345 4
1251.347 4
1252.348 4
1253.349 4
1254.350 4
1255.351 4
1256.353 4
1257.354 4
1258.355 4
1259.356 4
1260.357 4
1261.358 4
1262.359 4
1263.360 4
1264.362 4
1265.363 4
1266.364 4
1267.365 4
1268.366 4
1269.367 4
1270.369 4
1271.370 4
1272.371 4
1273.372 4
1274.374 4
1275.375 4
1276.376 4
1277.378 4
1278.379 4
1279.380 4
1280.382 4
1281.383 4
1282.384 4
1283.385 4
1284.387 4
1285.388 4
1286.389 4
1287.391 4
1288.392 4
1289.393 4
1290.394 4
1291.395 4
1292.396 4
1293.398 4
1294.399 4
1295.400 4
1296.401 4
1297.403 4
1298.404 4
1299.405 4
1300.406 4
1301.407 4
1302.409 4
1303.410 4
1304.411 4
1305.412 4
1306.414 3
1307.415 3
1308.416 3
1309.417 4
1310.418 4
1311.419 4
1312.420 4
1313.421 4
1314.422 4
1315.423 4
1316.525 4
1317.526 4
1318.526 4
1319.527 4
1320.529 4
1321.530 4
1322.531 4
1323.532 4
1324.533 4
1325.534 4
1326.576 4
1327.578 4
1328.579 4
1329.580 4
1330.581 4
1331.582 4
1332.583 4
1333.584 4
1334.585 4
1335.586 4
1336.587 4
1337.588 4
1338.589 4
1339.590 4
1340.591 4
1341.592 4
1342.593 4
1343.594 4
1344.596 4
1345.597 4
1346.598 4
1347.599 4
1348.601 4
1349.602 4
1350.603 4
1351.604 4
1352.605 4
1353.606 4
1354.607 4
1355.609 4
1356.609 4
1357.610 4
1358.612 4
1359.613 4
1360.614 4
1361.615 4
1362.616 4
1363.617 4
1364.618 4
1365.620 4
1366.621 4
1367.622 4
1368.623 4
1369.624 4
1370.625 4
1371.626 4
1372.628 4
1373.629 4
1374.630 4
1375.631 4
1376.632 4
1377.633 4
1378.634 4
1379.635 4
1380.637 4
1381.638 4
1382.639 4
1383.640 4
1384.641 4
1385.642 4
1386.643 4
1387.644 4
1388.645 4
1389.647 4
1390.648 4
1391.649 4
1392.650 4
1393.651 4
1394.652 4
1395.654 4
1396.655 4
1397.656 4
1398.657 4
1399.658 4
1400.660 4
1401.661 4
1402.662 4
1403.663 4
1404.665 4
1405.666 4
1406.667 4
1407.669 4
1408.670 4
1409.671 4
1410.672 4
1411.674 4
1412.675 4
1413.676 4
1414.677 4
1415.678 4
1416.679 4
1417.681 4
1418.682 4
1419.683 4
1420.684 4
1421.686 4
1422.687 4
1423.688 4
1424.689 4
1425.690 4
1426.692 4
1427.693 4
1428.694 4
1429.695 4
1430.696 4
1431.697 4
1432.698 4
1433.700 4
1434.701 4
1435.702 4
1436.703 4
1437.705 4
1438.706 4
1439.707 4
1440.709 4
1441.710 4
1442.711 4
1443.712 4
1444.713 4
1445.714 4
1446.715 4
1447.717 4
1448.718 4
1449.719 4
1450.720 4
1451.721 4
1452.722 4
1453.723 4
1454.724 4
1455.725 4
1456.726 4
1457.727 4
1458.728 4
1459.729 4
1460.731 4
1461.732 4
1462.733 4
1463.734 4
1464.735 4
1465.736 4
1466.737 4
1467.738 4
1468.739 4
1469.740 4
1470.741 4
1471.742 4
1472.743 4
1473.745 4
1474.746 4
1475.747 4
1476.748 4
1477.750 4
1478.751 4
1479.752 4
1480.753 4
1481.754 4
1482.755 4
1483.756 4
1484.758 4
1485.759 4
1486.760 4
1487.761 4
1488.763 4
1489.764 4
1490.765 4
1491.766 4
1492.768 4
1493.769 4
1494.770 4
1495.771 4
1496.773 4
1497.774 4
1498.775 4
1499.777 4
1500.778 4
1501.779 4
1502.781 4
1503.782 4
1504.783 4
1505.784 4
1506.786 4
1507.787 4
1508.788 4
1509.789 4
1510.790 4
1511.792 4
1512.793 4
1513.794 4
1514.796 4
1515.797 4
1516.798 4
1517.799 4
1518.801 4
1519.802 4
1520.803 4
1521.805 4
1522.806 4
1523.807 4
1524.808 4
1525.810 4
1526.811 4
1527.812 4
1528.814 4
1529.815 4
1530.817 4
1531.818 4
1532.819 4
1533.820 4
1534.821 4
1535.823 4
1536.824 4
1537.826 4
1538.827 4
1539.828 4
1540.830 4
1541.831 4
1542.832 4
1543.833 4
1544.834 4
1545.836 4
1546.837 4
1547.838 4
1548.839 4
1549.842 4
1550.843 4
1551.844 4
1552.846 4
1553.847 4
1554.848 4
1555.850 4
1556.851 4
1557.852 4
1558.853 4
1560.055 4
1560.857 4
1561.958 4
1562.859 4
1563.860 4
1564.862 4
1565.863 4
1566.864 4
1567.865 4
1568.866 4
1569.870 4
1570.872 4
1571.873 4
1572.874 4
1573.875 4
1574.876 4
1575.879 4
1576.880 4
1577.981 4
1578.983 4
1579.984 4
1580.985 4
1581.986 4
1582.987 4
1583.988 4
1584.989 4
1585.991 4
1586.992 4
1587.993 4
1588.995 4
1589.996 4
1590.997 4
1591.999 4
1593.000 4
1594.001 4
1595.003 4
1596.004 4
1597.005 4
1598.006 4
1599.008 4
1600.009 4
1601.010 4
1602.012 4
1603.013 4
1604.014 4
1605.015 4
1606.016 4
1607.017 4
1608.018 4
1609.020 4
1610.021 4
1611.022 4
1612.023 4
1613.025 4
1614.026 4
1615.027 4
1616.029 3
1617.031 4
1618.032 4
1619.034 4
1620.035 4
1621.036 4
1622.038 4
1623.039 4
1624.041 4
1625.042 4
1626.043 4
1627.044 4
1628.045 4
1629.046 4
1630.047 4
1631.048 4
1632.049 4
1633.051 4
1634.052 4
1635.053 4
1636.054 4
1637.055 4
1638.056 4
1639.057 4
1640.059 4
1641.061 4
1642.062 4
1643.063 4
1644.064 4
1645.065 4
1646.066 4
1647.067 4
1648.069 4
1649.070 4
1650.071 4
1651.073 4
1652.074 4
1653.075 4
1654.076 4
1655.077 4
1656.079 4
1657.080 4
1658.081 4
1659.082 4
1660.084 4
1661.086 4
1662.087 4
1663.088 4
1664.089 4
1665.090 4
1666.092 4
1667.093 4
1668.094 4
1669.096 4
1670.097 4
1671.098 4
1672.099 4
1673.100 4
1674.102 4
1675.103 4
1676.105 4
1677.106 4
1678.107 4
1679.108 4
1680.109 4
1681.111 4
1682.112 4
1683.113 4
1684.114 4
1685.115 4
1686.116 4
1687.118 4
1688.119 4
1689.120 4
1690.122 4
1691.123 4
1692.124 4
1693.125 4
1694.126 4
1695.127 4
1696.129 4
1697.130 4
1698.131 4
1699.132 4
1700.134 4
1701.135 4
1702.136 4
1703.137 4
1704.138 4
1705.140 4
1706.141 4
1707.142 4
1708.143 4
1709.144 4
1710.146 4
1711.147 4
1712.148 4
1713.149 4
1714.151 4
1715.152 4
1716.153 4
1717.154 4
1718.155 4
1719.156 4
1720.158 4
1721.159 4
1722.160 4
1723.161 4
1724.162 4
1725.163 4
1726.164 4
1727.165 4
1728.166 4
1729.168 4
1730.169 4
1731.170 4
1732.171 4
1733.172 4
1734.173 4
1735.175 4
1736.176 4
1737.177 4
1738.178 4
1739.179 4
1740.180 4
1741.182 4
1742.183 4
1743.184 4
1744.185 4
1745.187 4
1746.188 4
1747.189 4
1748.190 4
1749.192 4
1750.193 4
1751.194 4
1752.196 4
1753.197 4
1754.198 4
1755.199 4
1756.200 4
1757.202 4
1758.203 4
1759.204 4
1760.205 4
1761.206 4
1762.207 4
1763.208 4
1764.210 4
1765.211 4
1766.212 4
1767.213 4
1768.214 4
1769.216 4
1770.217 4
1771.218 4
1772.219 4
1773.221 4
1774.222 4
1775.223 4
1776.224 4
1777.225 4
1778.227 4
1779.228 4
1780.230 4
1781.231 4
1782.232 4
1783.234 4
1784.235 4
1785.237 4
1786.238 4
1787.239 4
1788.240 4
1789.242 4
1790.243 4
1791.245 4
1792.246 4
1793.248 4
1794.249 4
1795.250 4
1796.251 4
1797.252 4
1798.254 4
1799.255 4
1800.256 4
1801.257 4
1802.258 4
1803.260 4
1804.261 4
1805.262 4
1806.264 4
1807.265 4
1808.266 4
1809.267 3
1810.268 4
1811.269 4
1812.271 4
1813.271 4
1814.273 4
1815.274 4
1816.275 4
1817.277 4
1818.278 4
1819.279 4
1820.281 4
1821.282 4
1822.284 4
1823.285 4
1824.286 4
1825.288 4
1826.289 4
1827.290 4
1828.292 4
1829.293 4
1830.294 4
1831.296 4
1832.297 4
1833.298 4
1834.299 4
1835.300 4
1836.302 4
1837.303 4
1838.304 4
1839.305 4
1840.307 4
1841.308 4
1842.309 4
1843.310 4
1844.311 4
1845.312 4
1846.313 4
1847.314 4
1848.316 4
1849.317 4
1850.318 4
1851.319 4
1852.320 4
1853.322 4
1854.323 4
1855.324 4
1856.325 4
1857.327 4
1858.328 4
1859.329 4
1860.331 4
1861.332 4
1862.333 4
1863.335 4
1864.336 4
1865.337 4
1866.338 4
1867.340 4
1868.341 4
1869.342 4
1870.344 4
1871.345 4
1872.346 4
1873.347 4
1874.349 4
1875.350 4
1876.351 4
1877.353 4
1878.354 4
1879.355 4
1880.356 4
1881.358 4
1882.359 4
1883.361 4
1884.362 4
1885.363 4
1886.364 4
1887.365 4
1888.367 4
1889.368 4
1890.369 4
1891.370 4
1892.372 4
1893.373 4
1894.375 4
1895.376 4
1896.377 4
1897.378 4
1898.379 4
1899.381 4
1900.401 4
1901.402 4
1902.403 4
1903.405 4
1904.406 4
1905.407 4
1906.409 4
1907.410 4
1908.411 4
1909.413 4
1910.422 4
1911.423 4
1912.424 4
1913.426 4
1914.428 4
1915.429 4
1916.430 4
1917.432 4
1918.433 4
1919.434 4
1920.435 4
1921.437 4
1922.438 4
1923.439 4
1924.441 4
1925.442 4
1926.443 4
1927.444 4
1928.445 4
1929.447 4
1930.448 4
1931.449 4
1932.450 4
1933.451 4
1934.453 4
1935.454 4
1936.455 4
1937.456 4
1938.458 4
1939.460 4
1940.461 4
1941.463 4
1942.464 4
1943.465 4
1944.466 4
1945.468 4
1946.469 4
1947.470 4
1948.472 4
1949.473 4
1950.474 4
1951.476 4
1952.477 4
1953.478 4
1954.479 4
1955.480 4
1956.482 4
1957.483 4
1958.484 4
1959.485 4
1960.486 4
1961.489 4
1962.490 4
1963.492 4
1964.493 4
1965.494 4
1966.496 4
1967.497 4
1968.499 4
1969.500 4
1970.501 4
1971.502 4
1972.503 4
1973.505 4
1974.506 4
1975.508 4
1976.509 4
1977.510 4
1978.512 4
1979.513 4
1980.514 4
1981.515 4
1982.516 4
1983.517 4
1984.518 4
1985.520 4
1986.521 4
1987.523 4
1988.524 4
1989.526 4
1990.527 4
1991.529 4
1992.530 4
1993.531 4
1994.533 4
1995.534 4
1996.535 4
1997.536 3
1998.538 4
1999.539 4
2000.540 4
2001.541 4
2002.542 4
2003.543 4
2004.545 4
2005.546 4
2006.547 4
2007.549 3
2008.551 4
2009.552 4
2010.553 4
2011.554 4
2012.556 4
2013.557 4
2014.558 4
2015.560 4
2016.561 4
2017.562 4
2018.563 4
2019.564 4
2020.565 4
2021.567 4
2022.568 4
2023.569 4
2024.570 4
2025.572 4
2026.573 4
2027.574 4
2028.575 4
2029.577 4
2030.578 4
2031.579 4
2032.580 4
2033.582 4
2034.583 4
2035.584 4
2036.585 4
2037.586 4
2038.588 4
2039.589 4
2040.590 4
2041.592 4
2042.593 4
2043.594 4
2044.595 4
2045.596 4
2046.597 4
2047.599 4
2048.600 4
2049.601 4
2050.602 4
2051.603 4
2052.604 4
2053.605 4
2054.606 4
2055.607 4
2056.608 4
2057.610 4
2058.611 4
2059.612 4
2060.613 4
2061.614 4
2062.615 3
2063.615 3
2064.616 3
2065.617 3
2066.618 3
2067.619 3
2068.620 3
2069.621 3
2070.622 3
2071.623 3
2072.624 3
2073.625 3
2074.626 3
2075.627 3
2076.628 3
2077.629 3
2078.630 3
2079.631 3
2080.632 3
2081.633 3
2082.634 3
2083.635 3
2084.636 3
2085.637 3
2086.638 3
2087.639 3
2088.640 3
2089.641 3
2090.642 3
2091.643 3
2092.644 3
2093.645 3
2094.646 3
2095.647 3
2096.648 3
2097.649 3
2098.650 3
2099.651 3
2100.652 3
2101.653 3
2102.654 3
2103.655 3
2104.656 3
2105.656 3
2106.657 3
2107.658 3
2108.659 3
2109.660 3
2110.661 3
2111.662 3
2112.663 3
2113.664 2
2114.665 2
2115.666 2
2116.667 2
2117.668 2
2118.669 2
2119.670 2
2120.671 2
2121.672 2
2122.673 2
2123.674 2
2124.675 2
2125.676 2
2126.677 2
2127.678 2
2128.679 2
2129.680 2
2130.681 2
2131.682 2
2132.684 2
2133.685 2
2134.686 2
2135.687 2
2136.688 2
2137.689 2
2138.690 2
2139.691 2
2140.692 2
2141.694 2
2142.695 2
2143.696 2
2144.697 2
2145.698 2
2146.698 2
2147.699 2
2148.700 2
2149.701 2
2150.702 2
2151.704 2
2152.705 2
2153.706 2
2154.707 2
2155.708 2
2156.708 2
2157.709 2
2158.710 2
2159.711 2
2160.712 2
2161.713 2
2162.714 2
2163.715 2
2164.716 2
2165.717 2
2166.718 2
2167.719 2
2168.720 2
2169.721 2
2170.722 1
2171.723 1
2172.724 1
2173.725 1
2174.726 1
2175.727 1
2176.729 1
2177.732 1
2178.733 1
2179.734 1
2180.735 1
2181.736 1
2182.737 1
2183.738 1
2184.739 1
2185.740 1
2186.742 1
2187.743 1
2188.745 1
2189.746 1
2190.747 1
2191.748 1
2192.749 1
2193.750 1
2194.751 1
2195.752 1
2196.753 1
2197.754 1
2198.755 1
2199.756 1
