1 .042
2 .007
3 .477
4 .018
5 .035
6 .035
7 .013
8 .013
9 .273
10 .063
11 .004
12 .008
13 .008
14 .013
15 .004
16 .025
17 .108
18 .006
19 .007
20 .006
21 .009
22 .004
23 .010
24 .010
25 .005
26 .009
27 .015
28 .003
29 .009
30 .104
31 .006
32 .029
33 .004
34 .004
35 .007
36 .007
37 .006
38 .004
39 .247
40 .073
41 .013
42 .074
43 .005
44 .021
45 .007
46 .008
47 .007
48 .007
49 .011
50 .007
51 .057
52 .135
53 .011
54 .029
55 .006
56 .030
57 .008
58 .008
59 .005
60 .012
61 .004
62 .011
63 .004
64 .006
65 .005
66 .004
67 .008
68 .010
69 .007
70 .013
71 .083
72 .345
73 .016
74 .060
75 .069
76 .004
77 .008
78 .024
79 .038
80 .024
