.048 1
.052 2
.103 3
.249 4
.384 5
.400 6
.482 7
.909 8
1.991 9
2.654 10
2.681 11
3.028 12
3.736 13
5.162 14
5.537 15
6.292 16
7.061 17
9.723 18
10.744 19
10.903 20
11.147 21
11.734 22
12.318 23
12.552 24
12.699 25
12.877 26
13.330 27
13.534 28
13.812 29
15.405 30
16.780 31
19.682 32
20.755 33
22.832 34
23.799 35
25.331 36
27.857 37
27.922 38
31.301 39
31.746 40
35.117 41
36.379 42
49.739 43
56.043 44
60.542 45
64.035 46
66.911 47
95.851 48
98.321 49
100.645 50
102.870 51
118.581 52
119.002 53
125.921 54
126.176 55
158.649 56
171.546 57
173.736 58
226.632 59
