1 xxx 25.36970510441751213927 642.64 25.331
2 xxx 46.69902912621359223300 4.81 .103
3 xxx 33.18261324111863929713 1650.47 49.739
4 xxx 272.36521320163815947964 5652.94 20.755
7 xxx 6.54042201782612409943 229.68 35.117
10 xxx 3.76186064342992236669 117.75 31.301
11 xxx 101.70767180968460450971 10000 98.321
12 xxx 1211.40562248995983935742 301.64 .249
13 xxx 130.66921606118546845124 1640.16 12.552
15 xxx 52.54382693024990675121 140.87 2.681
16 xxx .64589290126725263863 146.38 226.632
17 xxx 13.78518443247637435219 271.32 19.682
18 xxx 39.30640023168259484506 542.90 13.812
19 xxx 23.91413735881376799957 1340.22 56.043
20 xxx 53.93694379818676904779 5169.91 95.851
21 xxx 52.76636962417667570709 272.38 5.162
22 xxx 124.34009832345896886423 2959.17 23.799
24 xxx .70531046500963037696 7.69 10.903
27 xxx 51.57500000000000000000 20.63 .400
28 xxx 2.98083629216332741567 376.11 126.176
29 xxx 13.82761190322420388494 1391.68 100.645
30 xxx 4.21208535510359669951 530.39 125.921
31 xxx 33.41679076693968726731 359.03 10.744
34 xxx 192307.69230769230769230769 10000 .052
36 xxx 24.27661722450881416478 312.61 12.877
37 xxx 41310.83333333333333333333 1982.92 .048
38 xxx 4.71848677405053938229 63.86 13.534
40 xxx 47.30857388439223551321 1320.95 27.922
41 xxx 8.08462264585347884146 1404.59 173.736
42 xxx 10.45302367158313726482 1239.53 118.581
43 xxx 8.00381436745073108709 50.36 6.292
44 xxx 11.98693326632444268944 333.92 27.857
45 xxx 1.03617181612660135644 2.75 2.654
46 xxx 440.62706270627062706270 400.53 .909
47 xxx 51.86517490440447528678 366.22 7.061
48 xxx 156.16459748574998047942 10000 64.035
49 xxx 43.07740766989526734388 547.04 12.699
50 xxx 2.75231003857540145330 30.68 11.147
51 xxx 3.45610965296004666083 355.53 102.870
52 xxx 165.17458954114499025469 10000 60.542
53 xxx .65293822199899547965 1.30 1.991
54 xxx 2.65191545574636723910 8.03 3.028
55 xxx 139.53127663200954491222 1637.26 11.734
56 xxx 23.82796075683251576734 544.04 22.832
59 xxx 4.14930217461863031483 63.92 15.405
61 xxx 162.85817134629229661627 1583.47 9.723
62 xxx 100.23839624345313346577 555.02 5.537
63 xxx .00226916022162131497 0.36 158.649
64 xxx 5.51787842669845053635 92.59 16.780
65 xxx 1.23806250093407660922 82.84 66.911
66 xxx 58.29340235272171895584 10000 171.546
67 xxx 315.00031500031500031500 10000 31.746
68 xxx 40.13249402127601088540 1459.98 36.379
69 xxx 191.30208333333333333333 73.46 .384
71 xxx 20746.88796680497925311203 10000 .482
72 xxx 1.29602863817414833364 154.23 119.002
78 xxx 3.46809547004383828543 42.72 12.318
79 xxx 11.34635974304068522483 42.39 3.736
80 xxx 35.11627906976744186046 468.10 13.330
