.081 1
.097 2
.125 3
.196 4
.398 5
.663 6
.689 7
.750 8
.896 9
1.885 10
1.990 11
2.247 12
3.040 13
3.816 14
3.957 15
4.058 16
4.453 17
5.036 18
5.948 19
6.789 20
7.690 21
8.879 22
9.119 23
9.201 24
9.240 25
9.509 26
10.122 27
10.197 28
10.544 29
10.847 30
10.943 31
11.255 32
11.531 33
11.533 34
11.917 35
12.179 36
12.906 37
14.462 38
15.162 39
15.781 40
20.049 41
20.430 42
21.864 43
23.981 44
25.354 45
30.199 46
36.047 47
44.081 48
50.084 49
52.706 50
57.749 51
59.633 52
66.724 53
66.796 54
74.554 55
95.560 56
120.414 57
121.689 58
130.086 59
134.571 60
177.551 61
186.130 62
202.870 63
288.103 64
