1 xxx 40.72238768138901210316 642.64 15.781
2 xxx 38.48000000000000000000 4.81 .125
3 xxx 31.31465108336811748188 1650.47 52.706
4 xxx 372.83603746207624323967 5652.94 15.162
7 xxx 10.50493962678375411635 229.68 21.864
8 xxx 173.16317165665206323919 10000 57.749
10 xxx 3.89913573297129044008 117.75 30.199
11 xxx 1086.83838713183349635909 10000 9.201
12 xxx 757.88944723618090452261 301.64 .398
13 xxx 145.72723234118169702354 1640.16 11.255
15 xxx 74.73209549071618037135 140.87 1.885
16 xxx 1.53181247383842611971 146.38 95.560
17 xxx 10.70127001656543346217 271.32 25.354
18 xxx 45.55676764286313669547 542.90 11.917
19 xxx 26.75944413385512339270 1340.22 50.084
20 xxx 42.48461241361174798050 5169.91 121.689
21 xxx 121.21940364931019136626 272.38 2.247
22 xxx 229.28637842863784286378 2959.17 12.906
24 xxx .84329422085755016997 7.69 9.119
26 xxx 49.29265046581554690195 10000 202.870
27 xxx 29.94194484760522496371 20.63 .689
28 xxx 84.46216034134291488883 376.11 4.453
29 xxx 20.83478052577998682555 1391.68 66.796
30 xxx 7.11417227781205569117 530.39 74.554
31 xxx 38.85606060606060606060 359.03 9.240
34 xxx 103092.78350515463917525773 10000 .097
35 xxx 156.05761940864291129643 617.52 3.957
36 xxx 35.20779367045838495326 312.61 8.879
37 xxx 24480.49382716049382716049 1982.92 .081
38 xxx 6.05652503793626707132 63.86 10.544
39 xxx 2.07844506648793867677 369.03 177.551
40 xxx 65.88607910618983490448 1320.95 20.049
41 xxx 7.54628485467146617955 1404.59 186.130
42 xxx 18.57697380252982435105 1239.53 66.724
43 xxx 12.41005421389847215377 50.36 4.058
44 xxx 13.92435678245277511363 333.92 23.981
45 xxx 3.66666666666666666666 2.75 .750
46 xxx 447.02008928571428571428 400.53 .896
47 xxx 72.72041302621127879269 366.22 5.036
48 xxx 277.41559630482425721974 10000 36.047
49 xxx 50.43237761593067207522 547.04 10.847
50 xxx 4.51907497422300780674 30.68 6.789
51 xxx 5.96196736706186172085 355.53 59.633
52 xxx 226.85510764274857648419 10000 44.081
53 xxx .65326633165829145728 1.30 1.990
54 xxx 2.64144736842105263157 8.03 3.040
55 xxx 160.56291065999803863881 1637.26 10.197
56 xxx 44.67033418178832416454 544.04 12.179
58 xxx 4.87977184324216287686 634.79 130.086
59 xxx 5.54331801231463012748 63.92 11.531
60 xxx .56538807301555346525 162.89 288.103
61 xxx 266.21889710827168796234 1583.47 5.948
62 xxx 72.17425227568270481144 555.02 7.690
64 xxx 6.40229567141474208269 92.59 14.462
65 xxx 7.57013616010234853330 82.84 10.943
66 xxx 74.31021542531451798678 10000 134.571
67 xxx 489.47626040137053352912 10000 20.430
68 xxx 144.23829282750444576170 1459.98 10.122
69 xxx 374.79591836734693877551 73.46 .196
71 xxx 15082.95625942684766214177 10000 .663
72 xxx 1.28083113259255568289 154.23 120.414
78 xxx 4.49258597118519297507 42.72 9.509
79 xxx 11.10849056603773584905 42.39 3.816
80 xxx 40.58787826237752536200 468.10 11.533
