.051 1
.072 2
.085 3
.275 4
.386 5
.549 6
.586 7
.922 8
1.840 9
2.838 10
2.984 11
3.038 12
3.606 13
3.623 14
5.331 15
10.753 16
11.726 17
12.205 18
13.198 19
13.355 20
13.684 21
15.758 22
19.131 23
19.158 24
19.331 25
20.787 26
20.836 27
21.676 28
21.799 29
23.329 30
24.817 31
29.030 32
31.673 33
33.594 34
38.993 35
39.879 36
41.659 37
45.617 38
46.160 39
49.343 40
52.490 41
53.903 42
61.137 43
85.025 44
87.742 45
88.064 46
95.960 47
96.676 48
99.164 49
103.580 50
107.631 51
117.797 52
142.747 53
143.917 54
162.971 55
182.672 56
193.369 57
