1 xxx 6.69695706544393497290 642.64 95.960
2 xxx 56.58823529411764705882 4.81 .085
3 xxx 19.41158482799176712731 1650.47 85.025
4 xxx 295.48586064502639694736 5652.94 19.131
7 xxx 3.75680847931694391285 229.68 61.137
8 xxx 113.97050443345262246130 10000 87.742
10 xxx 2.38635672739800984942 117.75 49.343
11 xxx 103.43828871695146675493 10000 96.676
12 xxx 1096.87272727272727272727 301.64 .275
13 xxx 139.87378475183353232133 1640.16 11.726
15 xxx 39.06544647809206877426 140.87 3.606
16 xxx .80132696855566260839 146.38 182.672
17 xxx 6.80358083201685097419 271.32 39.879
18 xxx 26.05586484929928969091 542.90 20.836
19 xxx 12.93898435991504151380 1340.22 103.580
20 xxx 26.73598146548826337210 5169.91 193.369
21 xxx 51.09360345151003564059 272.38 5.331
22 xxx 64.10680242634315424610 2959.17 46.160
24 xxx .58266404000606152447 7.69 13.198
27 xxx 35.20477815699658703071 20.63 .586
28 xxx 4.27087118459302325581 376.11 88.064
29 xxx 9.74927669232978626521 1391.68 142.747
31 xxx 26.23721134171294942999 359.03 13.684
34 xxx 138888.88888888888888888888 10000 .072
35 xxx 217.58985200845665961945 617.52 2.838
36 xxx 15.03872612690623947659 312.61 20.787
37 xxx 38880.78431372549019607843 1982.92 .051
38 xxx 2.92949217854030001376 63.86 21.799
40 xxx 31.70863438872752586475 1320.95 41.659
42 xxx 8.61281155110237150579 1239.53 143.917
43 xxx 1.73475714777816052359 50.36 29.030
44 xxx 7.32007804108117587741 333.92 45.617
45 xxx 1.49456521739130434782 2.75 1.840
46 xxx 434.41431670281995661605 400.53 .922
47 xxx 34.05747233330233423230 366.22 10.753
48 xxx 100.84304788027913355653 10000 99.164
49 xxx 25.23712862151688503413 547.04 21.676
50 xxx 2.51372388365424006554 30.68 12.205
51 xxx 2.18155377337072239846 355.53 162.971
52 xxx 92.91003521290334569036 10000 107.631
53 xxx .43565683646112600536 1.30 2.984
54 xxx 2.64318630678077682685 8.03 3.038
55 xxx 85.46090406096669798517 1637.26 19.158
56 xxx 16.19455855212240281002 544.04 33.594
59 xxx 2.57565378571140750292 63.92 24.817
61 xxx 100.48673689554511993907 1583.47 15.758
62 xxx 23.79098975524025890522 555.02 23.329
64 xxx 2.37452876157258995204 92.59 38.993
65 xxx 2.61547690461907618476 82.84 31.673
67 xxx 190.51247856734616117355 10000 52.490
68 xxx 27.08531992653470122256 1459.98 53.903
69 xxx 190.31088082901554404145 73.46 .386
71 xxx 18214.93624772313296903460 10000 .549
72 xxx 1.30928631459205242917 154.23 117.797
78 xxx 3.19880194683639086484 42.72 13.355
79 xxx 11.70024841291747170852 42.39 3.623
80 xxx 24.21499146448709326987 468.10 19.331
