0.181645 1
0.194749 2
0.278715 3
0.401843 4
0.582949 5
0.718094 6
0.844096 7
3.102671 8
3.361288 9
3.488521 10
5.511744 11
7.579036 12
7.803266 13
11.041437 14
17.401754 15
18.051527 16
20.260229 17
21.762030 18
24.363489 19
35.231453 20
36.510033 21
36.722862 22
37.545036 23
38.830139 24
43.519127 25
44.476784 26
50.146206 27
53.365520 28
55.167213 29
58.280617 30
59.213402 31
75.211830 32
83.693748 33
87.264595 34
92.506996 35
107.162254 36
109.510506 37
130.539856 38
132.161011 39
148.134552 40
176.470840 41
179.183884 42
195.407471 43
212.663589 44
240.143402 45
240.779617 46
267.481140 47
269.166473 48
275.567841 49
