1.122 2
2.316 19
3.214 26
4.256 39
5.665 47
6.959 62
7.736 73
8.742 73
9.749 75
10.755 75
11.761 76
12.766 76
13.772 77
14.776 78
15.781 78
16.787 78
17.790 78
18.793 78
19.797 79
20.801 79
21.804 79
22.808 79
23.817 80
24.822 80
25.828 80
26.833 80
27.840 80
28.845 80
29.851 80
30.856 80
31.861 80
32.866 80
33.870 80
34.872 80
35.875 80
36.877 80
37.880 80
38.883 80
39.885 80
40.889 80
41.894 80
42.899 80
43.904 80
44.909 80
45.914 80
46.919 80
47.924 80
48.929 80
49.936 80
50.944 80
51.952 80
52.960 80
53.968 80
54.975 80
55.982 80
56.989 80
57.996 80
59.003 80
60.010 80
61.017 80
62.024 80
63.031 80
64.038 80
65.513 80
66.516 80
67.520 80
68.522 80
69.525 80
70.529 80
71.532 80
72.536 80
73.538 80
74.541 80
75.544 80
76.551 80
77.560 80
78.569 80
79.578 80
80.588 80
81.596 80
82.606 80
83.614 80
84.623 80
85.632 80
86.642 80
87.651 80
88.660 80
89.670 80
90.679 80
91.756 80
92.765 80
93.774 80
94.783 80
95.792 80
96.801 80
97.810 80
98.818 80
99.826 80
100.835 80
101.841 80
102.848 80
103.856 80
104.864 80
105.871 80
106.878 80
107.886 80
108.894 80
109.901 80
110.909 80
111.917 80
112.925 80
113.930 80
114.937 80
115.944 80
116.952 80
117.959 80
118.967 80
119.975 80
120.982 80
121.990 80
122.997 80
124.005 80
125.012 80
126.020 80
127.025 80
128.028 80
131.562 80
132.568 80
133.577 80
134.586 80
135.594 80
136.603 80
137.612 80
138.621 80
139.630 80
140.640 80
141.648 80
142.657 80
143.663 80
144.669 80
145.674 80
146.679 80
147.684 80
148.688 80
149.693 80
150.697 80
151.704 80
152.705 80
153.709 80
154.712 80
155.725 80
156.732 80
157.740 80
158.746 80
159.749 80
160.753 80
161.757 80
162.761 80
163.765 80
164.771 80
165.777 80
166.783 80
167.789 80
168.791 80
169.794 80
170.796 80
171.798 80
172.801 80
173.804 80
174.806 80
175.808 80
176.813 80
177.818 80
178.823 80
179.828 80
180.832 80
181.835 80
182.837 80
183.843 80
184.851 80
185.859 80
186.867 80
187.876 80
188.884 80
189.892 80
190.899 80
191.906 80
192.911 80
193.915 80
194.920 80
195.927 80
196.933 80
197.939 80
198.945 80
199.951 80
200.958 80
201.964 80
202.969 80
203.974 80
204.979 80
205.983 80
206.988 80
207.992 80
208.998 80
210.003 80
211.009 80
212.015 80
213.022 80
214.027 80
215.034 80
216.040 80
217.047 80
218.053 80
219.058 80
220.064 80
221.067 80
222.070 80
223.072 80
224.075 80
225.080 80
226.085 80
227.090 80
228.096 80
229.101 80
230.107 80
231.113 80
232.118 80
233.124 80
234.130 80
235.135 80
236.140 80
237.146 80
238.151 80
239.157 80
240.162 80
241.168 80
242.173 80
243.179 80
244.184 80
245.189 80
246.195 80
247.205 80
248.256 80
249.261 80
250.267 80
251.272 80
252.277 80
253.282 80
254.287 80
255.292 80
256.297 80
257.302 80
258.308 80
259.312 80
260.315 80
261.318 80
262.321 80
263.324 80
264.327 80
265.329 80
266.332 80
267.334 80
268.337 80
269.340 80
270.342 80
271.345 80
272.348 80
273.351 80
274.354 80
275.358 80
276.363 80
277.367 80
278.371 80
279.379 80
280.385 80
281.389 80
282.393 80
283.399 80
284.404 80
285.406 80
286.409 80
287.413 80
288.420 80
289.428 80
290.435 80
291.440 80
292.447 80
293.452 80
294.456 80
295.460 80
296.464 80
297.468 80
298.474 80
299.480 80
300.484 80
301.489 80
302.492 80
303.498 80
304.503 80
305.508 80
306.514 80
307.521 80
308.527 80
309.533 80
310.540 80
311.546 80
312.552 80
313.558 80
314.562 80
315.569 80
