1 .116
2 .021
3 .502
4 .520
5 .147
6 .110
7 .058
8 .018
9 .258
10 .124
11 .004
12 .006
13 .006
14 .022
15 .078
16 .063
17 .113
18 .018
19 .046
20 .022
21 .019
22 .077
23 .781
24 .119
25 .006
26 .108
27 .015
28 .084
29 .068
30 .122
31 .007
32 .366
33 .046
34 .013
35 .057
36 .014
37 .127
38 .030
39 .241
40 .068
41 .046
42 .023
43 .006
44 .054
45 .014
46 .048
47 .086
48 .004
49 .003
50 .469
51 .130
52 .112
53 .385
54 .162
55 .024
56 .005
57 .007
58 .065
59 .069
60 .016
61 .011
62 .013
63 .074
64 .030
65 .058
66 .557
67 .083
68 .022
69 .006
70 .095
71 .013
72 .330
73 .521
74 .077
75 .081
76 .013
77 .054
78 .109
79 .061
80 .124
