.085 1
.094 2
.138 3
.239 4
.282 5
.660 6
.684 7
.940 8
1.027 9
1.885 10
1.993 11
1.994 12
2.005 13
2.965 14
3.607 15
4.131 16
5.004 17
5.142 18
5.916 19
6.738 20
8.691 21
8.763 22
8.973 23
8.986 24
10.644 25
11.514 26
11.523 27
11.632 28
11.933 29
12.389 30
12.900 31
13.909 32
14.136 33
14.534 34
14.917 35
17.199 36
17.234 37
19.289 38
20.098 39
20.389 40
20.490 41
22.888 42
28.183 43
30.189 44
30.440 45
32.502 46
48.133 47
51.438 48
52.910 49
59.884 50
61.993 51
64.197 52
65.465 53
68.750 54
74.468 55
78.043 56
100.502 57
107.411 58
128.457 59
129.821 60
149.682 61
180.448 62
201.640 63
205.284 64
