1 xxx 95.56223754471460417854 1843.3 19.289
2 xxx 72463.76811594202898550724 10000 .138
3 xxx 3.74625763054551110074 192.7 51.438
4 xxx 707.41369552914544425580 10000 14.136
7 xxx 11.81405103110800419433 270.4 22.888
8 xxx 128.13448996066271158207 10000 78.043
10 xxx 5.04819636291364404253 152.4 30.189
11 xxx 939.49642991356632844795 10000 10.644
12 xxx .35460992907801418439 0.1 .282
13 xxx 271.87364401631519569556 3132.8 11.523
15 xxx 39.84084880636604774535 75.1 1.885
16 xxx 80.73915900131406044678 2457.7 30.440
17 xxx 13.79149950578522007093 237.2 17.199
18 xxx 50.59917874800972094192 603.8 11.933
19 xxx 49.63123013317266740074 2388.9 48.133
20 xxx 77.84706166265754299103 10000 128.457
21 xxx 4987.53117206982543640897 10000 2.005
22 xxx 718.95894744410094183622 10000 13.909
24 xxx 3.13819468218646582220 27.5 8.763
26 xxx 48.71300247462052571072 10000 205.284
27 xxx 14619.88304093567251461988 10000 .684
28 xxx 1484.11991688928465420005 10000 6.738
29 xxx 155.77051887159836129414 10000 64.197
30 xxx 26.78988772626594363400 1753.8 65.465
31 xxx 108.26841753839305586467 972.9 8.986
34 xxx 0 0.0 .094
35 xxx 5017.56146512794781736076 10000 1.993
36 xxx 91.84219324640588431962 824.1 8.973
37 xxx 0 0.0 .085
38 xxx 14.95570609692548202188 172.2 11.514
39 xxx 47.62590884908671750310 8594.0 180.448
40 xxx 96.17872425116927057418 1933.0 20.098
41 xxx 16.29162748694267812421 1749.9 107.411
42 xxx 23.56716979105118977278 1755.0 74.468
43 xxx 99.20116194625998547567 409.8 4.131
44 xxx 22.20171066395914097593 721.6 32.502
45 xxx 287.92599805258033106134 295.7 1.027
46 xxx 2258.93617021276595744680 2123.4 .940
47 xxx 79.91606714628297362110 399.9 5.004
48 xxx 130.93527272727272727272 9001.8 68.750
49 xxx 36.88058489033306255077 635.6 17.234
50 xxx 11.39634383508362504861 58.6 5.142
51 xxx 24.31564854096430242124 1507.4 61.993
52 xxx 34.08422951038674771224 2041.1 59.884
53 xxx 1.15346038114343029087 2.3 1.994
54 xxx 249.20741989881956155143 738.9 2.965
55 xxx 69.53749293728307369440 861.5 12.389
56 xxx 154.37209302325581395348 1991.4 12.900
58 xxx 77.02914012370879903867 10000 129.821
59 xxx 7.41059147180192572214 86.2 11.632
60 xxx 16.68468557825828208688 3364.3 201.640
61 xxx 282.42055442866801893171 1670.8 5.916
62 xxx 156.58857979502196193265 3208.5 20.490
64 xxx 16.74599450291613595226 249.8 14.917
65 xxx 56.15951615951615951615 2971.4 52.910
66 xxx 66.80830026322470303710 10000 149.682
67 xxx 284.59953896709009760164 5802.7 20.389
68 xxx 354.82382996842067913281 10000 28.183
69 xxx 292.88702928870292887029 70.0 .239
71 xxx 10769.69696969696969696969 7108.0 .660
72 xxx 39.21912001751208931165 3941.6 100.502
78 xxx 9.11287538833275802554 79.2 8.691
79 xxx 75.10396451344607707235 270.9 3.607
80 xxx 25.10664648410623365900 364.9 14.534
