0.00130
0.00146
0.00146
0.00146
0.00146
0.00171
0.00183
0.00183
0.00195
0.00195
0.00195
0.00195
0.00195
0.00198
0.00208
0.00208
0.00220
0.00220
0.00220
0.00220
0.00220
0.00220
0.00220
0.00220
0.00226
0.00226
0.00232
0.00241
0.00244
0.00244
0.00244
0.00244
0.00244
0.00244
0.00244
0.00244
0.00244
0.00244
0.00244
0.00244
0.00244
0.00244
0.00244
0.00244
0.00247
0.00253
0.00255
0.00259
0.00262
0.00265
0.00266
0.00269
0.00269
0.00269
0.00269
0.00269
0.00269
0.00269
0.00272
0.00275
0.00275
0.00281
0.00281
0.00285
0.00286
0.00290
0.00291
0.00293
0.00293
0.00293
0.00293
0.00293
0.00293
0.00293
0.00296
0.00297
0.00305
0.00305
0.00305
0.00305
0.00317
0.00317
0.00317
0.00317
0.00317
0.00317
0.00317
0.00317
0.00317
0.00317
0.00317
0.00323
0.00323
0.00326
0.00330
0.00330
0.00335
0.00336
0.00336
0.00342
0.00342
0.00342
0.00342
0.00342
0.00342
0.00342
0.00342
0.00342
0.00342
0.00342
0.00342
0.00348
0.00348
0.00366
0.00366
0.00366
0.00366
0.00366
0.00366
0.00366
0.00372
0.00372
0.00372
0.00375
0.00378
0.00378
0.00381
0.00385
0.00391
0.00391
0.00391
0.00391
0.00391
0.00391
0.00391
0.00391
0.00391
0.00391
0.00391
0.00391
0.00391
0.00391
0.00391
0.00391
0.00400
0.00403
0.00403
0.00403
0.00403
0.00403
0.00403
0.00406
0.00407
0.00409
0.00415
0.00415
0.00415
0.00415
0.00415
0.00415
0.00415
0.00415
0.00415
0.00415
0.00415
0.00415
0.00427
0.00427
0.00427
0.00433
0.00436
0.00439
0.00439
0.00439
0.00439
0.00439
0.00439
0.00439
0.00439
0.00439
0.00439
0.00439
0.00439
0.00439
0.00439
0.00439
0.00439
0.00439
0.00439
0.00452
0.00452
0.00452
0.00452
0.00452
0.00455
0.00457
0.00458
0.00458
0.00464
0.00464
0.00464
0.00464
0.00464
0.00464
0.00464
0.00464
0.00464
0.00464
0.00464
0.00464
0.00464
0.00473
0.00476
0.00476
0.00476
0.00476
0.00476
0.00484
0.00486
0.00488
0.00488
0.00488
0.00488
0.00488
0.00488
0.00488
0.00488
0.00488
0.00488
0.00488
0.00488
0.00494
0.00500
0.00500
0.00505
0.00507
0.00510
0.00510
0.00513
0.00513
0.00513
0.00513
0.00513
0.00513
0.00513
0.00513
0.00513
0.00513
0.00525
0.00525
0.00525
0.00525
0.00534
0.00537
0.00537
0.00537
0.00537
0.00537
0.00537
0.00537
0.00537
0.00546
0.00549
0.00549
0.00549
0.00555
0.00555
0.00560
0.00561
0.00562
0.00562
0.00562
0.00562
0.00562
0.00562
0.00562
0.00562
0.00562
0.00562
0.00562
0.00566
0.00574
0.00574
0.00574
0.00577
0.00586
0.00586
0.00586
0.00586
0.00586
0.00586
0.00586
0.00586
0.00586
0.00586
0.00586
0.00595
0.00598
0.00598
0.00598
0.00598
0.00598
0.00600
0.00607
0.00610
0.00610
0.00610
0.00610
0.00610
0.00610
0.00610
0.00623
0.00623
0.00623
0.00623
0.00623
0.00626
0.00629
0.00630
0.00635
0.00635
0.00635
0.00635
0.00635
0.00635
0.00635
0.00635
0.00641
0.00646
0.00647
0.00647
0.00647
0.00659
0.00659
0.00659
0.00659
0.00659
0.00659
0.00659
0.00659
0.00659
0.00659
0.00659
0.00659
0.00659
0.00659
0.00671
0.00671
0.00671
0.00671
0.00671
0.00674
0.00677
0.00677
0.00681
0.00684
0.00684
0.00684
0.00684
0.00696
0.00696
0.00696
0.00696
0.00696
0.00696
0.00697
0.00702
0.00705
0.00708
0.00708
0.00708
0.00708
0.00708
0.00708
0.00708
0.00708
0.00708
0.00708
0.00708
0.00708
0.00708
0.00708
0.00708
0.00720
0.00720
0.00720
0.00720
0.00720
0.00720
0.00720
0.00726
0.00732
0.00732
0.00732
0.00732
0.00732
0.00732
0.00732
0.00732
0.00732
0.00732
0.00735
0.00739
0.00742
0.00745
0.00745
0.00745
0.00754
0.00757
0.00757
0.00757
0.00757
0.00757
0.00757
0.00757
0.00757
0.00757
0.00757
0.00763
0.00769
0.00769
0.00781
0.00781
0.00781
0.00781
0.00781
0.00781
0.00781
0.00781
0.00781
0.00781
0.00781
0.00781
0.00781
0.00781
0.00784
0.00787
0.00787
0.00787
0.00793
0.00793
0.00793
0.00793
0.00797
0.00800
0.00800
0.00806
0.00806
0.00806
0.00806
0.00806
0.00806
0.00806
0.00806
0.00806
0.00806
0.00806
0.00806
0.00806
0.00812
0.00814
0.00815
0.00818
0.00822
0.00830
0.00830
0.00830
0.00830
0.00830
0.00830
0.00830
0.00830
0.00830
0.00830
0.00830
0.00830
0.00830
0.00830
0.00830
0.00833
0.00834
0.00835
0.00836
0.00842
0.00842
0.00842
0.00842
0.00854
0.00854
0.00854
0.00854
0.00854
0.00854
0.00854
0.00854
0.00854
0.00854
0.00854
0.00854
0.00864
0.00867
0.00867
0.00867
0.00870
0.00873
0.00873
0.00879
0.00879
0.00879
0.00879
0.00879
0.00879
0.00879
0.00879
0.00879
0.00879
0.00879
0.00879
0.00879
0.00879
0.00879
0.00879
0.00879
0.00879
0.00879
0.00879
0.00879
0.00879
0.00891
0.00891
0.00891
0.00891
0.00891
0.00891
0.00891
0.00903
0.00903
0.00903
0.00903
0.00903
0.00903
0.00903
0.00903
0.00903
0.00903
0.00903
0.00903
0.00903
0.00903
0.00922
0.00925
0.00928
0.00928
0.00928
0.00928
0.00928
0.00928
0.00928
0.00928
0.00928
0.00929
0.00935
0.00937
0.00937
0.00937
0.00940
0.00940
0.00940
0.00940
0.00940
0.00940
0.00948
0.00949
0.00949
0.00952
0.00952
0.00952
0.00952
0.00952
0.00952
0.00952
0.00952
0.00952
0.00952
0.00954
0.00958
0.00964
0.00964
0.00964
0.00964
0.00967
0.00970
0.00977
0.00977
0.00977
0.00977
0.00977
0.00977
0.00977
0.00977
0.00977
0.00977
0.00977
0.00977
0.00977
0.00977
0.00977
0.00977
0.00983
0.00989
0.00989
0.00989
0.00989
0.00995
0.00995
0.01001
0.01001
0.01001
0.01001
0.01001
0.01001
0.01001
0.01001
0.01001
0.01001
0.01001
0.01001
0.01001
0.01001
0.01001
0.01001
0.01009
0.01009
0.01010
0.01013
0.01013
0.01013
0.01013
0.01015
0.01019
0.01019
0.01021
0.01025
0.01025
0.01025
0.01025
0.01025
0.01025
0.01025
0.01025
0.01025
0.01025
0.01032
0.01038
0.01038
0.01038
0.01038
0.01041
0.01050
0.01050
0.01050
0.01050
0.01050
0.01050
0.01050
0.01050
0.01050
0.01056
0.01060
0.01062
0.01065
0.01068
0.01068
0.01068
0.01073
0.01074
0.01074
0.01074
0.01074
0.01074
0.01074
0.01074
0.01074
0.01074
0.01074
0.01074
0.01074
0.01074
0.01086
0.01086
0.01086
0.01090
0.01093
0.01096
0.01099
0.01099
0.01099
0.01099
0.01099
0.01099
0.01099
0.01099
0.01099
0.01105
0.01108
0.01111
0.01111
0.01111
0.01111
0.01111
0.01117
0.01123
0.01123
0.01123
0.01123
0.01123
0.01123
0.01123
0.01123
0.01123
0.01126
0.01126
0.01129
0.01135
0.01135
0.01135
0.01135
0.01135
0.01135
0.01147
0.01147
0.01147
0.01147
0.01147
0.01147
0.01147
0.01147
0.01147
0.01147
0.01147
0.01147
0.01154
0.01157
0.01157
0.01157
0.01158
0.01160
0.01160
0.01160
0.01160
0.01162
0.01166
0.01166
0.01172
0.01172
0.01172
0.01172
0.01172
0.01172
0.01172
0.01172
0.01172
0.01172
0.01172
0.01172
0.01172
0.01172
0.01188
0.01190
0.01196
0.01196
0.01196
0.01196
0.01196
0.01196
0.01196
0.01196
0.01196
0.01196
0.01201
0.01208
0.01208
0.01212
0.01221
0.01221
0.01221
0.01221
0.01221
0.01221
0.01221
0.01221
0.01221
0.01221
0.01221
0.01221
0.01227
0.01227
0.01227
0.01230
0.01230
0.01233
0.01233
0.01233
0.01245
0.01245
0.01245
0.01245
0.01245
0.01245
0.01245
0.01245
0.01245
0.01245
0.01245
0.01245
0.01245
0.01245
0.01251
0.01251
0.01254
0.01256
0.01257
0.01259
0.01259
0.01263
0.01270
0.01270
0.01270
0.01270
0.01270
0.01270
0.01270
0.01270
0.01270
0.01270
0.01270
0.01270
0.01270
0.01270
0.01275
0.01282
0.01282
0.01282
0.01282
0.01282
0.01282
0.01282
0.01282
0.01288
0.01288
0.01291
0.01294
0.01294
0.01294
0.01294
0.01294
0.01294
0.01294
0.01294
0.01294
0.01294
0.01294
0.01294
0.01294
0.01294
0.01294
0.01294
0.01300
0.01306
0.01306
0.01318
0.01318
0.01318
0.01318
0.01318
0.01318
0.01318
0.01318
0.01318
0.01318
0.01320
0.01328
0.01331
0.01331
0.01331
0.01331
0.01343
0.01343
0.01343
0.01343
0.01343
0.01343
0.01343
0.01343
0.01343
0.01343
0.01343
0.01346
0.01355
0.01355
0.01355
0.01355
0.01355
0.01355
0.01355
0.01361
0.01366
0.01367
0.01367
0.01367
0.01367
0.01367
0.01367
0.01367
0.01367
0.01367
0.01367
0.01367
0.01367
0.01367
0.01367
0.01367
0.01367
0.01367
0.01367
0.01367
0.01367
0.01367
0.01373
0.01378
0.01379
0.01379
0.01379
0.01379
0.01382
0.01385
0.01392
0.01392
0.01392
0.01392
0.01392
0.01392
0.01392
0.01392
0.01392
0.01392
0.01392
0.01392
0.01392
0.01392
0.01392
0.01398
0.01404
0.01404
0.01404
0.01404
0.01404
0.01404
0.01414
0.01416
0.01416
0.01416
0.01416
0.01416
0.01416
0.01416
0.01416
0.01416
0.01416
0.01422
0.01422
0.01425
0.01428
0.01428
0.01428
0.01431
0.01440
0.01440
0.01440
0.01440
0.01440
0.01440
0.01440
0.01440
0.01440
0.01440
0.01440
0.01440
0.01440
0.01440
0.01440
0.01453
0.01453
0.01453
0.01453
0.01465
0.01465
0.01465
0.01465
0.01465
0.01465
0.01465
0.01465
0.01465
0.01465
0.01465
0.01465
0.01465
0.01465
0.01469
0.01475
0.01477
0.01483
0.01483
0.01483
0.01483
0.01489
0.01489
0.01489
0.01489
0.01489
0.01489
0.01489
0.01489
0.01489
0.01489
0.01489
0.01489
0.01489
0.01489
0.01489
0.01495
0.01498
0.01501
0.01501
0.01501
0.01501
0.01501
0.01508
0.01514
0.01514
0.01514
0.01514
0.01514
0.01514
0.01514
0.01514
0.01514
0.01514
0.01514
0.01514
0.01514
0.01514
0.01514
0.01514
0.01514
0.01514
0.01518
0.01523
0.01526
0.01526
0.01526
0.01532
0.01532
0.01538
0.01538
0.01538
0.01538
0.01538
0.01538
0.01538
0.01538
0.01538
0.01538
0.01538
0.01538
0.01538
0.01538
0.01544
0.01547
0.01550
0.01550
0.01550
0.01550
0.01562
0.01562
0.01562
0.01562
0.01562
0.01562
0.01562
0.01562
0.01562
0.01562
0.01562
0.01562
0.01562
0.01562
0.01566
0.01566
0.01575
0.01575
0.01575
0.01578
0.01587
0.01587
0.01587
0.01587
0.01587
0.01587
0.01593
0.01599
0.01599
0.01602
0.01602
0.01611
0.01611
0.01611
0.01611
0.01611
0.01611
0.01611
0.01611
0.01611
0.01611
0.01611
0.01624
0.01624
0.01624
0.01624
0.01624
0.01630
0.01636
0.01636
0.01636
0.01636
0.01636
0.01636
0.01636
0.01636
0.01636
0.01636
0.01636
0.01636
0.01636
0.01636
0.01648
0.01648
0.01648
0.01648
0.01648
0.01648
0.01655
0.01660
0.01660
0.01660
0.01660
0.01660
0.01660
0.01660
0.01660
0.01660
0.01663
0.01672
0.01672
0.01675
0.01678
0.01680
0.01685
0.01685
0.01685
0.01685
0.01685
0.01685
0.01685
0.01685
0.01685
0.01691
0.01697
0.01703
0.01703
0.01709
0.01709
0.01709
0.01709
0.01709
0.01709
0.01709
0.01709
0.01709
0.01712
0.01715
0.01721
0.01721
0.01721
0.01721
0.01726
0.01727
0.01733
0.01733
0.01733
0.01733
0.01733
0.01733
0.01733
0.01733
0.01733
0.01733
0.01733
0.01733
0.01733
0.01733
0.01733
0.01733
0.01740
0.01746
0.01746
0.01749
0.01752
0.01758
0.01758
0.01758
0.01758
0.01758
0.01758
0.01758
0.01758
0.01758
0.01758
0.01758
0.01758
0.01758
0.01758
0.01758
0.01758
0.01762
0.01764
0.01770
0.01770
0.01770
0.01770
0.01770
0.01779
0.01782
0.01782
0.01782
0.01782
0.01782
0.01782
0.01782
0.01782
0.01782
0.01794
0.01794
0.01794
0.01801
0.01807
0.01807
0.01807
0.01807
0.01807
0.01807
0.01807
0.01807
0.01807
0.01807
0.01813
0.01819
0.01819
0.01827
0.01831
0.01831
0.01831
0.01831
0.01831
0.01831
0.01831
0.01831
0.01831
0.01843
0.01843
0.01846
0.01849
0.01849
0.01855
0.01855
0.01855
0.01855
0.01855
0.01855
0.01855
0.01855
0.01855
0.01859
0.01868
0.01868
0.01868
0.01874
0.01880
0.01880
0.01880
0.01880
0.01880
0.01880
0.01880
0.01880
0.01880
0.01880
0.01880
0.01880
0.01880
0.01880
0.01880
0.01892
0.01892
0.01892
0.01892
0.01901
0.01904
0.01904
0.01904
0.01904
0.01904
0.01904
0.01904
0.01904
0.01909
0.01911
0.01917
0.01917
0.01917
0.01917
0.01917
0.01923
0.01924
0.01929
0.01929
0.01929
0.01929
0.01929
0.01929
0.01929
0.01929
0.01929
0.01934
0.01941
0.01941
0.01941
0.01941
0.01953
0.01953
0.01953
0.01953
0.01953
0.01953
0.01953
0.01953
0.01953
0.01953
0.01953
0.01953
0.01959
0.01961
0.01962
0.01965
0.01965
0.01965
0.01965
0.01965
0.01965
0.01965
0.01965
0.01971
0.01971
0.01971
0.01978
0.01978
0.01978
0.01978
0.01978
0.01978
0.01978
0.01978
0.01978
0.01987
0.01990
0.01990
0.01990
0.01993
0.02002
0.02002
0.02002
0.02002
0.02002
0.02002
0.02002
0.02002
0.02002
0.02002
0.02002
0.02002
0.02002
0.02008
0.02008
0.02014
0.02014
0.02019
0.02020
0.02020
0.02020
0.02026
0.02026
0.02026
0.02026
0.02026
0.02026
0.02026
0.02026
0.02026
0.02026
0.02026
0.02026
0.02026
0.02026
0.02030
0.02032
0.02032
0.02039
0.02039
0.02039
0.02039
0.02042
0.02046
0.02051
0.02051
0.02051
0.02051
0.02051
0.02051
0.02051
0.02051
0.02051
0.02051
0.02051
0.02051
0.02054
0.02063
0.02063
0.02075
0.02075
0.02075
0.02075
0.02075
0.02075
0.02075
0.02075
0.02075
0.02075
0.02075
0.02075
0.02075
0.02077
0.02078
0.02081
0.02087
0.02094
0.02095
0.02100
0.02100
0.02100
0.02100
0.02100
0.02100
0.02100
0.02100
0.02100
0.02100
0.02100
0.02100
0.02100
0.02103
0.02112
0.02112
0.02112
0.02118
0.02118
0.02124
0.02124
0.02124
0.02124
0.02124
0.02124
0.02124
0.02124
0.02124
0.02124
0.02124
0.02124
0.02124
0.02124
0.02124
0.02127
0.02136
0.02136
0.02141
0.02148
0.02148
0.02148
0.02148
0.02148
0.02148
0.02148
0.02148
0.02148
0.02148
0.02148
0.02148
0.02148
0.02155
0.02155
0.02161
0.02161
0.02161
0.02167
0.02173
0.02173
0.02173
0.02173
0.02173
0.02173
0.02173
0.02173
0.02173
0.02173
0.02173
0.02174
0.02179
0.02185
0.02185
0.02185
0.02194
0.02197
0.02197
0.02197
0.02197
0.02197
0.02197
0.02197
0.02197
0.02197
0.02197
0.02199
0.02203
0.02203
0.02209
0.02209
0.02209
0.02216
0.02216
0.02222
0.02222
0.02222
0.02222
0.02222
0.02222
0.02222
0.02222
0.02222
0.02222
0.02224
0.02229
0.02231
0.02234
0.02234
0.02234
0.02234
0.02238
0.02246
0.02246
0.02246
0.02246
0.02246
0.02246
0.02246
0.02246
0.02252
0.02258
0.02258
0.02258
0.02258
0.02258
0.02258
0.02258
0.02264
0.02271
0.02271
0.02271
0.02271
0.02271
0.02271
0.02271
0.02271
0.02271
0.02274
0.02277
0.02283
0.02283
0.02283
0.02289
0.02289
0.02290
0.02294
0.02295
0.02295
0.02295
0.02295
0.02295
0.02295
0.02295
0.02295
0.02295
0.02295
0.02295
0.02295
0.02295
0.02303
0.02307
0.02307
0.02319
0.02319
0.02319
0.02319
0.02319
0.02319
0.02319
0.02319
0.02319
0.02319
0.02319
0.02319
0.02319
0.02325
0.02327
0.02335
0.02341
0.02344
0.02344
0.02344
0.02344
0.02344
0.02344
0.02344
0.02344
0.02344
0.02344
0.02344
0.02344
0.02350
0.02350
0.02350
0.02350
0.02356
0.02356
0.02359
0.02362
0.02368
0.02368
0.02368
0.02368
0.02368
0.02368
0.02368
0.02374
0.02380
0.02380
0.02386
0.02393
0.02393
0.02393
0.02393
0.02393
0.02393
0.02396
0.02399
0.02399
0.02405
0.02405
0.02405
0.02405
0.02409
0.02411
0.02414
0.02414
0.02417
0.02417
0.02417
0.02417
0.02417
0.02417
0.02417
0.02417
0.02417
0.02429
0.02429
0.02429
0.02429
0.02435
0.02441
0.02441
0.02441
0.02441
0.02441
0.02448
0.02453
0.02454
0.02454
0.02454
0.02459
0.02460
0.02464
0.02466
0.02466
0.02466
0.02466
0.02466
0.02466
0.02466
0.02466
0.02466
0.02466
0.02466
0.02472
0.02472
0.02472
0.02474
0.02475
0.02478
0.02478
0.02478
0.02478
0.02490
0.02490
0.02490
0.02490
0.02490
0.02490
0.02490
0.02490
0.02490
0.02490
0.02490
0.02490
0.02490
0.02490
0.02490
0.02490
0.02496
0.02502
0.02502
0.02502
0.02502
0.02515
0.02515
0.02515
0.02515
0.02515
0.02515
0.02515
0.02515
0.02515
0.02515
0.02515
0.02515
0.02515
0.02515
0.02521
0.02527
0.02527
0.02527
0.02527
0.02527
0.02533
0.02538
0.02539
0.02539
0.02539
0.02539
0.02539
0.02539
0.02539
0.02539
0.02539
0.02539
0.02551
0.02551
0.02551
0.02551
0.02563
0.02563
0.02563
0.02563
0.02563
0.02563
0.02563
0.02563
0.02563
0.02563
0.02563
0.02563
0.02579
0.02582
0.02583
0.02583
0.02588
0.02588
0.02588
0.02588
0.02588
0.02588
0.02588
0.02588
0.02588
0.02588
0.02588
0.02588
0.02588
0.02588
0.02588
0.02588
0.02588
0.02588
0.02591
0.02594
0.02596
0.02600
0.02600
0.02600
0.02600
0.02612
0.02612
0.02612
0.02612
0.02612
0.02612
0.02612
0.02612
0.02612
0.02612
0.02612
0.02612
0.02634
0.02637
0.02637
0.02637
0.02637
0.02637
0.02637
0.02637
0.02637
0.02640
0.02649
0.02655
0.02655
0.02655
0.02661
0.02661
0.02661
0.02661
0.02661
0.02661
0.02661
0.02661
0.02661
0.02661
0.02661
0.02664
0.02667
0.02667
0.02672
0.02673
0.02673
0.02673
0.02676
0.02676
0.02680
0.02686
0.02686
0.02686
0.02686
0.02686
0.02686
0.02686
0.02692
0.02692
0.02698
0.02698
0.02698
0.02710
0.02710
0.02710
0.02710
0.02710
0.02710
0.02710
0.02710
0.02710
0.02710
0.02710
0.02710
0.02710
0.02710
0.02716
0.02721
0.02722
0.02722
0.02728
0.02734
0.02734
0.02734
0.02734
0.02734
0.02734
0.02734
0.02744
0.02747
0.02747
0.02747
0.02759
0.02759
0.02759
0.02759
0.02759
0.02759
0.02759
0.02759
0.02759
0.02759
0.02759
0.02759
0.02759
0.02759
0.02759
0.02759
0.02760
0.02771
0.02771
0.02771
0.02777
0.02777
0.02777
0.02777
0.02783
0.02783
0.02783
0.02783
0.02783
0.02783
0.02789
0.02795
0.02795
0.02802
0.02804
0.02808
0.02808
0.02808
0.02808
0.02808
0.02808
0.02808
0.02808
0.02808
0.02811
0.02832
0.02832
0.02832
0.02832
0.02832
0.02832
0.02832
0.02838
0.02844
0.02844
0.02844
0.02850
0.02850
0.02856
0.02856
0.02856
0.02856
0.02856
0.02869
0.02869
0.02872
0.02875
0.02875
0.02875
0.02881
0.02881
0.02881
0.02881
0.02881
0.02881
0.02881
0.02881
0.02881
0.02881
0.02887
0.02893
0.02893
0.02893
0.02899
0.02899
0.02901
0.02902
0.02905
0.02905
0.02905
0.02905
0.02905
0.02905
0.02905
0.02905
0.02905
0.02905
0.02917
0.02917
0.02917
0.02917
0.02917
0.02927
0.02930
0.02930
0.02930
0.02930
0.02930
0.02930
0.02930
0.02930
0.02930
0.02930
0.02936
0.02936
0.02939
0.02942
0.02954
0.02954
0.02954
0.02954
0.02954
0.02954
0.02954
0.02954
0.02954
0.02954
0.02954
0.02954
0.02963
0.02966
0.02966
0.02966
0.02966
0.02966
0.02969
0.02979
0.02979
0.02979
0.02979
0.02979
0.02979
0.02979
0.02979
0.02979
0.02979
0.02979
0.02979
0.02979
0.02982
0.02991
0.02995
0.03003
0.03003
0.03003
0.03003
0.03003
0.03003
0.03003
0.03003
0.03003
0.03003
0.03003
0.03009
0.03015
0.03015
0.03015
0.03015
0.03017
0.03021
0.03027
0.03027
0.03027
0.03027
0.03027
0.03027
0.03028
0.03030
0.03043
0.03046
0.03049
0.03052
0.03052
0.03052
0.03052
0.03052
0.03052
0.03052
0.03058
0.03064
0.03064
0.03064
0.03076
0.03076
0.03076
0.03076
0.03076
0.03076
0.03076
0.03076
0.03076
0.03076
0.03082
0.03082
0.03082
0.03085
0.03088
0.03088
0.03088
0.03088
0.03094
0.03101
0.03101
0.03101
0.03101
0.03101
0.03101
0.03101
0.03101
0.03101
0.03105
0.03107
0.03113
0.03113
0.03113
0.03125
0.03125
0.03125
0.03125
0.03125
0.03125
0.03125
0.03125
0.03125
0.03125
0.03125
0.03137
0.03137
0.03137
0.03149
0.03149
0.03149
0.03149
0.03149
0.03149
0.03152
0.03156
0.03156
0.03156
0.03159
0.03159
0.03174
0.03174
0.03174
0.03174
0.03174
0.03174
0.03174
0.03174
0.03177
0.03185
0.03186
0.03186
0.03186
0.03189
0.03189
0.03192
0.03192
0.03192
0.03192
0.03192
0.03198
0.03198
0.03198
0.03198
0.03198
0.03198
0.03198
0.03198
0.03198
0.03198
0.03198
0.03198
0.03198
0.03198
0.03204
0.03206
0.03209
0.03210
0.03210
0.03210
0.03210
0.03210
0.03214
0.03214
0.03217
0.03217
0.03220
0.03223
0.03223
0.03223
0.03223
0.03223
0.03223
0.03223
0.03223
0.03223
0.03223
0.03223
0.03223
0.03223
0.03229
0.03235
0.03235
0.03238
0.03241
0.03247
0.03247
0.03247
0.03247
0.03247
0.03247
0.03247
0.03253
0.03256
0.03259
0.03259
0.03259
0.03259
0.03259
0.03264
0.03265
0.03271
0.03271
0.03271
0.03271
0.03271
0.03271
0.03271
0.03278
0.03278
0.03284
0.03284
0.03284
0.03284
0.03290
0.03296
0.03296
0.03296
0.03296
0.03296
0.03296
0.03296
0.03296
0.03296
0.03302
0.03302
0.03308
0.03308
0.03308
0.03308
0.03308
0.03320
0.03320
0.03320
0.03320
0.03320
0.03320
0.03320
0.03320
0.03320
0.03320
0.03320
0.03320
0.03320
0.03320
0.03320
0.03320
0.03320
0.03326
0.03336
0.03345
0.03345
0.03345
0.03345
0.03345
0.03345
0.03345
0.03345
0.03345
0.03351
0.03351
0.03357
0.03357
0.03357
0.03357
0.03357
0.03358
0.03360
0.03363
0.03369
0.03369
0.03369
0.03369
0.03369
0.03369
0.03369
0.03369
0.03369
0.03375
0.03381
0.03381
0.03394
0.03394
0.03394
0.03394
0.03394
0.03394
0.03394
0.03394
0.03394
0.03394
0.03394
0.03395
0.03406
0.03406
0.03418
0.03418
0.03418
0.03418
0.03430
0.03432
0.03436
0.03442
0.03442
0.03442
0.03442
0.03442
0.03442
0.03442
0.03442
0.03442
0.03442
0.03442
0.03448
0.03448
0.03455
0.03455
0.03455
0.03455
0.03467
0.03467
0.03467
0.03467
0.03467
0.03467
0.03467
0.03467
0.03479
0.03479
0.03485
0.03491
0.03491
0.03491
0.03491
0.03491
0.03491
0.03491
0.03491
0.03491
0.03491
0.03491
0.03491
0.03491
0.03497
0.03497
0.03499
0.03511
0.03516
0.03516
0.03516
0.03516
0.03516
0.03516
0.03516
0.03516
0.03516
0.03516
0.03516
0.03516
0.03516
0.03522
0.03525
0.03528
0.03528
0.03540
0.03540
0.03540
0.03540
0.03540
0.03540
0.03540
0.03546
0.03558
0.03558
0.03564
0.03564
0.03564
0.03564
0.03564
0.03564
0.03564
0.03564
0.03564
0.03564
0.03564
0.03564
0.03564
0.03571
0.03575
0.03577
0.03577
0.03577
0.03583
0.03589
0.03589
0.03589
0.03589
0.03589
0.03589
0.03589
0.03601
0.03601
0.03607
0.03613
0.03613
0.03613
0.03613
0.03613
0.03613
0.03614
0.03622
0.03625
0.03625
0.03625
0.03625
0.03625
0.03635
0.03638
0.03638
0.03638
0.03638
0.03638
0.03638
0.03638
0.03638
0.03644
0.03644
0.03650
0.03650
0.03650
0.03650
0.03656
0.03656
0.03656
0.03662
0.03662
0.03662
0.03662
0.03662
0.03662
0.03662
0.03662
0.03668
0.03672
0.03674
0.03687
0.03687
0.03687
0.03687
0.03687
0.03687
0.03687
0.03687
0.03687
0.03693
0.03699
0.03699
0.03703
0.03709
0.03711
0.03711
0.03711
0.03711
0.03711
0.03711
0.03711
0.03711
0.03711
0.03711
0.03711
0.03711
0.03723
0.03723
0.03723
0.03729
0.03735
0.03735
0.03735
0.03738
0.03746
0.03748
0.03748
0.03760
0.03760
0.03760
0.03760
0.03760
0.03760
0.03760
0.03760
0.03769
0.03772
0.03772
0.03772
0.03772
0.03784
0.03784
0.03784
0.03784
0.03784
0.03784
0.03786
0.03790
0.03796
0.03796
0.03796
0.03796
0.03798
0.03799
0.03802
0.03806
0.03809
0.03809
0.03809
0.03809
0.03809
0.03809
0.03809
0.03809
0.03809
0.03809
0.03815
0.03815
0.03821
0.03821
0.03833
0.03833
0.03833
0.03833
0.03833
0.03833
0.03833
0.03833
0.03833
0.03833
0.03833
0.03833
0.03836
0.03843
0.03845
0.03845
0.03845
0.03845
0.03845
0.03845
0.03851
0.03854
0.03857
0.03857
0.03857
0.03857
0.03857
0.03857
0.03857
0.03857
0.03857
0.03857
0.03867
0.03870
0.03870
0.03882
0.03882
0.03882
0.03882
0.03882
0.03882
0.03885
0.03885
0.03894
0.03897
0.03903
0.03906
0.03906
0.03906
0.03906
0.03906
0.03906
0.03918
0.03918
0.03918
0.03918
0.03923
0.03925
0.03928
0.03931
0.03931
0.03931
0.03931
0.03931
0.03931
0.03931
0.03943
0.03943
0.03955
0.03955
0.03960
0.03973
0.03973
0.03978
0.03979
0.03979
0.03986
0.03992
0.03992
0.03995
0.03998
0.04004
0.04004
0.04004
0.04004
0.04004
0.04004
0.04004
0.04004
0.04004
0.04004
0.04007
0.04015
0.04016
0.04022
0.04028
0.04028
0.04028
0.04028
0.04028
0.04028
0.04028
0.04028
0.04028
0.04028
0.04028
0.04028
0.04028
0.04034
0.04041
0.04042
0.04047
0.04047
0.04053
0.04053
0.04053
0.04053
0.04053
0.04053
0.04053
0.04053
0.04053
0.04065
0.04065
0.04065
0.04065
0.04065
0.04071
0.04071
0.04077
0.04077
0.04077
0.04077
0.04077
0.04077
0.04077
0.04077
0.04077
0.04077
0.04077
0.04083
0.04086
0.04089
0.04089
0.04089
0.04089
0.04099
0.04102
0.04102
0.04102
0.04102
0.04102
0.04108
0.04114
0.04114
0.04117
0.04117
0.04117
0.04126
0.04126
0.04126
0.04126
0.04126
0.04126
0.04126
0.04126
0.04138
0.04150
0.04150
0.04150
0.04150
0.04150
0.04163
0.04163
0.04163
0.04169
0.04172
0.04175
0.04175
0.04175
0.04175
0.04175
0.04178
0.04181
0.04185
0.04187
0.04193
0.04199
0.04199
0.04199
0.04199
0.04211
0.04214
0.04214
0.04218
0.04224
0.04224
0.04224
0.04224
0.04224
0.04236
0.04236
0.04236
0.04236
0.04242
0.04248
0.04248
0.04248
0.04248
0.04248
0.04257
0.04260
0.04269
0.04272
0.04272
0.04272
0.04272
0.04272
0.04272
0.04272
0.04272
0.04272
0.04272
0.04272
0.04272
0.04274
0.04279
0.04285
0.04285
0.04285
0.04288
0.04288
0.04291
0.04297
0.04297
0.04297
0.04297
0.04297
0.04297
0.04297
0.04297
0.04297
0.04299
0.04303
0.04309
0.04321
0.04321
0.04321
0.04321
0.04321
0.04321
0.04321
0.04321
0.04327
0.04327
0.04327
0.04340
0.04346
0.04346
0.04346
0.04346
0.04346
0.04346
0.04358
0.04364
0.04364
0.04364
0.04370
0.04370
0.04370
0.04370
0.04376
0.04379
0.04382
0.04382
0.04382
0.04388
0.04388
0.04395
0.04395
0.04395
0.04395
0.04395
0.04395
0.04395
0.04395
0.04395
0.04401
0.04401
0.04405
0.04419
0.04419
0.04419
0.04419
0.04419
0.04420
0.04425
0.04428
0.04431
0.04431
0.04431
0.04431
0.04431
0.04443
0.04443
0.04443
0.04443
0.04443
0.04449
0.04456
0.04456
0.04456
0.04462
0.04468
0.04468
0.04468
0.04468
0.04477
0.04480
0.04480
0.04480
0.04486
0.04486
0.04492
0.04492
0.04492
0.04492
0.04492
0.04498
0.04504
0.04504
0.04507
0.04510
0.04517
0.04517
0.04517
0.04517
0.04517
0.04517
0.04529
0.04529
0.04541
0.04541
0.04541
0.04541
0.04541
0.04541
0.04547
0.04547
0.04553
0.04553
0.04564
0.04565
0.04565
0.04565
0.04565
0.04565
0.04565
0.04565
0.04565
0.04565
0.04578
0.04584
0.04590
0.04590
0.04590
0.04590
0.04590
0.04590
0.04590
0.04590
0.04590
0.04590
0.04590
0.04590
0.04590
0.04596
0.04602
0.04602
0.04608
0.04614
0.04614
0.04614
0.04614
0.04614
0.04614
0.04614
0.04614
0.04620
0.04620
0.04626
0.04626
0.04626
0.04626
0.04633
0.04636
0.04639
0.04639
0.04639
0.04639
0.04639
0.04639
0.04639
0.04645
0.04645
0.04645
0.04645
0.04645
0.04651
0.04651
0.04651
0.04657
0.04663
0.04663
0.04663
0.04663
0.04663
0.04663
0.04663
0.04663
0.04675
0.04681
0.04688
0.04688
0.04688
0.04692
0.04700
0.04700
0.04706
0.04706
0.04712
0.04712
0.04712
0.04712
0.04712
0.04712
0.04712
0.04718
0.04721
0.04724
0.04724
0.04724
0.04724
0.04733
0.04736
0.04736
0.04736
0.04736
0.04736
0.04736
0.04736
0.04749
0.04761
0.04761
0.04761
0.04761
0.04761
0.04761
0.04761
0.04761
0.04773
0.04773
0.04773
0.04785
0.04785
0.04785
0.04785
0.04785
0.04785
0.04785
0.04791
0.04797
0.04797
0.04797
0.04797
0.04808
0.04810
0.04810
0.04810
0.04810
0.04810
0.04810
0.04810
0.04810
0.04822
0.04822
0.04834
0.04834
0.04834
0.04834
0.04834
0.04834
0.04834
0.04839
0.04846
0.04846
0.04846
0.04846
0.04858
0.04858
0.04858
0.04858
0.04858
0.04858
0.04858
0.04877
0.04883
0.04883
0.04883
0.04883
0.04883
0.04883
0.04895
0.04895
0.04895
0.04895
0.04895
0.04895
0.04904
0.04907
0.04907
0.04907
0.04907
0.04907
0.04907
0.04907
0.04913
0.04916
0.04919
0.04919
0.04932
0.04932
0.04932
0.04932
0.04932
0.04932
0.04932
0.04932
0.04938
0.04944
0.04944
0.04950
0.04956
0.04956
0.04956
0.04956
0.04956
0.04968
0.04968
0.04968
0.04968
0.04968
0.04976
0.04980
0.04980
0.04980
0.04980
0.04980
0.04980
0.04980
0.04980
0.04993
0.04999
0.05005
0.05005
0.05005
0.05005
0.05005
0.05005
0.05005
0.05005
0.05009
0.05011
0.05017
0.05026
0.05029
0.05029
0.05029
0.05029
0.05029
0.05029
0.05035
0.05042
0.05051
0.05054
0.05054
0.05054
0.05054
0.05054
0.05054
0.05054
0.05054
0.05054
0.05057
0.05058
0.05066
0.05066
0.05078
0.05078
0.05078
0.05078
0.05081
0.05084
0.05090
0.05090
0.05096
0.05103
0.05103
0.05103
0.05103
0.05103
0.05103
0.05103
0.05103
0.05103
0.05115
0.05115
0.05115
0.05118
0.05123
0.05127
0.05127
0.05127
0.05127
0.05127
0.05133
0.05142
0.05145
0.05151
0.05151
0.05151
0.05151
0.05151
0.05164
0.05164
0.05167
0.05170
0.05170
0.05176
0.05176
0.05176
0.05176
0.05176
0.05176
0.05176
0.05182
0.05188
0.05196
0.05200
0.05200
0.05200
0.05200
0.05212
0.05212
0.05225
0.05225
0.05225
0.05225
0.05225
0.05225
0.05225
0.05225
0.05225
0.05225
0.05225
0.05237
0.05237
0.05237
0.05240
0.05243
0.05249
0.05249
0.05249
0.05249
0.05249
0.05249
0.05249
0.05249
0.05249
0.05261
0.05261
0.05261
0.05267
0.05267
0.05273
0.05273
0.05273
0.05273
0.05273
0.05273
0.05273
0.05286
0.05298
0.05298
0.05298
0.05298
0.05298
0.05304
0.05312
0.05319
0.05322
0.05322
0.05322
0.05322
0.05322
0.05322
0.05322
0.05322
0.05325
0.05328
0.05331
0.05339
0.05344
0.05347
0.05347
0.05347
0.05347
0.05347
0.05347
0.05347
0.05347
0.05347
0.05347
0.05347
0.05347
0.05349
0.05353
0.05354
0.05359
0.05359
0.05359
0.05365
0.05365
0.05371
0.05371
0.05371
0.05371
0.05371
0.05371
0.05371
0.05383
0.05392
0.05396
0.05396
0.05396
0.05399
0.05408
0.05408
0.05408
0.05414
0.05420
0.05420
0.05420
0.05420
0.05420
0.05420
0.05420
0.05435
0.05435
0.05438
0.05444
0.05444
0.05444
0.05444
0.05444
0.05444
0.05444
0.05457
0.05469
0.05469
0.05469
0.05469
0.05469
0.05469
0.05476
0.05481
0.05481
0.05487
0.05493
0.05493
0.05493
0.05493
0.05493
0.05493
0.05493
0.05493
0.05493
0.05493
0.05493
0.05493
0.05496
0.05505
0.05505
0.05511
0.05518
0.05518
0.05518
0.05518
0.05518
0.05518
0.05518
0.05530
0.05530
0.05530
0.05530
0.05542
0.05542
0.05542
0.05542
0.05542
0.05542
0.05554
0.05566
0.05566
0.05566
0.05569
0.05573
0.05573
0.05579
0.05591
0.05591
0.05591
0.05591
0.05591
0.05612
0.05615
0.05621
0.05627
0.05640
0.05640
0.05640
0.05640
0.05652
0.05652
0.05658
0.05664
0.05664
0.05664
0.05670
0.05676
0.05676
0.05676
0.05678
0.05682
0.05688
0.05688
0.05688
0.05688
0.05688
0.05688
0.05701
0.05701
0.05701
0.05713
0.05713
0.05713
0.05713
0.05713
0.05713
0.05725
0.05725
0.05725
0.05734
0.05737
0.05737
0.05737
0.05737
0.05737
0.05737
0.05737
0.05743
0.05759
0.05759
0.05762
0.05762
0.05762
0.05762
0.05765
0.05774
0.05774
0.05774
0.05785
0.05786
0.05786
0.05786
0.05786
0.05786
0.05786
0.05786
0.05792
0.05804
0.05811
0.05811
0.05811
0.05811
0.05811
0.05811
0.05824
0.05835
0.05835
0.05835
0.05835
0.05835
0.05835
0.05847
0.05847
0.05847
0.05847
0.05859
0.05859
0.05859
0.05859
0.05859
0.05872
0.05884
0.05884
0.05884
0.05893
0.05896
0.05908
0.05908
0.05908
0.05908
0.05914
0.05914
0.05920
0.05920
0.05920
0.05927
0.05927
0.05933
0.05933
0.05933
0.05933
0.05933
0.05933
0.05933
0.05933
0.05933
0.05933
0.05939
0.05957
0.05957
0.05957
0.05957
0.05957
0.05960
0.05966
0.05969
0.05969
0.05969
0.05981
0.05981
0.05981
0.05981
0.05981
0.05981
0.05981
0.05981
0.05981
0.05981
0.05981
0.05988
0.05994
0.06000
0.06006
0.06006
0.06018
0.06027
0.06033
0.06036
0.06036
0.06036
0.06042
0.06042
0.06042
0.06055
0.06055
0.06055
0.06055
0.06055
0.06055
0.06073
0.06079
0.06079
0.06079
0.06079
0.06079
0.06091
0.06104
0.06104
0.06104
0.06104
0.06104
0.06110
0.06116
0.06116
0.06128
0.06128
0.06134
0.06152
0.06152
0.06152
0.06152
0.06152
0.06152
0.06165
0.06168
0.06177
0.06189
0.06189
0.06195
0.06201
0.06201
0.06201
0.06201
0.06201
0.06207
0.06207
0.06223
0.06226
0.06226
0.06226
0.06226
0.06226
0.06226
0.06232
0.06238
0.06238
0.06238
0.06238
0.06244
0.06250
0.06250
0.06274
0.06274
0.06274
0.06274
0.06287
0.06287
0.06287
0.06299
0.06299
0.06299
0.06299
0.06302
0.06305
0.06305
0.06305
0.06317
0.06317
0.06323
0.06323
0.06323
0.06323
0.06335
0.06342
0.06348
0.06348
0.06348
0.06348
0.06348
0.06348
0.06348
0.06348
0.06360
0.06360
0.06363
0.06364
0.06372
0.06372
0.06372
0.06396
0.06396
0.06396
0.06396
0.06396
0.06409
0.06409
0.06409
0.06421
0.06421
0.06421
0.06421
0.06421
0.06421
0.06421
0.06421
0.06424
0.06427
0.06427
0.06427
0.06427
0.06433
0.06433
0.06442
0.06445
0.06445
0.06445
0.06445
0.06445
0.06458
0.06458
0.06470
0.06470
0.06470
0.06470
0.06482
0.06482
0.06482
0.06482
0.06482
0.06490
0.06494
0.06494
0.06494
0.06506
0.06519
0.06519
0.06519
0.06521
0.06525
0.06525
0.06531
0.06531
0.06534
0.06537
0.06543
0.06543
0.06543
0.06543
0.06543
0.06543
0.06555
0.06555
0.06555
0.06567
0.06567
0.06567
0.06567
0.06580
0.06580
0.06583
0.06592
0.06592
0.06592
0.06592
0.06592
0.06592
0.06595
0.06604
0.06616
0.06616
0.06616
0.06616
0.06622
0.06628
0.06628
0.06641
0.06641
0.06641
0.06641
0.06641
0.06641
0.06644
0.06653
0.06653
0.06659
0.06665
0.06665
0.06665
0.06684
0.06689
0.06689
0.06689
0.06689
0.06689
0.06702
0.06708
0.06714
0.06714
0.06714
0.06714
0.06714
0.06732
0.06738
0.06738
0.06738
0.06738
0.06738
0.06738
0.06747
0.06750
0.06758
0.06763
0.06763
0.06775
0.06787
0.06787
0.06787
0.06787
0.06787
0.06793
0.06799
0.06799
0.06812
0.06812
0.06812
0.06812
0.06812
0.06812
0.06818
0.06824
0.06827
0.06828
0.06836
0.06836
0.06836
0.06836
0.06836
0.06836
0.06845
0.06848
0.06860
0.06860
0.06860
0.06860
0.06866
0.06873
0.06873
0.06879
0.06879
0.06885
0.06885
0.06885
0.06885
0.06885
0.06885
0.06909
0.06909
0.06909
0.06909
0.06909
0.06909
0.06909
0.06909
0.06934
0.06934
0.06934
0.06934
0.06958
0.06970
0.06982
0.06982
0.06982
0.06982
0.06982
0.06982
0.06982
0.06982
0.06982
0.06995
0.06995
0.06995
0.06999
0.07007
0.07007
0.07007
0.07007
0.07007
0.07010
0.07010
0.07031
0.07031
0.07031
0.07043
0.07056
0.07056
0.07056
0.07056
0.07056
0.07056
0.07056
0.07056
0.07068
0.07074
0.07080
0.07092
0.07104
0.07104
0.07104
0.07104
0.07111
0.07117
0.07123
0.07129
0.07129
0.07129
0.07129
0.07129
0.07129
0.07135
0.07135
0.07141
0.07146
0.07147
0.07153
0.07153
0.07153
0.07153
0.07153
0.07153
0.07153
0.07153
0.07164
0.07166
0.07166
0.07172
0.07178
0.07178
0.07178
0.07178
0.07202
0.07202
0.07202
0.07219
0.07227
0.07251
0.07251
0.07251
0.07251
0.07251
0.07251
0.07260
0.07266
0.07269
0.07275
0.07275
0.07275
0.07275
0.07288
0.07291
0.07300
0.07300
0.07300
0.07307
0.07312
0.07324
0.07324
0.07330
0.07336
0.07339
0.07349
0.07349
0.07349
0.07349
0.07349
0.07373
0.07373
0.07373
0.07373
0.07379
0.07380
0.07384
0.07385
0.07385
0.07397
0.07397
0.07397
0.07404
0.07410
0.07410
0.07422
0.07422
0.07422
0.07422
0.07422
0.07434
0.07434
0.07434
0.07437
0.07440
0.07446
0.07446
0.07446
0.07446
0.07446
0.07446
0.07446
0.07446
0.07446
0.07446
0.07452
0.07471
0.07471
0.07471
0.07471
0.07471
0.07471
0.07471
0.07480
0.07483
0.07483
0.07484
0.07495
0.07495
0.07495
0.07495
0.07507
0.07520
0.07520
0.07520
0.07526
0.07532
0.07532
0.07544
0.07544
0.07544
0.07544
0.07544
0.07544
0.07544
0.07562
0.07568
0.07568
0.07568
0.07578
0.07581
0.07581
0.07593
0.07593
0.07593
0.07593
0.07599
0.07605
0.07617
0.07617
0.07617
0.07617
0.07617
0.07629
0.07642
0.07642
0.07642
0.07642
0.07654
0.07660
0.07660
0.07666
0.07678
0.07690
0.07690
0.07690
0.07703
0.07715
0.07715
0.07715
0.07715
0.07727
0.07727
0.07727
0.07727
0.07733
0.07733
0.07739
0.07739
0.07739
0.07739
0.07739
0.07742
0.07751
0.07764
0.07764
0.07764
0.07776
0.07782
0.07788
0.07788
0.07788
0.07788
0.07800
0.07800
0.07800
0.07800
0.07806
0.07812
0.07812
0.07812
0.07812
0.07816
0.07825
0.07825
0.07837
0.07849
0.07861
0.07861
0.07861
0.07861
0.07861
0.07874
0.07886
0.07886
0.07886
0.07886
0.07886
0.07886
0.07892
0.07910
0.07910
0.07910
0.07910
0.07910
0.07922
0.07922
0.07922
0.07935
0.07935
0.07935
0.07947
0.07947
0.07959
0.07959
0.07959
0.07959
0.07959
0.07959
0.07959
0.07959
0.07971
0.07971
0.07983
0.07983
0.07983
0.07983
0.07983
0.07996
0.08002
0.08008
0.08008
0.08008
0.08020
0.08020
0.08032
0.08032
0.08044
0.08044
0.08051
0.08057
0.08057
0.08057
0.08057
0.08057
0.08057
0.08063
0.08069
0.08072
0.08075
0.08081
0.08081
0.08081
0.08089
0.08093
0.08105
0.08105
0.08105
0.08105
0.08116
0.08130
0.08130
0.08142
0.08151
0.08154
0.08154
0.08154
0.08167
0.08173
0.08179
0.08179
0.08179
0.08203
0.08203
0.08215
0.08215
0.08221
0.08228
0.08228
0.08228
0.08240
0.08240
0.08240
0.08252
0.08252
0.08252
0.08252
0.08252
0.08252
0.08252
0.08252
0.08252
0.08258
0.08276
0.08279
0.08289
0.08301
0.08301
0.08313
0.08313
0.08319
0.08319
0.08325
0.08325
0.08325
0.08325
0.08325
0.08331
0.08337
0.08337
0.08350
0.08350
0.08350
0.08350
0.08362
0.08363
0.08365
0.08368
0.08374
0.08374
0.08374
0.08374
0.08386
0.08398
0.08398
0.08398
0.08402
0.08411
0.08423
0.08423
0.08423
0.08429
0.08435
0.08438
0.08447
0.08453
0.08459
0.08472
0.08472
0.08472
0.08472
0.08475
0.08478
0.08496
0.08496
0.08514
0.08533
0.08533
0.08533
0.08533
0.08545
0.08545
0.08545
0.08557
0.08569
0.08588
0.08591
0.08594
0.08594
0.08601
0.08618
0.08618
0.08618
0.08618
0.08630
0.08630
0.08630
0.08630
0.08643
0.08643
0.08643
0.08643
0.08667
0.08679
0.08679
0.08691
0.08691
0.08691
0.08691
0.08691
0.08691
0.08691
0.08698
0.08716
0.08716
0.08716
0.08716
0.08728
0.08728
0.08740
0.08740
0.08740
0.08740
0.08746
0.08751
0.08752
0.08752
0.08752
0.08752
0.08765
0.08765
0.08765
0.08789
0.08789
0.08801
0.08813
0.08813
0.08813
0.08813
0.08821
0.08826
0.08830
0.08838
0.08838
0.08838
0.08838
0.08862
0.08862
0.08887
0.08887
0.08887
0.08887
0.08887
0.08893
0.08899
0.08905
0.08911
0.08911
0.08911
0.08936
0.08936
0.08936
0.08936
0.08936
0.08948
0.08960
0.08960
0.08966
0.08984
0.09009
0.09009
0.09009
0.09015
0.09027
0.09033
0.09033
0.09058
0.09058
0.09058
0.09073
0.09076
0.09079
0.09082
0.09082
0.09082
0.09082
0.09082
0.09088
0.09100
0.09106
0.09106
0.09106
0.09119
0.09125
0.09131
0.09131
0.09131
0.09143
0.09143
0.09143
0.09167
0.09180
0.09180
0.09180
0.09180
0.09186
0.09186
0.09190
0.09192
0.09192
0.09192
0.09204
0.09204
0.09216
0.09216
0.09216
0.09222
0.09229
0.09229
0.09232
0.09247
0.09247
0.09253
0.09253
0.09253
0.09253
0.09253
0.09265
0.09265
0.09265
0.09272
0.09277
0.09277
0.09283
0.09290
0.09302
0.09302
0.09302
0.09311
0.09326
0.09326
0.09326
0.09338
0.09344
0.09351
0.09351
0.09351
0.09363
0.09369
0.09375
0.09375
0.09387
0.09387
0.09399
0.09399
0.09399
0.09399
0.09399
0.09399
0.09405
0.09406
0.09424
0.09424
0.09424
0.09424
0.09436
0.09442
0.09448
0.09448
0.09448
0.09448
0.09448
0.09460
0.09460
0.09460
0.09460
0.09473
0.09473
0.09473
0.09497
0.09497
0.09497
0.09497
0.09497
0.09497
0.09505
0.09509
0.09509
0.09518
0.09521
0.09521
0.09521
0.09526
0.09528
0.09534
0.09540
0.09546
0.09546
0.09546
0.09546
0.09546
0.09546
0.09558
0.09568
0.09570
0.09570
0.09570
0.09570
0.09570
0.09589
0.09595
0.09595
0.09595
0.09619
0.09619
0.09619
0.09619
0.09625
0.09631
0.09644
0.09644
0.09644
0.09644
0.09644
0.09644
0.09656
0.09668
0.09668
0.09668
0.09668
0.09668
0.09668
0.09668
0.09692
0.09705
0.09705
0.09705
0.09717
0.09717
0.09717
0.09717
0.09717
0.09717
0.09717
0.09729
0.09741
0.09750
0.09753
0.09753
0.09755
0.09766
0.09766
0.09766
0.09766
0.09778
0.09790
0.09790
0.09814
0.09814
0.09814
0.09814
0.09814
0.09833
0.09833
0.09839
0.09851
0.09863
0.09863
0.09863
0.09888
0.09888
0.09888
0.09888
0.09888
0.09888
0.09900
0.09912
0.09912
0.09937
0.09937
0.09937
0.09961
0.09961
0.09961
0.09967
0.09973
0.09976
0.10004
0.10004
0.10010
0.10010
0.10010
0.10022
0.10034
0.10034
0.10034
0.10034
0.10034
0.10059
0.10059
0.10059
0.10067
0.10083
0.10083
0.10083
0.10083
0.10083
0.10107
0.10107
0.10107
0.10132
0.10144
0.10144
0.10156
0.10168
0.10181
0.10181
0.10181
0.10181
0.10181
0.10181
0.10181
0.10205
0.10205
0.10205
0.10205
0.10223
0.10229
0.10229
0.10229
0.10229
0.10242
0.10254
0.10254
0.10254
0.10254
0.10266
0.10278
0.10278
0.10278
0.10278
0.10278
0.10278
0.10278
0.10278
0.10278
0.10278
0.10291
0.10303
0.10303
0.10303
0.10315
0.10327
0.10327
0.10327
0.10327
0.10327
0.10327
0.10327
0.10352
0.10352
0.10352
0.10352
0.10352
0.10364
0.10364
0.10364
0.10364
0.10370
0.10376
0.10376
0.10385
0.10388
0.10388
0.10400
0.10400
0.10400
0.10400
0.10406
0.10413
0.10425
0.10425
0.10425
0.10425
0.10430
0.10437
0.10443
0.10443
0.10443
0.10449
0.10449
0.10449
0.10449
0.10449
0.10455
0.10461
0.10461
0.10474
0.10474
0.10474
0.10474
0.10474
0.10474
0.10486
0.10486
0.10498
0.10498
0.10498
0.10498
0.10501
0.10510
0.10510
0.10510
0.10522
0.10522
0.10522
0.10522
0.10522
0.10522
0.10529
0.10547
0.10547
0.10547
0.10547
0.10547
0.10547
0.10547
0.10547
0.10547
0.10553
0.10553
0.10554
0.10559
0.10571
0.10571
0.10571
0.10571
0.10571
0.10571
0.10571
0.10571
0.10571
0.10571
0.10583
0.10596
0.10596
0.10596
0.10596
0.10596
0.10596
0.10596
0.10596
0.10608
0.10608
0.10617
0.10620
0.10620
0.10620
0.10620
0.10620
0.10620
0.10620
0.10626
0.10632
0.10632
0.10632
0.10632
0.10645
0.10645
0.10645
0.10645
0.10645
0.10645
0.10645
0.10645
0.10645
0.10645
0.10645
0.10651
0.10657
0.10657
0.10658
0.10669
0.10669
0.10669
0.10669
0.10669
0.10669
0.10669
0.10669
0.10669
0.10669
0.10669
0.10669
0.10669
0.10669
0.10669
0.10669
0.10679
0.10681
0.10681
0.10681
0.10681
0.10686
0.10693
0.10693
0.10693
0.10693
0.10693
0.10693
0.10693
0.10693
0.10693
0.10693
0.10693
0.10693
0.10699
0.10706
0.10706
0.10706
0.10706
0.10709
0.10718
0.10718
0.10718
0.10718
0.10718
0.10718
0.10718
0.10718
0.10718
0.10718
0.10718
0.10718
0.10718
0.10718
0.10718
0.10718
0.10718
0.10718
0.10724
0.10724
0.10728
0.10730
0.10730
0.10730
0.10730
0.10730
0.10730
0.10736
0.10742
0.10742
0.10742
0.10742
0.10742
0.10742
0.10742
0.10742
0.10742
0.10742
0.10742
0.10742
0.10742
0.10742
0.10742
0.10742
0.10742
0.10742
0.10742
0.10742
0.10742
0.10742
0.10742
0.10748
0.10748
0.10748
0.10748
0.10751
0.10754
0.10754
0.10754
0.10754
0.10760
0.10760
0.10760
0.10764
0.10764
0.10767
0.10767
0.10767
0.10767
0.10767
0.10767
0.10767
0.10767
0.10767
0.10767
0.10767
0.10767
0.10767
0.10767
0.10767
0.10767
0.10767
0.10767
0.10767
0.10779
0.10779
0.10782
0.10785
0.10791
0.10791
0.10791
0.10791
0.10791
0.10791
0.10791
0.10791
0.10791
0.10791
0.10791
0.10791
0.10791
0.10791
0.10791
0.10791
0.10791
0.10791
0.10791
0.10791
0.10791
0.10797
0.10797
0.10803
0.10803
0.10803
0.10803
0.10809
0.10815
0.10815
0.10815
0.10815
0.10815
0.10815
0.10815
0.10815
0.10815
0.10815
0.10815
0.10815
0.10815
0.10815
0.10815
0.10815
0.10815
0.10815
0.10815
0.10815
0.10815
0.10815
0.10815
0.10815
0.10815
0.10828
0.10828
0.10834
0.10834
0.10840
0.10840
0.10840
0.10840
0.10840
0.10840
0.10840
0.10840
0.10840
0.10840
0.10840
0.10840
0.10840
0.10840
0.10840
0.10840
0.10840
0.10846
0.10846
0.10852
0.10852
0.10852
0.10852
0.10852
0.10852
0.10852
0.10857
0.10864
0.10864
0.10864
0.10864
0.10864
0.10864
0.10864
0.10864
0.10864
0.10864
0.10864
0.10864
0.10864
0.10864
0.10864
0.10864
0.10864
0.10864
0.10864
0.10864
0.10864
0.10864
0.10864
0.10864
0.10864
0.10864
0.10864
0.10864
0.10870
0.10870
0.10875
0.10876
0.10876
0.10883
0.10883
0.10889
0.10889
0.10889
0.10889
0.10889
0.10889
0.10889
0.10889
0.10889
0.10889
0.10889
0.10889
0.10889
0.10889
0.10889
0.10889
0.10889
0.10889
0.10889
0.10889
0.10889
0.10889
0.10889
0.10889
0.10889
0.10889
0.10889
0.10889
0.10889
0.10889
0.10892
0.10895
0.10897
0.10899
0.10900
0.10901
0.10901
0.10901
0.10901
0.10901
0.10901
0.10901
0.10901
0.10901
0.10913
0.10913
0.10913
0.10913
0.10913
0.10913
0.10913
0.10913
0.10913
0.10913
0.10913
0.10913
0.10913
0.10913
0.10913
0.10913
0.10913
0.10913
0.10913
0.10913
0.10913
0.10913
0.10913
0.10913
0.10913
0.10913
0.10913
0.10913
0.10913
0.10913
0.10913
0.10919
0.10925
0.10925
0.10925
0.10925
0.10925
0.10925
0.10925
0.10925
0.10928
0.10931
0.10938
0.10938
0.10938
0.10938
0.10938
0.10938
0.10938
0.10938
0.10938
0.10938
0.10938
0.10938
0.10938
0.10938
0.10938
0.10938
0.10938
0.10938
0.10938
0.10938
0.10944
0.10944
0.10944
0.10944
0.10944
0.10944
0.10944
0.10950
0.10950
0.10950
0.10950
0.10950
0.10954
0.10956
0.10956
0.10959
0.10959
0.10960
0.10962
0.10962
0.10962
0.10962
0.10962
0.10962
0.10962
0.10962
0.10962
0.10962
0.10962
0.10962
0.10962
0.10962
0.10962
0.10962
0.10962
0.10962
0.10962
0.10962
0.10962
0.10962
0.10962
0.10962
0.10962
0.10962
0.10962
0.10962
0.10962
0.10962
0.10962
0.10962
0.10968
0.10968
0.10968
0.10974
0.10974
0.10974
0.10974
0.10979
0.10980
0.10980
0.10986
0.10986
0.10986
0.10986
0.10986
0.10986
0.10986
0.10986
0.10986
0.10986
0.10986
0.10986
0.10986
0.10986
0.10986
0.10986
0.10986
0.10986
0.10986
0.10986
0.10989
0.10992
0.10995
0.10997
0.10999
0.10999
0.10999
0.10999
0.10999
0.10999
0.11005
0.11005
0.11005
0.11005
0.11010
0.11011
0.11011
0.11011
0.11011
0.11011
0.11011
0.11011
0.11011
0.11011
0.11011
0.11011
0.11011
0.11011
0.11011
0.11011
0.11011
0.11011
0.11011
0.11011
0.11011
0.11011
0.11011
0.11011
0.11017
0.11017
0.11017
0.11019
0.11020
0.11023
0.11023
0.11023
0.11023
0.11023
0.11023
0.11026
0.11029
0.11029
0.11035
0.11035
0.11035
0.11035
0.11035
0.11035
0.11035
0.11035
0.11035
0.11035
0.11035
0.11035
0.11035
0.11035
0.11035
0.11035
0.11035
0.11035
0.11035
0.11035
0.11035
0.11035
0.11035
0.11035
0.11035
0.11035
0.11035
0.11038
0.11044
0.11047
0.11047
0.11047
0.11047
0.11047
0.11047
0.11060
0.11060
0.11060
0.11060
0.11060
0.11060
0.11060
0.11060
0.11060
0.11060
0.11060
0.11060
0.11060
0.11060
0.11060
0.11061
0.11063
0.11063
0.11070
0.11072
0.11072
0.11072
0.11072
0.11072
0.11072
0.11075
0.11078
0.11078
0.11078
0.11079
0.11082
0.11083
0.11084
0.11084
0.11084
0.11084
0.11084
0.11084
0.11084
0.11084
0.11084
0.11084
0.11084
0.11084
0.11084
0.11084
0.11084
0.11084
0.11084
0.11084
0.11084
0.11084
0.11084
0.11084
0.11084
0.11084
0.11084
0.11087
0.11089
0.11090
0.11093
0.11096
0.11096
0.11096
0.11102
0.11108
0.11108
0.11108
0.11108
0.11108
0.11108
0.11108
0.11108
0.11108
0.11108
0.11108
0.11108
0.11108
0.11108
0.11108
0.11108
0.11108
0.11108
0.11108
0.11108
0.11108
0.11108
0.11108
0.11108
0.11108
0.11108
0.11111
0.11115
0.11121
0.11121
0.11121
0.11121
0.11124
0.11127
0.11128
0.11131
0.11133
0.11133
0.11133
0.11133
0.11133
0.11133
0.11133
0.11133
0.11133
0.11133
0.11133
0.11133
0.11133
0.11133
0.11133
0.11133
0.11133
0.11133
0.11133
0.11133
0.11133
0.11133
0.11133
0.11133
0.11133
0.11133
0.11133
0.11133
0.11133
0.11136
0.11139
0.11139
0.11145
0.11145
0.11145
0.11145
0.11145
0.11145
0.11145
0.11150
0.11151
0.11151
0.11151
0.11157
0.11157
0.11157
0.11157
0.11157
0.11157
0.11157
0.11157
0.11157
0.11157
0.11157
0.11157
0.11157
0.11157
0.11157
0.11157
0.11157
0.11157
0.11157
0.11157
0.11157
0.11157
0.11163
0.11163
0.11163
0.11168
0.11169
0.11169
0.11169
0.11169
0.11169
0.11169
0.11169
0.11169
0.11176
0.11179
0.11182
0.11182
0.11182
0.11182
0.11182
0.11182
0.11182
0.11182
0.11182
0.11182
0.11182
0.11182
0.11182
0.11182
0.11182
0.11182
0.11182
0.11182
0.11182
0.11182
0.11182
0.11182
0.11188
0.11188
0.11188
0.11188
0.11188
0.11188
0.11192
0.11194
0.11194
0.11194
0.11194
0.11194
0.11194
0.11203
0.11205
0.11205
0.11206
0.11206
0.11206
0.11206
0.11206
0.11206
0.11206
0.11206
0.11206
0.11206
0.11206
0.11206
0.11206
0.11206
0.11206
0.11206
0.11206
0.11206
0.11206
0.11206
0.11206
0.11206
0.11206
0.11212
0.11212
0.11218
0.11218
0.11223
0.11224
0.11224
0.11230
0.11230
0.11230
0.11230
0.11230
0.11230
0.11230
0.11230
0.11230
0.11230
0.11230
0.11230
0.11230
0.11230
0.11230
0.11230
0.11230
0.11230
0.11230
0.11230
0.11234
0.11237
0.11237
0.11240
0.11243
0.11243
0.11243
0.11243
0.11243
0.11243
0.11246
0.11255
0.11255
0.11255
0.11255
0.11255
0.11255
0.11255
0.11255
0.11255
0.11255
0.11255
0.11255
0.11255
0.11255
0.11255
0.11255
0.11255
0.11255
0.11255
0.11255
0.11255
0.11255
0.11255
0.11255
0.11255
0.11255
0.11263
0.11267
0.11267
0.11267
0.11267
0.11267
0.11267
0.11270
0.11275
0.11279
0.11279
0.11279
0.11279
0.11279
0.11279
0.11279
0.11279
0.11279
0.11279
0.11279
0.11279
0.11279
0.11279
0.11279
0.11279
0.11279
0.11279
0.11279
0.11279
0.11281
0.11285
0.11285
0.11288
0.11292
0.11292
0.11292
0.11292
0.11292
0.11298
0.11298
0.11298
0.11301
0.11304
0.11304
0.11304
0.11304
0.11304
0.11304
0.11304
0.11304
0.11304
0.11304
0.11304
0.11304
0.11304
0.11304
0.11304
0.11304
0.11304
0.11307
0.11307
0.11316
0.11316
0.11319
0.11322
0.11322
0.11328
0.11328
0.11328
0.11328
0.11328
0.11328
0.11328
0.11328
0.11328
0.11328
0.11331
0.11334
0.11334
0.11334
0.11340
0.11340
0.11340
0.11346
0.11346
0.11346
0.11349
0.11351
0.11353
0.11353
0.11353
0.11353
0.11353
0.11353
0.11353
0.11353
0.11353
0.11353
0.11353
0.11353
0.11353
0.11353
0.11353
0.11353
0.11354
0.11356
0.11362
0.11365
0.11371
0.11372
0.11374
0.11375
0.11377
0.11377
0.11377
0.11377
0.11377
0.11377
0.11377
0.11377
0.11377
0.11377
0.11377
0.11377
0.11377
0.11377
0.11383
0.11389
0.11389
0.11389
0.11389
0.11389
0.11389
0.11392
0.11392
0.11395
0.11401
0.11401
0.11401
0.11401
0.11401
0.11401
0.11401
0.11401
0.11401
0.11401
0.11401
0.11401
0.11401
0.11406
0.11414
0.11414
0.11414
0.11420
0.11420
0.11426
0.11426
0.11426
0.11426
0.11426
0.11426
0.11426
0.11426
0.11426
0.11426
0.11426
0.11426
0.11426
0.11426
0.11426
0.11426
0.11426
0.11432
0.11432
0.11438
0.11438
0.11444
0.11444
0.11447
0.11450
0.11450
0.11450
0.11450
0.11450
0.11450
0.11450
0.11450
0.11450
0.11450
0.11450
0.11450
0.11450
0.11450
0.11450
0.11456
0.11462
0.11462
0.11462
0.11469
0.11470
0.11475
0.11475
0.11475
0.11475
0.11475
0.11475
0.11475
0.11475
0.11475
0.11475
0.11475
0.11475
0.11475
0.11475
0.11475
0.11475
0.11475
0.11475
0.11475
0.11478
0.11481
0.11481
0.11487
0.11487
0.11487
0.11487
0.11499
0.11499
0.11499
0.11499
0.11499
0.11499
0.11499
0.11502
0.11511
0.11511
0.11511
0.11511
0.11511
0.11511
0.11523
0.11523
0.11523
0.11523
0.11530
0.11536
0.11548
0.11548
0.11548
0.11548
0.11548
0.11548
0.11548
0.11548
0.11551
0.11560
0.11560
0.11560
0.11560
0.11572
0.11572
0.11572
0.11572
0.11572
0.11572
0.11572
0.11578
0.11584
0.11584
0.11584
0.11584
0.11584
0.11584
0.11597
0.11597
0.11597
0.11597
0.11597
0.11609
0.11609
0.11621
0.11621
0.11621
0.11621
0.11621
0.11621
0.11621
0.11621
0.11621
0.11621
0.11621
0.11627
0.11633
0.11633
0.11636
0.11636
0.11646
0.11646
0.11646
0.11646
0.11646
0.11649
0.11652
0.11658
0.11658
0.11658
0.11670
0.11670
0.11670
0.11670
0.11670
0.11670
0.11670
0.11670
0.11670
0.11671
0.11676
0.11676
0.11681
0.11682
0.11682
0.11682
0.11688
0.11694
0.11694
0.11694
0.11694
0.11694
0.11694
0.11694
0.11694
0.11703
0.11707
0.11707
0.11713
0.11716
0.11717
0.11719
0.11719
0.11719
0.11719
0.11719
0.11719
0.11719
0.11719
0.11731
0.11731
0.11734
0.11737
0.11743
0.11743
0.11743
0.11745
0.11749
0.11749
0.11755
0.11755
0.11755
0.11765
0.11768
0.11768
0.11768
0.11768
0.11768
0.11774
0.11774
0.11780
0.11792
0.11792
0.11804
0.11804
0.11804
0.11804
0.11812
0.11813
0.11816
0.11816
0.11816
0.11816
0.11816
0.11816
0.11816
0.11816
0.11816
0.11816
0.11829
0.11829
0.11835
0.11841
0.11841
0.11841
0.11844
0.11853
0.11853
0.11853
0.11853
0.11853
0.11865
0.11865
0.11865
0.11865
0.11865
0.11874
0.11877
0.11890
0.11890
0.11890
0.11899
0.11899
0.11902
0.11911
0.11914
0.11914
0.11914
0.11914
0.11914
0.11916
0.11926
0.11935
0.11935
0.11938
0.11938
0.11945
0.11951
0.11951
0.11963
0.11963
0.11963
0.11971
0.11975
0.11981
0.11984
0.11987
0.11987
0.11987
0.12004
0.12012
0.12012
0.12012
0.12012
0.12012
0.12012
0.12016
0.12018
0.12024
0.12036
0.12036
0.12036
0.12036
0.12061
0.12061
0.12073
0.12085
0.12085
0.12085
0.12097
0.12103
0.12109
0.12109
0.12109
0.12109
0.12122
0.12122
0.12122
0.12122
0.12122
0.12134
0.12134
0.12135
0.12138
0.12158
0.12158
0.12162
0.12170
0.12177
0.12183
0.12189
0.12195
0.12195
0.12207
0.12207
0.12207
0.12207
0.12207
0.12219
0.12219
0.12228
0.12231
0.12231
0.12231
0.12234
0.12244
0.12256
0.12277
0.12280
0.12280
0.12292
0.12292
0.12292
0.12292
0.12305
0.12305
0.12305
0.12305
0.12305
0.12317
0.12329
0.12329
0.12354
0.12369
0.12378
0.12378
0.12378
0.12378
0.12396
0.12396
0.12402
0.12402
0.12415
0.12427
0.12427
0.12433
0.12439
0.12451
0.12463
0.12482
0.12500
0.12500
0.12506
0.12512
0.12512
0.12524
0.12524
0.12529
0.12537
0.12561
0.12564
0.12573
0.12573
0.12598
0.12598
0.12604
0.12621
0.12622
0.12622
0.12625
0.12646
0.12659
0.12671
0.12671
0.12683
0.12683
0.12695
0.12695
0.12720
0.12720
0.12738
0.12744
0.12744
0.12744
0.12766
0.12769
0.12769
0.12805
0.12854
0.12854
0.12866
0.12866
0.12866
0.12891
0.12892
0.12903
0.12915
0.12927
0.12946
0.12952
0.12952
0.12976
0.12988
0.13000
0.13000
0.13013
0.13013
0.13031
0.13062
0.13068
0.13086
0.13147
0.13150
0.13153
0.13155
0.13196
0.13199
0.13228
0.13232
0.13275
0.13281
0.13293
0.13293
0.13306
0.13318
0.13370
0.13379
0.13403
0.13405
0.13452
0.13477
0.13573
0.13586
0.13596
0.13617
0.13696
0.13782
0.13892
0.13908
0.13971
0.14194
0.14294
0.14502
0.14526
0.14528
0.14844
0.15656
0.16284
