1 xxx 30.99749180011576307158 642.64 20.732
2 xxx 40.08333333333333333333 4.81 .120
3 xxx 25.67785798742921152529 1650.47 64.276
4 xxx 402.77449234057712860705 5652.94 14.035
7 xxx 10.86933888599687662675 229.68 21.131
8 xxx 192.24484303208566430205 10000 52.017
10 xxx 3.78751326835858342178 117.75 31.089
11 xxx 1095.17029898149162194721 10000 9.131
12 xxx 1012.21476510067114093959 301.64 .298
13 xxx 143.07048150732728541521 1640.16 11.464
15 xxx 72.80103359173126614987 140.87 1.935
16 xxx 2.56038900841335642196 146.38 57.171
17 xxx 15.23756037290800853644 271.32 17.806
18 xxx 41.95517774343122102009 542.90 12.940
19 xxx 24.29739480411174966913 1340.22 55.159
20 xxx 62.97395731826154745663 5169.91 82.096
21 xxx 73.85574837310195227765 272.38 3.688
22 xxx 212.37046074350509544997 2959.17 13.934
24 xxx .84384944584659277954 7.69 9.113
26 xxx 48.77977395452749471958 10000 205.003
27 xxx 30.16081871345029239766 20.63 .684
28 xxx 22.13974570284906993171 376.11 16.988
29 xxx 21.14565290059865682073 1391.68 65.814
30 xxx 7.45788689220731741612 530.39 71.118
31 xxx 36.26932013334680270734 359.03 9.899
34 xxx 149253.73134328358208955223 10000 .067
35 xxx 255.17355371900826446280 617.52 2.420
36 xxx 34.78468899521531100478 312.61 8.987
37 xxx 24181.95121951219512195121 1982.92 .082
38 xxx 5.44508867667121418826 63.86 11.728
39 xxx 1.97220960371963765598 369.03 187.115
40 xxx 65.76471173952006372597 1320.95 20.086
41 xxx 12.26084375736520046438 1404.59 114.559
42 xxx 13.07024758530515837867 1239.53 94.836
43 xxx 12.26199172145118091064 50.36 4.107
44 xxx 7.86693681383404796682 333.92 42.446
45 xxx 3.63756613756613756613 2.75 .756
46 xxx 421.61052631578947368421 400.53 .950
47 xxx 72.66269841269841269841 366.22 5.040
48 xxx 92.15655555657951728396 10000 108.511
49 xxx 23.88195232690124858115 547.04 22.906
50 xxx 4.13031771674744211093 30.68 7.428
51 xxx 5.90297032990751963339 355.53 60.229
52 xxx 177.25467952353942144072 10000 56.416
53 xxx .63756743501716527709 1.30 2.039
54 xxx 2.66777408637873754152 8.03 3.010
55 xxx 127.71138845553822152886 1637.26 12.820
56 xxx 29.96970197763455076295 544.04 18.153
58 xxx 4.55079217148182665424 634.79 139.490
59 xxx 5.17235798672924421427 63.92 12.358
60 xxx .65106779274868199641 162.89 250.189
61 xxx 268.20291327913279132791 1583.47 5.904
62 xxx 93.84849509638146770375 555.02 5.914
64 xxx 6.20826069464932278396 92.59 14.914
65 xxx 2.50536821412369575079 82.84 33.065
67 xxx 491.18326047448302961835 10000 20.359
68 xxx 41.94139615053145647802 1459.98 34.810
69 xxx 313.93162393162393162393 73.46 .234
71 xxx 13966.48044692737430167597 10000 .716
72 xxx 1.73475355993971160551 154.23 88.906
78 xxx 5.65228896533474464143 42.72 7.558
79 xxx 10.82205769721725810569 42.39 3.917
80 xxx 27.99138910482568917060 468.10 16.723
