1 xxx 88.91086243488327223615 1843.3 20.732
2 xxx 83333.33333333333333333333 10000 .120
3 xxx 2.99800858796440350986 192.7 64.276
4 xxx 712.50445315283220520128 10000 14.035
7 xxx 12.79636552931711703184 270.4 21.131
8 xxx 192.24484303208566430205 10000 52.017
10 xxx 4.90205538936601370259 152.4 31.089
11 xxx 1095.17029898149162194721 10000 9.131
12 xxx .33557046979865771812 0.1 .298
13 xxx 273.27285415212840195394 3132.8 11.464
15 xxx 38.81136950904392764857 75.1 1.935
16 xxx 42.98857812527330289832 2457.7 57.171
17 xxx 13.32135235313939121644 237.2 17.806
18 xxx 46.66151468315301391035 603.8 12.940
19 xxx 43.30934208379412244601 2388.9 55.159
20 xxx 121.80861430520366400311 10000 82.096
21 xxx 2711.49674620390455531453 10000 3.688
22 xxx 717.66901105210277020238 10000 13.934
24 xxx 3.01766706902227586963 27.5 9.113
26 xxx 48.77977395452749471958 10000 205.003
27 xxx 14619.88304093567251461988 10000 .684
28 xxx 588.65081233812102660701 10000 16.988
29 xxx 151.94335551706323882456 10000 65.814
30 xxx 24.66042352147135746224 1753.8 71.118
31 xxx 98.28265481361753712496 972.9 9.899
34 xxx 0 0.0 .067
35 xxx 4132.23140495867768595041 10000 2.420
36 xxx 91.69912095248692555914 824.1 8.987
37 xxx 0 0.0 .082
38 xxx 14.68281036834924965893 172.2 11.728
39 xxx 45.92897416027576624001 8594.0 187.115
40 xxx 96.23618440704968634870 1933.0 20.086
41 xxx 15.27509842090102043488 1749.9 114.559
42 xxx 18.50563077312413007718 1755.0 94.836
43 xxx 99.78086194302410518626 409.8 4.107
44 xxx 17.00042406822786599443 721.6 42.446
45 xxx 391.13756613756613756613 295.7 .756
46 xxx 2235.15789473684210526315 2123.4 .950
47 xxx 79.34523809523809523809 399.9 5.040
48 xxx 82.95748818092174986867 9001.8 108.511
49 xxx 27.74818824762071073081 635.6 22.906
50 xxx 7.88906838987614431879 58.6 7.428
51 xxx 25.02781052316990154244 1507.4 60.229
52 xxx 36.17945263754963131026 2041.1 56.416
53 xxx 1.12800392349190779794 2.3 2.039
54 xxx 245.48172757475083056478 738.9 3.010
55 xxx 67.19968798751950078003 861.5 12.820
56 xxx 109.70087588828292844157 1991.4 18.153
58 xxx 71.68972686214065524410 10000 139.490
59 xxx 6.97523871176565787344 86.2 12.358
60 xxx 13.44703404226404837942 3364.3 250.189
61 xxx 282.99457994579945799457 1670.8 5.904
62 xxx 542.52620899560365235035 3208.5 5.914
64 xxx 16.74936301461713825935 249.8 14.914
65 xxx 89.86541660365945864206 2971.4 33.065
67 xxx 285.01891055552826759664 5802.7 20.359
68 xxx 287.27377190462510772766 10000 34.810
69 xxx 299.14529914529914529914 70.0 .234
71 xxx 9927.37430167597765363128 7108.0 .716
72 xxx 44.33446561536904145951 3941.6 88.906
78 xxx 10.47896268854194231278 79.2 7.558
79 xxx 69.16007148327801889200 270.9 3.917
80 xxx 21.82024756323626143634 364.9 16.723
