-0.026 1
0.062 2
0.151 3
0.241 4
0.334 5
0.432 6
0.535 7
0.657 8
0.78 9
0.903 10
1.028 11
1.154 12
1.284 13
1.434 14
1.616 15
1.802 16
2.019 17
2.26 18
2.524 19
2.807 20
3.126 21
3.446 22
3.776 23
4.227 24
4.867 25
5.521 26
6.299 27
7.121 28
7.961 29
8.835 30
9.759 31
10.729 32
11.708 33
12.698 34
13.809 35
14.942 36
16.146 37
17.366 38
18.917 39
20.612 40
22.33 41
24.141 42
25.955 43
27.852 44
29.768 45
31.739 46
33.761 47
35.98 48
38.287 49
40.69 50
43.208 51
45.751 52
48.333 53
51.126 54
53.991 55
56.878 56
59.789 57
62.745 58
65.721 59
68.861 60
72.02 61
75.488 62
79.159 63
82.959 64
86.921 65
90.952 66
95.095 67
99.412 68
103.844 69
108.651 70
113.552 71
118.723 72
124.036 73
129.404 74
134.901 75
140.495 76
146.493 77
152.584 78
158.717 79
164.946 80
171.53 81
178.27 82
185.098 83
191.967 84
198.852 85
206.3 86
213.997 87
221.71 88
229.583 89
237.548 90
245.626 91
254.046 92
262.503 93
270.997 94
279.599 95
288.451 96
297.313 97
306.28 98
315.265 99
324.287 100
333.588 101
343.07 102
352.645 103
362.463 104
372.289 105
382.218 106
392.323 107
402.489 108
412.683 109
422.925 110
433.223 111
443.747 112
454.301 113
465.083 114
475.942 115
486.821 116
497.707 117
508.624 118
519.547 119
530.481 120
541.513 121
552.557 122
563.634 123
574.817 124
586.064 125
597.719 126
609.61 127
621.555 128
633.548 129
645.612 130
657.859 131
670.163 132
682.524 133
694.986 134
707.558 135
720.188 136
732.923 137
745.661 138
758.552 139
771.463 140
784.641 141
798.022 142
811.58 143
825.179 144
838.808 145
852.476 146
866.381 147
880.313 148
894.264 149
908.235 150
922.718 151
937.264 152
952.152 153
968.018 154
984.115 155
1000.4 156
1017.35 157
1034.69 158
1052.31 159
1070.05 160
1087.88 161
1105.82 162
1124.09 163
1142.4 164
1160.73 165
1179.07 166
1197.78 167
1216.6 168
1235.58 169
1255.13 170
1274.73 171
1295.18 172
1316.26 173
1337.53 174
1359.23 175
1380.97 176
1402.94 177
1425.63 178
1448.99 179
1472.53 180
1497.04 181
1522.08 182
1547.85 183
1573.81 184
1599.9 185
1626.38 186
1652.94 187
1680.06 188
1707.19 189
1734.42 190
1762.06 191
1789.85 192
1817.89 193
1846.15 194
1874.48 195
1903.53 196
1933.57 197
1963.73 198
1994.11 199
2024.52 200
2055.21 201
2086.21 202
2117.4 203
2149.23 204
2181.1 205
2213.07 206
2245.25 207
2277.94 208
2310.65 209
2344.69 210
2378.87 211
2414.89 212
2451.35 213
2488.44 214
2525.8 215
2563.85 216
2602.16 217
2640.52 218
2679.05 219
2719.09 220
2760.99 221
2804.32 222
2847.98 223
2892.22 224
2937.12 225
2982.1 226
3028.17 227
3074.54 228
3120.95 229
3168.01 230
3216.64 231
3266.35 232
3317.69 233
3372.28 234
3427.05 235
3481.88 236
3538.32 237
3597.66 238
3657.54 239
3718.01 240
3782.25 241
3846.72 242
3911.4 243
3976.42 244
4042.7 245
4109.85 246
4178.4 247
4247.6 248
4320.43 249
4394.4 250
4468.63 251
4543.93 252
4619.26 253
4696.39 254
4773.61 255
4850.86 256
4928.18 257
5006.92 258
5086.3 259
5169.03 260
5252.63 261
5339.51 262
5426.84 263
5515.64 264
5605.54 265
5695.94 266
5789.88 267
5887.54 268
5985.54 269
6084.96 270
6187.38 271
6301.73 272
6418.28 273
6534.98 274
6654.33 275
6774.06 276
6894.76 277
7016.32 278
7140.44 279
7264.79 280
7390.17 281
7516.73 282
7643.92 283
7775.22 284
7906.85 285
8039.81 286
8174.37 287
8311.99 288
8455.57 289
8604.29 290
8764.49 291
8931.68 292
9109.51 293
9308.9 294
9511.2 295
9715.87 296
9925.92 297
10136.4 298
10347.7 299
10560.5 300
10779.6 301
11006.1 302
11234.1 303
11487.4 304
11770.8 305
