.082 1
.095 2
.139 3
.259 4
.305 5
.661 6
.676 7
.857 8
1.049 9
1.881 10
2.029 11
2.243 12
2.935 13
3.348 14
3.812 15
4.048 16
4.920 17
5.871 18
6.226 19
7.492 20
9.063 21
9.151 22
9.152 23
9.602 24
10.361 25
11.313 26
11.423 27
11.611 28
11.843 29
12.312 30
12.884 31
13.587 32
13.892 33
13.938 34
15.168 35
15.495 36
18.296 37
18.714 38
19.122 39
20.116 40
20.631 41
21.923 42
22.858 43
24.960 44
25.135 45
42.104 46
55.273 47
60.541 48
62.343 49
64.373 50
68.992 51
70.586 52
74.177 53
90.607 54
94.986 55
104.407 56
111.710 57
111.888 58
123.597 59
130.860 60
196.058 61
201.128 62
211.580 63
