1 xxx 73.33598567734235130296 1843.3 25.135
2 xxx 71942.44604316546762589928 10000 .139
3 xxx 3.09096450283111175272 192.7 62.343
4 xxx 861.25226078718456635948 10000 11.611
7 xxx 14.44907555840547183926 270.4 18.714
8 xxx 89.51750067138125503535 10000 111.710
10 xxx 6.10576923076923076923 152.4 24.960
11 xxx 1092.77674571085127308490 10000 9.151
12 xxx .32786885245901639344 0.1 .305
13 xxx 276.92035711128789887739 3132.8 11.313
15 xxx 39.92557150451887293992 75.1 1.881
16 xxx 33.13291181902746134246 2457.7 74.177
17 xxx 12.96458242238740708351 237.2 18.296
18 xxx 49.04158544509421702404 603.8 12.312
19 xxx 43.22001700649503374160 2388.9 55.273
20 xxx 89.37508937508937508937 10000 111.888
21 xxx 2986.85782556750298685782 10000 3.348
22 xxx 719.83875611862942700835 10000 13.892
24 xxx 3.00480769230769230769 27.5 9.152
26 xxx 47.26344645051517156631 10000 211.580
27 xxx 14792.89940828402366863905 10000 .676
28 xxx 735.99764480753661588282 10000 13.587
29 xxx 155.34463206623895111304 10000 64.373
30 xxx 24.84628679908197092907 1753.8 70.586
31 xxx 101.32264111643407623411 972.9 9.602
34 xxx 0 0.0 .095
35 xxx 4458.31475702184574230940 10000 2.243
36 xxx 90.93015557762330354187 824.1 9.063
37 xxx 0 0.0 .082
38 xxx 14.54023473781980916997 172.2 11.843
39 xxx 43.83396749941343888033 8594.0 196.058
40 xxx 96.09266255716842314575 1933.0 20.116
41 xxx 14.15811063375324643802 1749.9 123.597
42 xxx 18.47640704945992040932 1755.0 94.986
43 xxx 101.23517786561264822134 409.8 4.048
44 xxx 17.13851415542466273988 721.6 42.104
45 xxx 345.04084014002333722287 295.7 .857
46 xxx 2024.21353670162059103908 2123.4 1.049
47 xxx 81.28048780487804878048 399.9 4.920
48 xxx 86.21835700671410920723 9001.8 104.407
49 xxx 28.99238242941203302467 635.6 21.923
50 xxx 9.41214262769033087054 58.6 6.226
51 xxx 24.89882889281643844667 1507.4 60.541
52 xxx 29.58458951762523191094 2041.1 68.992
53 xxx 1.13356333169048792508 2.3 2.029
54 xxx 251.75468483816013628620 738.9 2.935
55 xxx 66.86588016144054641415 861.5 12.884
56 xxx 104.14182616881079385001 1991.4 19.122
58 xxx 76.41754546843955372153 10000 130.860
59 xxx 7.54617876214654644139 86.2 11.423
60 xxx 16.72715882423133526908 3364.3 201.128
61 xxx 284.58524953159598024186 1670.8 5.871
62 xxx 140.36661125207804707323 3208.5 22.858
64 xxx 17.92222700530922657483 249.8 13.938
65 xxx 286.78698967281150468101 2971.4 10.361
67 xxx 281.26120886045271678541 5802.7 20.631
68 xxx 645.36947402387867053888 10000 15.495
69 xxx 270.27027027027027027027 70.0 .259
71 xxx 10753.40393343419062027231 7108.0 .661
72 xxx 43.50215766993720131998 3941.6 90.607
78 xxx 10.57127602776294714361 79.2 7.492
79 xxx 71.06505771248688352570 270.9 3.812
80 xxx 24.05722573839662447257 364.9 15.168
