1 xxx 6.41357285429141716566 642.64 100.20
2 xxx 4.53773584905660377358 4.81 1.06
4 xxx 75.90895662682959581039 5652.94 74.47
7 xxx 5.06907967336128889869 229.68 45.31
10 xxx 2.72443313280888477556 117.75 43.22
12 xxx 257.81196581196581196581 301.64 1.17
13 xxx 113.82095766828591256072 1640.16 14.41
15 xxx 42.81762917933130699088 140.87 3.29
17 xxx 6.86364786238300025297 271.32 39.53
18 xxx 23.85325131810193321616 542.90 22.76
19 xxx 9.76267482517482517482 1340.22 137.28
21 xxx 36.07682119205298013245 272.38 7.55
22 xxx 46.94114847715736040609 2959.17 63.04
24 xxx .57430918595967139656 7.69 13.39
27 xxx 2.86527777777777777777 20.63 7.20
29 xxx 7.12330449915544863592 1391.68 195.37
31 xxx 28.56245027844073190135 359.03 12.57
34 xxx 48076.92307692307692307692 50000 1.04
36 xxx 12.14019417475728155339 312.61 25.75
37 xxx 1925.16504854368932038834 1982.92 1.03
38 xxx 3.60994912379875635952 63.86 17.69
40 xxx 27.60029251984956122022 1320.95 47.86
43 xxx 1.47553472018751831233 50.36 34.13
44 xxx 3.66502030512567226429 333.92 91.11
45 xxx .19083969465648854961 2.75 14.41
46 xxx 170.43829787234042553191 400.53 2.35
47 xxx 24.87907608695652173913 366.22 14.72
48 xxx 115.19433582627842526859 30343.34 263.41
49 xxx 12.13756378966052806745 547.04 45.07
50 xxx 2.64710957722174288179 30.68 11.59
51 xxx 1.73963889024807946371 355.53 204.37
52 xxx 122.75933110367892976588 18352.52 149.50
53 xxx .36619718309859154929 1.30 3.55
54 xxx .75683317624882186616 8.03 10.61
55 xxx 83.53367346938775510204 1637.26 19.60
56 xxx 8.29961861174675819984 544.04 65.55
59 xxx 2.54966094934184284004 63.92 25.07
60 xxx 1.10643934248064121722 162.89 147.22
61 xxx 76.53310778153697438376 1583.47 20.69
62 xxx 12.70359349965667200732 555.02 43.69
64 xxx 4.47727272727272727272 92.59 20.68
65 xxx .91962699822380106571 82.84 90.08
67 xxx 802.73560864618885096700 35280.23 43.95
68 xxx 22.40607734806629834254 1459.98 65.16
69 xxx 66.18018018018018018018 73.46 1.11
71 xxx 22831.05022831050228310502 50000 2.19
78 xxx 2.31043807463493780421 42.72 18.49
79 xxx .93205804749340369393 42.39 45.48
80 xxx 15.82488167680865449628 468.10 29.58
