1 xxx 18.39620758483033932135 1843.3 100.20
2 xxx 47169.81132075471698113207 50000 1.06
4 xxx 242.76755740566671142742 18078.9 74.47
7 xxx 5.96777753255352019421 270.4 45.31
10 xxx 3.52614530310041647385 152.4 43.22
12 xxx .08547008547008547008 0.1 1.17
13 xxx 217.40458015267175572519 3132.8 14.41
15 xxx 22.82674772036474164133 75.1 3.29
17 xxx 6.00050594485201113078 237.2 39.53
18 xxx 26.52899824253075571177 603.8 22.76
19 xxx 17.40166083916083916083 2388.9 137.28
21 xxx 6622.51655629139072847682 50000 7.55
22 xxx 216.35945431472081218274 13639.3 63.04
24 xxx 2.05377147124719940253 27.5 13.39
27 xxx 6944.44444444444444444444 50000 7.20
29 xxx 255.92465578133797410042 50000 195.37
31 xxx 77.39856801909307875894 972.9 12.57
34 xxx .00096153846153846153 0.001 1.04
36 xxx 32.00388349514563106796 824.1 25.75
37 xxx .00097087378640776699 0.001 1.03
38 xxx 9.73431317128321085358 172.2 17.69
40 xxx 40.38863351441704972837 1933.0 47.86
43 xxx 12.00703193671256958687 409.8 34.13
44 xxx 7.92009658654373833827 721.6 91.11
45 xxx 20.52047189451769604441 295.7 14.41
46 xxx 903.57446808510638297872 2123.4 2.35
47 xxx 27.16711956521739130434 399.9 14.72
48 xxx 34.17410121103982384875 9001.8 263.41
49 xxx 14.10250721100510317284 635.6 45.07
50 xxx 5.05608283002588438308 58.6 11.59
51 xxx 7.37583794098938200322 1507.4 204.37
52 xxx 13.65284280936454849498 2041.1 149.50
53 xxx .64788732394366197183 2.3 3.55
54 xxx 69.64184731385485391140 738.9 10.61
55 xxx 43.95408163265306122448 861.5 19.60
56 xxx 30.37986270022883295194 1991.4 65.55
59 xxx 3.43837255684084563222 86.2 25.07
60 xxx 22.85219399538106235565 3364.3 147.22
61 xxx 80.75398743354277428709 1670.8 20.69
62 xxx 73.43785763332570382238 3208.5 43.69
64 xxx 12.07930367504835589941 249.8 20.68
65 xxx 32.98623445825932504440 2971.4 90.08
67 xxx 132.02957906712172923777 5802.7 43.95
68 xxx 449.80509515039901780233 29309.3 65.16
69 xxx 63.06306306306306306306 70.0 1.11
71 xxx 3245.66210045662100456621 7108.0 2.19
78 xxx 4.28339643050297458085 79.2 18.49
79 xxx 5.95646437994722955145 270.9 45.48
80 xxx 12.33603786342123056118 364.9 29.58
