.074 1
.105 2
.122 3
.209 4
.280 5
.640 6
.716 7
.846 8
1.227 9
1.639 10
1.879 11
2.016 12
2.982 13
3.113 14
3.529 15
3.790 16
4.120 17
4.456 18
4.799 19
4.941 20
5.859 21
7.508 22
7.757 23
8.711 24
9.114 25
9.137 26
9.142 27
9.848 28
11.146 29
11.316 30
11.379 31
12.647 32
12.806 33
12.903 34
13.888 35
14.051 36
15.587 37
16.725 38
18.929 39
20.065 40
20.088 41
20.118 42
20.654 43
21.899 44
28.951 45
43.640 46
54.296 47
54.903 48
55.338 49
60.238 50
61.277 51
65.349 52
72.424 53
88.231 54
91.449 55
97.466 56
106.454 57
113.817 58
154.883 59
183.842 60
209.192 61
244.726 62
258.111 63
261.500 64
