1 xxx 33.95002377304664800042 642.64 18.929
2 xxx 39.42622950819672131147 4.81 .122
3 xxx 30.39763518491233240017 1650.47 54.296
4 xxx 441.42901764797751054193 5652.94 12.806
7 xxx 11.41664181330152102594 229.68 20.118
8 xxx 40.86202528542124661866 10000 244.726
10 xxx 4.06721702186452972263 117.75 28.951
11 xxx 1094.45113275692240341468 10000 9.137
12 xxx 1077.28571428571428571428 301.64 .280
13 xxx 144.94167550371155885471 1640.16 11.316
15 xxx 74.97072911122937732836 140.87 1.879
16 xxx 2.23997306768274954475 146.38 65.349
17 xxx 16.22242152466367713004 271.32 16.725
18 xxx 42.92717640547165335652 542.90 12.647
19 xxx 24.21880082402688929849 1340.22 55.338
20 xxx 58.59516496469494848749 5169.91 88.231
21 xxx 77.18333805610654576367 272.38 3.529
22 xxx 213.07387672811059907834 2959.17 13.888
24 xxx .84375685758174237436 7.69 9.114
26 xxx 47.80297525718000688362 10000 209.192
27 xxx 32.23437500000000000000 20.63 .640
28 xxx 229.47528981086028065893 376.11 1.639
29 xxx 22.71129461298692821123 1391.68 61.277
30 xxx 7.32340108251408372915 530.39 72.424
31 xxx 36.45714865962632006498 359.03 9.848
34 xxx 95238.09523809523809523809 10000 .105
35 xxx 198.36813363315130099582 617.52 3.113
36 xxx 34.19492452417414132574 312.61 9.142
37 xxx 26796.21621621621621621621 1982.92 .074
38 xxx 5.61209245100623956410 63.86 11.379
39 xxx 2.00732150433524439464 369.03 183.842
40 xxx 65.83354099177672564166 1320.95 20.065
41 xxx 12.34077510389484874842 1404.59 113.817
42 xxx 12.71756304762686475283 1239.53 97.466
43 xxx 12.22330097087378640776 50.36 4.120
44 xxx 7.65169569202566452795 333.92 43.640
45 xxx 3.84078212290502793296 2.75 .716
46 xxx 326.43031784841075794621 400.53 1.227
47 xxx 74.11859947379073062133 366.22 4.941
48 xxx 93.93728746688710616792 10000 106.454
49 xxx 24.98013607927302616557 547.04 21.899
50 xxx 3.52198369877166800596 30.68 8.711
51 xxx 5.90208838274843122281 355.53 60.238
52 xxx 182.13940950403438792051 10000 54.903
53 xxx .64484126984126984126 1.30 2.016
54 xxx 2.69282360831656606304 8.03 2.982
55 xxx 126.88987057273502286290 1637.26 12.903
56 xxx 27.08283552369573874950 544.04 20.088
58 xxx 4.09851307115693781757 634.79 154.883
59 xxx 5.73479275076260541898 63.92 11.146
60 xxx .63108507580072139505 162.89 258.111
61 xxx 270.26284348864994026284 1583.47 5.859
62 xxx 124.55565529622980251346 555.02 4.456
63 xxx .00137667304015296367 0.36 261.500
64 xxx 6.58956657889118212226 92.59 14.051
65 xxx 10.67938636070645868248 82.84 7.757
67 xxx 484.16771569671734288757 10000 20.654
68 xxx 304.22588039174828089185 1459.98 4.799
69 xxx 351.48325358851674641148 73.46 .209
71 xxx 11820.33096926713947990543 10000 .846
72 xxx 1.68651379457402486631 154.23 91.449
78 xxx 5.68993074054342035162 42.72 7.508
79 xxx 11.18469656992084432717 42.39 3.790
80 xxx 30.03143645345480207865 468.10 15.587
