1 xxx 97.37968196946484230545 1843.3 18.929
2 xxx 81967.21311475409836065573 10000 .122
3 xxx 3.54906438780020627670 192.7 54.296
4 xxx 780.88396064344838357020 10000 12.806
7 xxx 13.44069987076250124266 270.4 20.118
8 xxx 40.86202528542124661866 10000 244.726
10 xxx 5.26406687161065248177 152.4 28.951
11 xxx 1094.45113275692240341468 10000 9.137
12 xxx .35714285714285714285 0.1 .280
13 xxx 276.84694238246730293389 3132.8 11.316
15 xxx 39.96806812134113890367 75.1 1.879
16 xxx 37.60883869684310394956 2457.7 65.349
17 xxx 14.18236173393124065769 237.2 16.725
18 xxx 47.74254763975646398355 603.8 12.647
19 xxx 43.16925078607828255448 2388.9 55.338
20 xxx 113.33884915732565651528 10000 88.231
21 xxx 2833.66392745820345706999 10000 3.529
22 xxx 720.04608294930875576036 10000 13.888
24 xxx 3.01733596664472240509 27.5 9.114
26 xxx 47.80297525718000688362 10000 209.192
27 xxx 15625.00000000000000000000 10000 .640
28 xxx 6101.28126906650396583282 10000 1.639
29 xxx 163.19336782153173295037 10000 61.277
30 xxx 24.21572959240030928973 1753.8 72.424
31 xxx 98.79163281884646628757 972.9 9.848
34 xxx 0 0.0 .105
35 xxx 3212.33536781239961451975 10000 3.113
36 xxx 90.14438853642528987092 824.1 9.142
37 xxx 0 0.0 .074
38 xxx 15.13313999472712892169 172.2 11.379
39 xxx 46.74666289531227902220 8594.0 183.842
40 xxx 96.33690505855968103663 1933.0 20.065
41 xxx 15.37468040802340599383 1749.9 113.817
42 xxx 18.00627911271622924917 1755.0 97.466
43 xxx 99.46601941747572815533 409.8 4.120
44 xxx 16.53528872593950504124 721.6 43.640
45 xxx 412.98882681564245810055 295.7 .716
46 xxx 1730.56234718826405867970 2123.4 1.227
47 xxx 80.93503339404978749241 399.9 4.941
48 xxx 84.56046743194243523024 9001.8 106.454
49 xxx 29.02415635417142335266 635.6 21.899
50 xxx 6.72712662151302950292 58.6 8.711
51 xxx 25.02407118430226767156 1507.4 60.238
52 xxx 37.17647487386845891845 2041.1 54.903
53 xxx 1.14087301587301587301 2.3 2.016
54 xxx 247.78672032193158953722 738.9 2.982
55 xxx 66.76741842982252189413 861.5 12.903
56 xxx 99.13381123058542413381 1991.4 20.088
58 xxx 64.56486509171439086278 10000 154.883
59 xxx 7.73371613134756863448 86.2 11.146
60 xxx 13.03431469406573141012 3364.3 258.111
61 xxx 285.16811742618194231097 1670.8 5.859
62 xxx 720.04039497307001795332 3208.5 4.456
63 xxx 38.24091778202676864244 10000 261.500
64 xxx 17.77809408583019002206 249.8 14.051
65 xxx 383.06046151862833569678 2971.4 7.757
67 xxx 280.94800038733417255737 5802.7 20.654
68 xxx 2083.76745155240675140654 10000 4.799
69 xxx 334.92822966507177033492 70.0 .209
71 xxx 8401.89125295508274231678 7108.0 .846
72 xxx 43.10161948189701363601 3941.6 91.449
78 xxx 10.54874800213106020245 79.2 7.508
79 xxx 71.47757255936675461741 270.9 3.790
80 xxx 23.41053441970873163533 364.9 15.587
