1 xxx 6.16423508196406818029 642.64 104.253
2 xxx 33.17241379310344827586 4.81 .145
3 xxx 26.77335106900691042403 1650.47 61.646
4 xxx 56.60695152358731462103 5652.94 99.863
7 xxx 3.93752892972861771613 229.68 58.331
10 xxx 3.44318381191882566231 117.75 34.198
12 xxx 945.57993730407523510971 301.64 .319
13 xxx 125.38490941059552022016 1640.16 13.081
15 xxx 38.23832790445168295331 140.87 3.684
17 xxx 9.15817187605481671504 271.32 29.626
18 xxx 24.76959576603704717583 542.90 21.918
19 xxx 13.90601492057233572325 1340.22 96.377
20 xxx 18.57768626520917329653 5169.91 278.286
21 xxx 22.77615185216155196922 272.38 11.959
22 xxx 49.98766850231426737389 2959.17 59.198
24 xxx .51531193459760101856 7.69 14.923
27 xxx 23.60411899313501144164 20.63 .874
28 xxx 15.96798845206758936910 376.11 23.554
29 xxx 8.39094389677730547767 1391.68 165.855
31 xxx 24.33111954459203036053 359.03 14.756
34 xxx 78125.00000000000000000000 10000 .128
36 xxx 12.08247980520233447995 312.61 25.873
37 xxx 17704.64285714285714285714 1982.92 .112
38 xxx 3.21033581339231852000 63.86 19.892
40 xxx 23.38751084435473876170 1320.95 56.481
42 xxx 4.70019225008437010605 1239.53 263.719
43 xxx 1.67037049321702212345 50.36 30.149
44 xxx 7.59582357089238188394 333.92 43.961
45 xxx 1.17320819112627986348 2.75 2.344
46 xxx 87.37565445026178010471 400.53 4.584
47 xxx 26.46671966466719664667 366.22 13.837
48 xxx 80.29742164979082521660 10000 124.537
49 xxx 26.28483567172784931770 547.04 20.812
50 xxx 2.37057641786431772523 30.68 12.942
51 xxx 1.95840058168678149839 355.53 181.541
52 xxx 77.84524365561264206756 10000 128.460
53 xxx .52187876354877559213 1.30 2.491
54 xxx 2.57371794871794871794 8.03 3.120
55 xxx 103.40154098774788429960 1637.26 15.834
56 xxx 10.65909090909090909090 544.04 51.040
59 xxx 2.07330522218618228997 63.92 30.830
61 xxx 80.00960032337931382951 1583.47 19.791
62 xxx 27.00564421954067730634 555.02 20.552
64 xxx 4.24257697947214076246 92.59 21.824
65 xxx 2.08733338372766901000 82.84 39.687
67 xxx 206.50490449148167268972 10000 48.425
68 xxx 5.99034966067897030222 1459.98 243.722
69 xxx 169.65357967667436489607 73.46 .433
71 xxx 4972.65042267528592739930 10000 2.011
72 xxx 1.26193573725422813520 154.23 122.217
78 xxx 3.01354401805869074492 42.72 14.176
79 xxx 11.16113744075829383886 42.39 3.798
80 xxx 25.64931506849315068493 468.10 18.250
