0.000122
0.000221
0.000244
0.000244
0.000244
0.000244
0.000244
0.000244
0.000244
0.000244
0.000244
0.000244
0.000244
0.000244
0.000244
0.000244
0.000244
0.000244
0.000244
0.000244
0.000305
0.000336
0.000336
0.000362
0.000366
0.000366
0.000366
0.000366
0.000366
0.000366
0.000366
0.000366
0.000366
0.000366
0.000366
0.000366
0.000366
0.000366
0.000366
0.000366
0.000366
0.000374
0.000389
0.000389
0.000397
0.000397
0.000404
0.000412
0.000412
0.000427
0.000427
0.000427
0.000427
0.000427
0.000427
0.000427
0.000427
0.000427
0.000427
0.000427
0.000427
0.000427
0.000458
0.000458
0.000458
0.000488
0.000488
0.000488
0.000488
0.000488
0.000488
0.000488
0.000488
0.000488
0.000488
0.000488
0.000488
0.000488
0.000488
0.000488
0.000488
0.000488
0.000488
0.000488
0.000488
0.000488
0.000488
0.000488
0.000488
0.000488
0.000488
0.000488
0.000488
0.000488
0.000488
0.000488
0.000488
0.000488
0.000488
0.000488
0.000488
0.000488
0.000488
0.000488
0.000488
0.000488
0.000488
0.000488
0.000488
0.000488
0.000488
0.000488
0.000488
0.000488
0.000488
0.000488
0.000488
0.000488
0.000488
0.000488
0.000488
0.000488
0.000488
0.000488
0.000488
0.000488
0.000488
0.000488
0.000488
0.000488
0.000488
0.000488
0.000488
0.000488
0.000488
0.000488
0.000488
0.000488
0.000488
0.000488
0.000488
0.000488
0.000488
0.000488
0.000488
0.000488
0.000488
0.000488
0.000488
0.000488
0.000488
0.000488
0.000488
0.000488
0.000488
0.000488
0.000488
0.000488
0.000488
0.000488
0.000488
0.000488
0.000488
0.000488
0.000488
0.000488
0.000488
0.000488
0.000488
0.000488
0.000488
0.000488
0.000488
0.000488
0.000488
0.000488
0.000488
0.000488
0.000488
0.000488
0.000488
0.000488
0.000488
0.000488
0.000488
0.000488
0.000488
0.000488
0.000488
0.000488
0.000488
0.000488
0.000488
0.000488
0.000488
0.000488
0.000488
0.000488
0.000488
0.000488
0.000488
0.000488
0.000488
0.000488
0.000488
0.000488
0.000488
0.000519
0.000526
0.000526
0.000532
0.000534
0.000534
0.000538
0.000542
0.000549
0.000549
0.000549
0.000549
0.000549
0.000549
0.000549
0.000549
0.000549
0.000549
0.000549
0.000549
0.000549
0.000549
0.000549
0.000549
0.000549
0.000556
0.000565
0.000565
0.000574
0.000580
0.000580
0.000580
0.000580
0.000580
0.000580
0.000580
0.000580
0.000580
0.000580
0.000610
0.000610
0.000610
0.000610
0.000610
0.000610
0.000610
0.000610
0.000610
0.000610
0.000610
0.000610
0.000610
0.000610
0.000610
0.000610
0.000610
0.000610
0.000610
0.000610
0.000610
0.000610
0.000610
0.000610
0.000610
0.000610
0.000610
0.000610
0.000610
0.000610
0.000610
0.000610
0.000610
0.000610
0.000610
0.000610
0.000610
0.000610
0.000610
0.000610
0.000610
0.000610
0.000610
0.000610
0.000610
0.000610
0.000610
0.000610
0.000610
0.000610
0.000610
0.000610
0.000610
0.000610
0.000610
0.000610
0.000610
0.000610
0.000610
0.000610
0.000610
0.000610
0.000610
0.000610
0.000610
0.000610
0.000610
0.000610
0.000610
0.000610
0.000610
0.000610
0.000610
0.000610
0.000610
0.000610
0.000610
0.000610
0.000610
0.000610
0.000610
0.000610
0.000610
0.000610
0.000610
0.000610
0.000610
0.000610
0.000610
0.000610
0.000610
0.000610
0.000610
0.000610
0.000610
0.000610
0.000610
0.000610
0.000610
0.000641
0.000641
0.000641
0.000641
0.000641
0.000641
0.000641
0.000664
0.000671
0.000671
0.000671
0.000671
0.000671
0.000671
0.000671
0.000671
0.000671
0.000671
0.000679
0.000681
0.000683
0.000687
0.000691
0.000694
0.000702
0.000702
0.000702
0.000702
0.000702
0.000702
0.000702
0.000706
0.000710
0.000710
0.000717
0.000717
0.000717
0.000717
0.000717
0.000717
0.000717
0.000725
0.000732
0.000732
0.000732
0.000732
0.000732
0.000732
0.000732
0.000732
0.000732
0.000732
0.000732
0.000732
0.000732
0.000732
0.000732
0.000732
0.000732
0.000732
0.000732
0.000732
0.000732
0.000732
0.000732
0.000732
0.000732
0.000732
0.000732
0.000732
0.000732
0.000732
0.000732
0.000732
0.000732
0.000732
0.000732
0.000732
0.000732
0.000732
0.000732
0.000732
0.000732
0.000732
0.000732
0.000732
0.000732
0.000732
0.000732
0.000732
0.000732
0.000732
0.000732
0.000732
0.000732
0.000732
0.000732
0.000732
0.000732
0.000732
0.000732
0.000732
0.000732
0.000732
0.000732
0.000732
0.000732
0.000732
0.000732
0.000732
0.000732
0.000732
0.000732
0.000732
0.000732
0.000732
0.000732
0.000732
0.000732
0.000732
0.000732
0.000732
0.000732
0.000732
0.000732
0.000732
0.000732
0.000732
0.000732
0.000732
0.000732
0.000732
0.000732
0.000732
0.000732
0.000732
0.000732
0.000732
0.000732
0.000732
0.000732
0.000732
0.000732
0.000732
0.000732
0.000732
0.000732
0.000732
0.000732
0.000732
0.000732
0.000732
0.000732
0.000732
0.000732
0.000732
0.000732
0.000732
0.000732
0.000732
0.000732
0.000732
0.000732
0.000732
0.000732
0.000732
0.000732
0.000732
0.000732
0.000732
0.000732
0.000732
0.000732
0.000732
0.000732
0.000732
0.000732
0.000732
0.000732
0.000732
0.000732
0.000732
0.000732
0.000732
0.000732
0.000732
0.000732
0.000732
0.000732
0.000732
0.000732
0.000732
0.000732
0.000732
0.000732
0.000732
0.000732
0.000732
0.000732
0.000732
0.000732
0.000732
0.000732
0.000732
0.000732
0.000732
0.000732
0.000732
0.000732
0.000732
0.000732
0.000732
0.000732
0.000732
0.000732
0.000732
0.000732
0.000732
0.000732
0.000732
0.000732
0.000732
0.000732
0.000732
0.000732
0.000732
0.000732
0.000732
0.000732
0.000732
0.000732
0.000732
0.000732
0.000732
0.000732
0.000732
0.000732
0.000732
0.000732
0.000732
0.000732
0.000732
0.000732
0.000732
0.000732
0.000732
0.000732
0.000732
0.000732
0.000732
0.000732
0.000732
0.000732
0.000732
0.000732
0.000732
0.000732
0.000732
0.000732
0.000732
0.000732
0.000732
0.000732
0.000732
0.000732
0.000732
0.000732
0.000732
0.000732
0.000732
0.000732
0.000732
0.000732
0.000732
0.000732
0.000732
0.000732
0.000732
0.000732
0.000732
0.000732
0.000732
0.000732
0.000732
0.000732
0.000732
0.000732
0.000732
0.000732
0.000732
0.000732
0.000732
0.000732
0.000732
0.000732
0.000732
0.000732
0.000732
0.000732
0.000732
0.000732
0.000732
0.000732
0.000732
0.000732
0.000732
0.000732
0.000732
0.000732
0.000732
0.000732
0.000732
0.000732
0.000732
0.000732
0.000732
0.000732
0.000732
0.000732
0.000732
0.000732
0.000732
0.000732
0.000732
0.000732
0.000732
0.000732
0.000732
0.000732
0.000732
0.000732
0.000732
0.000732
0.000732
0.000732
0.000732
0.000732
0.000732
0.000732
0.000732
0.000732
0.000732
0.000732
0.000732
0.000732
0.000732
0.000732
0.000732
0.000732
0.000732
0.000732
0.000732
0.000732
0.000732
0.000732
0.000732
0.000732
0.000732
0.000732
0.000732
0.000732
0.000732
0.000732
0.000732
0.000732
0.000732
0.000732
0.000732
0.000732
0.000732
0.000732
0.000732
0.000732
0.000732
0.000732
0.000732
0.000732
0.000732
0.000732
0.000732
0.000732
0.000732
0.000732
0.000732
0.000732
0.000732
0.000732
0.000732
0.000732
0.000732
0.000732
0.000732
0.000732
0.000732
0.000732
0.000732
0.000732
0.000732
0.000732
0.000732
0.000732
0.000732
0.000732
0.000732
0.000732
0.000732
0.000732
0.000732
0.000732
0.000732
0.000732
0.000732
0.000732
0.000732
0.000732
0.000732
0.000732
0.000732
0.000732
0.000732
0.000732
0.000732
0.000732
0.000732
0.000732
0.000732
0.000732
0.000732
0.000732
0.000732
0.000732
0.000732
0.000732
0.000732
0.000732
0.000732
0.000732
0.000732
0.000732
0.000732
0.000732
0.000732
0.000732
0.000732
0.000732
0.000732
0.000732
0.000732
0.000732
0.000732
0.000732
0.000732
0.000732
0.000732
0.000732
0.000732
0.000732
0.000732
0.000732
0.000732
0.000732
0.000732
0.000732
0.000732
0.000732
0.000732
0.000732
0.000732
0.000732
0.000732
0.000732
0.000732
0.000732
0.000732
0.000732
0.000732
0.000732
0.000732
0.000732
0.000732
0.000732
0.000732
0.000732
0.000732
0.000732
0.000732
0.000732
0.000732
0.000732
0.000732
0.000732
0.000732
0.000732
0.000732
0.000732
0.000732
0.000732
0.000732
0.000732
0.000732
0.000732
0.000732
0.000732
0.000732
0.000732
0.000732
0.000732
0.000732
0.000732
0.000732
0.000732
0.000732
0.000732
0.000732
0.000732
0.000732
0.000732
0.000732
0.000732
0.000732
0.000732
0.000732
0.000732
0.000732
0.000732
0.000732
0.000732
0.000732
0.000732
0.000748
0.000748
0.000748
0.000748
0.000748
0.000748
0.000755
0.000763
0.000763
0.000763
0.000763
0.000763
0.000763
0.000763
0.000763
0.000763
0.000763
0.000763
0.000763
0.000763
0.000763
0.000763
0.000763
0.000763
0.000763
0.000793
0.000793
0.000793
0.000793
0.000793
0.000793
0.000793
0.000793
0.000793
0.000793
0.000793
0.000793
0.000793
0.000793
0.000793
0.000793
0.000793
0.000793
0.000793
0.000793
0.000793
0.000793
0.000793
0.000793
0.000793
0.000824
0.000824
0.000824
0.000824
0.000832
0.000832
0.000839
0.000839
0.000843
0.000854
0.000854
0.000854
0.000854
0.000854
0.000854
0.000854
0.000854
0.000854
0.000854
0.000854
0.000854
0.000854
0.000854
0.000854
0.000854
0.000854
0.000854
0.000854
0.000854
0.000854
0.000854
0.000854
0.000854
0.000854
0.000854
0.000854
0.000854
0.000854
0.000854
0.000854
0.000854
0.000854
0.000854
0.000854
0.000854
0.000854
0.000854
0.000854
0.000854
0.000854
0.000854
0.000854
0.000854
0.000854
0.000854
0.000854
0.000854
0.000854
0.000854
0.000854
0.000854
0.000854
0.000854
0.000854
0.000854
0.000854
0.000854
0.000854
0.000854
0.000854
0.000854
0.000854
0.000854
0.000854
0.000854
0.000854
0.000854
0.000854
0.000854
0.000854
0.000854
0.000854
0.000854
0.000854
0.000854
0.000854
0.000854
0.000854
0.000854
0.000854
0.000854
0.000854
0.000854
0.000854
0.000854
0.000854
0.000854
0.000854
0.000854
0.000854
0.000854
0.000854
0.000854
0.000854
0.000854
0.000854
0.000854
0.000854
0.000854
0.000854
0.000854
0.000854
0.000854
0.000854
0.000854
0.000854
0.000854
0.000854
0.000854
0.000854
0.000854
0.000854
0.000854
0.000854
0.000854
0.000854
0.000854
0.000854
0.000854
0.000854
0.000854
0.000854
0.000854
0.000854
0.000854
0.000854
0.000854
0.000854
0.000854
0.000854
0.000854
0.000854
0.000854
0.000854
0.000854
0.000854
0.000854
0.000854
0.000854
0.000854
0.000854
0.000854
0.000854
0.000854
0.000854
0.000854
0.000854
0.000854
0.000854
0.000854
0.000854
0.000854
0.000854
0.000854
0.000854
0.000854
0.000854
0.000854
0.000854
0.000854
0.000854
0.000854
0.000854
0.000854
0.000854
0.000854
0.000854
0.000854
0.000870
0.000870
0.000870
0.000870
0.000870
0.000870
0.000870
0.000874
0.000885
0.000885
0.000885
0.000885
0.000885
0.000885
0.000885
0.000885
0.000885
0.000885
0.000885
0.000885
0.000885
0.000885
0.000885
0.000885
0.000885
0.000885
0.000885
0.000885
0.000885
0.000885
0.000885
0.000885
0.000885
0.000900
0.000900
0.000900
0.000908
0.000916
0.000916
0.000916
0.000916
0.000916
0.000916
0.000916
0.000916
0.000916
0.000916
0.000916
0.000916
0.000916
0.000916
0.000916
0.000916
0.000916
0.000916
0.000916
0.000916
0.000916
0.000916
0.000916
0.000916
0.000916
0.000916
0.000916
0.000916
0.000916
0.000916
0.000916
0.000916
0.000916
0.000916
0.000916
0.000916
0.000916
0.000916
0.000916
0.000916
0.000916
0.000916
0.000916
0.000916
0.000916
0.000916
0.000916
0.000916
0.000916
0.000916
0.000916
0.000916
0.000916
0.000916
0.000916
0.000916
0.000916
0.000916
0.000916
0.000916
0.000916
0.000916
0.000916
0.000916
0.000916
0.000916
0.000916
0.000916
0.000916
0.000916
0.000916
0.000916
0.000916
0.000916
0.000916
0.000916
0.000916
0.000916
0.000916
0.000931
0.000931
0.000931
0.000941
0.000944
0.000946
0.000946
0.000946
0.000946
0.000946
0.000946
0.000946
0.000946
0.000946
0.000946
0.000946
0.000946
0.000961
0.000977
0.000977
0.000977
0.000977
0.000977
0.000977
0.000977
0.000977
0.000977
0.000977
0.000977
0.000977
0.000977
0.000977
0.000977
0.000977
0.000977
0.000977
0.000977
0.000977
0.000977
0.000977
0.000977
0.000977
0.000977
0.000977
0.000977
0.000977
0.000977
0.000977
0.000977
0.000977
0.000977
0.000977
0.000977
0.000977
0.000977
0.000977
0.000977
0.000977
0.000977
0.000977
0.000977
0.000977
0.000977
0.000977
0.000977
0.000977
0.000977
0.000977
0.000977
0.000977
0.000977
0.000977
0.000977
0.000977
0.000977
0.000977
0.000977
0.000977
0.000977
0.000977
0.000977
0.000977
0.000977
0.000977
0.000977
0.000977
0.000977
0.000977
0.000977
0.000977
0.000977
0.000977
0.000977
0.000977
0.000977
0.000977
0.000977
0.000977
0.000977
0.000977
0.000977
0.000977
0.000977
0.000977
0.000977
0.000977
0.000977
0.000977
0.000977
0.000977
0.000977
0.000977
0.000977
0.000977
0.000977
0.000977
0.000977
0.000977
0.000977
0.000977
0.000977
0.000977
0.000977
0.000977
0.000977
0.000977
0.000977
0.000977
0.000977
0.000977
0.000977
0.000977
0.000977
0.000977
0.000977
0.000977
0.000977
0.000977
0.000977
0.000977
0.000977
0.000977
0.000977
0.000977
0.000977
0.000977
0.000977
0.000977
0.000977
0.000977
0.000977
0.000977
0.000977
0.000977
0.000977
0.000977
0.000977
0.000977
0.000977
0.000977
0.000977
0.000977
0.000977
0.000977
0.000977
0.000977
0.000977
0.000977
0.000977
0.000977
0.000977
0.000977
0.000977
0.000977
0.000977
0.000977
0.000977
0.000977
0.000977
0.000977
0.000977
0.000977
0.000977
0.000977
0.000977
0.000977
0.000977
0.000977
0.000977
0.000977
0.000977
0.000977
0.000977
0.000977
0.000977
0.000977
0.000977
0.000977
0.000977
0.000977
0.000977
0.000977
0.000977
0.000977
0.000977
0.000977
0.000977
0.000977
0.000977
0.000977
0.000977
0.000977
0.000977
0.000977
0.000977
0.000977
0.000977
0.000977
0.000977
0.000977
0.000977
0.000977
0.000977
0.000977
0.000977
0.000977
0.000977
0.000977
0.000977
0.000977
0.000977
0.000977
0.000977
0.000977
0.000977
0.000977
0.000977
0.000977
0.000977
0.000977
0.000977
0.000977
0.000977
0.000977
0.000977
0.000977
0.000977
0.000977
0.000977
0.000977
0.000977
0.000977
0.000977
0.000977
0.000977
0.000977
0.000977
0.000977
0.000977
0.000977
0.000977
0.000977
0.000977
0.000977
0.000977
0.000977
0.000977
0.000977
0.000977
0.000977
0.000977
0.000977
0.000977
0.000977
0.000977
0.000977
0.000977
0.000977
0.000977
0.000977
0.000977
0.000977
0.000977
0.000977
0.000977
0.000977
0.000977
0.000977
0.000977
0.000977
0.000977
0.000977
0.000977
0.000977
0.000977
0.000977
0.000977
0.000977
0.000977
0.000977
0.000977
0.000977
0.000977
0.000977
0.000977
0.000977
0.000977
0.000977
0.000977
0.000977
0.000977
0.000977
0.000977
0.000977
0.000977
0.000977
0.000977
0.000977
0.000977
0.000977
0.000977
0.000977
0.000977
0.000977
0.000977
0.000977
0.000977
0.000977
0.000977
0.000977
0.000977
0.000977
0.000977
0.000977
0.000977
0.000977
0.000977
0.000977
0.000977
0.000977
0.000977
0.000977
0.000977
0.000977
0.000977
0.000977
0.000977
0.000977
0.000977
0.000977
0.000977
0.000977
0.000977
0.000977
0.000977
0.000977
0.000977
0.000977
0.000977
0.000977
0.000977
0.000977
0.000977
0.000977
0.000977
0.000977
0.000977
0.000977
0.000977
0.000977
0.000977
0.000977
0.000977
0.000977
0.000977
0.000977
0.000977
0.000977
0.000977
0.000977
0.000977
0.000977
0.000977
0.000977
0.000977
0.000977
0.000977
0.000977
0.000977
0.000977
0.000977
0.000977
0.000977
0.000977
0.000977
0.000977
0.000977
0.000977
0.000977
0.000977
0.000977
0.000977
0.000977
0.000977
0.000977
0.000977
0.000977
0.000977
0.000977
0.000977
0.000977
0.000977
0.000977
0.000977
0.000977
0.000977
0.000977
0.000977
0.000977
0.000977
0.000977
0.000977
0.000977
0.000977
0.000977
0.000977
0.000977
0.000977
0.000977
0.000977
0.000977
0.000977
0.000977
0.000977
0.000977
0.000977
0.000977
0.000977
0.000977
0.000977
0.000977
0.000977
0.000977
0.000977
0.000977
0.000977
0.000977
0.000977
0.000977
0.000977
0.000977
0.000977
0.000977
0.000977
0.000977
0.000977
0.000977
0.000977
0.000977
0.000977
0.000977
0.000977
0.000977
0.000977
0.000977
0.000977
0.000977
0.000977
0.000977
0.000977
0.000977
0.000977
0.000977
0.000977
0.000977
0.000977
0.000977
0.000977
0.000977
0.000977
0.000977
0.000977
0.000977
0.000977
0.000977
0.000977
0.000977
0.000977
0.000977
0.000977
0.000977
0.000977
0.000977
0.000977
0.000977
0.000977
0.000977
0.000977
0.000977
0.000977
0.000977
0.000977
0.000977
0.000977
0.000977
0.000977
0.000977
0.000977
0.000977
0.000977
0.000977
0.000977
0.000977
0.000977
0.000977
0.000977
0.000977
0.000977
0.000977
0.000977
0.000977
0.000977
0.000977
0.000977
0.000977
0.000977
0.000977
0.000977
0.000977
0.000977
0.000977
0.000977
0.000977
0.000977
0.000977
0.000977
0.000977
0.000977
0.000977
0.000977
0.000977
0.000977
0.000977
0.000977
0.000977
0.000977
0.000977
0.000977
0.000977
0.000977
0.000977
0.000977
0.000977
0.000977
0.000977
0.000977
0.000977
0.000977
0.000977
0.000977
0.000977
0.000977
0.000977
0.000977
0.000977
0.000977
0.000977
0.000977
0.000977
0.000977
0.000977
0.000977
0.000977
0.000977
0.000977
0.000977
0.000977
0.000977
0.000977
0.000977
0.000977
0.000977
0.000977
0.000977
0.000977
0.000977
0.000977
0.000977
0.000977
0.000977
0.000977
0.000977
0.000977
0.000977
0.000977
0.000977
0.000977
0.000977
0.000977
0.000977
0.000977
0.000977
0.000977
0.000977
0.000977
0.000977
0.000977
0.000977
0.000977
0.000977
0.000977
0.000977
0.000977
0.000977
0.000977
0.000977
0.000977
0.000977
0.000977
0.000977
0.000977
0.000977
0.000977
0.000977
0.000977
0.000977
0.000977
0.000977
0.000977
0.000977
0.000977
0.000977
0.000977
0.000977
0.000977
0.000977
0.000977
0.000977
0.000977
0.000977
0.000977
0.000977
0.000977
0.000977
0.000977
0.000977
0.000977
0.000977
0.000977
0.000977
0.000977
0.000977
0.000977
0.000977
0.000977
0.000977
0.000977
0.000977
0.000977
0.000977
0.000977
0.000977
0.000977
0.000977
0.000977
0.000977
0.000977
0.000977
0.000977
0.000977
0.000977
0.000977
0.000977
0.000977
0.000977
0.000977
0.000977
0.000977
0.000977
0.000977
0.000977
0.000977
0.000977
0.000977
0.000977
0.000977
0.000977
0.000977
0.000977
0.000977
0.000977
0.000977
0.000977
0.000977
0.000977
0.000977
0.000977
0.000977
0.000977
0.000977
0.000977
0.000977
0.000977
0.000977
0.000977
0.000977
0.000977
0.000977
0.000977
0.000977
0.000977
0.000977
0.000977
0.000977
0.000977
0.000977
0.000977
0.000977
0.000977
0.000977
0.000977
0.000977
0.000977
0.000977
0.000977
0.000977
0.000977
0.000977
0.000977
0.000977
0.000977
0.000977
0.000977
0.000977
0.000977
0.000977
0.000977
0.000977
0.000977
0.000977
0.000977
0.000977
0.000977
0.000977
0.000977
0.000977
0.000977
0.000977
0.000977
0.000977
0.000977
0.000977
0.000977
0.000977
0.000977
0.000977
0.000977
0.000977
0.000977
0.000977
0.000977
0.000980
0.000988
0.000992
0.000992
0.000992
0.000992
0.000996
0.000999
0.001003
0.001003
0.001003
0.001003
0.001007
0.001007
0.001007
0.001007
0.001007
0.001007
0.001007
0.001007
0.001007
0.001007
0.001007
0.001007
0.001007
0.001007
0.001015
0.001022
0.001022
0.001022
0.001030
0.001038
0.001038
0.001038
0.001038
0.001038
0.001038
0.001038
0.001038
0.001038
0.001038
0.001038
0.001038
0.001038
0.001038
0.001038
0.001038
0.001038
0.001038
0.001038
0.001038
0.001038
0.001038
0.001038
0.001038
0.001038
0.001038
0.001038
0.001038
0.001038
0.001038
0.001038
0.001038
0.001038
0.001038
0.001038
0.001038
0.001038
0.001038
0.001038
0.001038
0.001038
0.001038
0.001038
0.001038
0.001038
0.001038
0.001038
0.001038
0.001038
0.001038
0.001038
0.001038
0.001038
0.001038
0.001038
0.001038
0.001038
0.001038
0.001038
0.001038
0.001038
0.001038
0.001038
0.001038
0.001038
0.001038
0.001038
0.001038
0.001038
0.001038
0.001038
0.001038
0.001038
0.001038
0.001038
0.001038
0.001038
0.001038
0.001038
0.001038
0.001038
0.001038
0.001038
0.001038
0.001038
0.001038
0.001038
0.001038
0.001038
0.001045
0.001045
0.001045
0.001053
0.001053
0.001053
0.001053
0.001053
0.001068
0.001068
0.001068
0.001068
0.001068
0.001068
0.001068
0.001068
0.001068
0.001068
0.001068
0.001068
0.001068
0.001068
0.001068
0.001068
0.001068
0.001068
0.001068
0.001068
0.001068
0.001076
0.001083
0.001083
0.001083
0.001099
0.001099
0.001099
0.001099
0.001099
0.001099
0.001099
0.001099
0.001099
0.001099
0.001099
0.001099
0.001099
0.001099
0.001099
0.001099
0.001099
0.001099
0.001099
0.001099
0.001099
0.001099
0.001099
0.001099
0.001099
0.001099
0.001099
0.001099
0.001099
0.001099
0.001099
0.001099
0.001099
0.001099
0.001099
0.001099
0.001099
0.001099
0.001099
0.001099
0.001099
0.001099
0.001099
0.001099
0.001099
0.001099
0.001099
0.001099
0.001099
0.001099
0.001099
0.001099
0.001099
0.001099
0.001099
0.001099
0.001099
0.001099
0.001099
0.001099
0.001099
0.001099
0.001099
0.001099
0.001099
0.001099
0.001099
0.001099
0.001099
0.001099
0.001099
0.001099
0.001099
0.001099
0.001099
0.001099
0.001099
0.001099
0.001099
0.001099
0.001099
0.001099
0.001099
0.001099
0.001099
0.001099
0.001099
0.001099
0.001099
0.001099
0.001099
0.001099
0.001099
0.001099
0.001099
0.001099
0.001099
0.001099
0.001099
0.001099
0.001099
0.001099
0.001099
0.001099
0.001099
0.001099
0.001099
0.001099
0.001099
0.001099
0.001099
0.001099
0.001099
0.001099
0.001099
0.001099
0.001099
0.001099
0.001099
0.001099
0.001099
0.001099
0.001099
0.001099
0.001099
0.001099
0.001099
0.001099
0.001099
0.001099
0.001099
0.001099
0.001099
0.001099
0.001099
0.001099
0.001099
0.001099
0.001099
0.001099
0.001099
0.001099
0.001099
0.001099
0.001099
0.001099
0.001099
0.001099
0.001099
0.001099
0.001099
0.001099
0.001099
0.001099
0.001099
0.001099
0.001099
0.001099
0.001099
0.001099
0.001099
0.001099
0.001099
0.001099
0.001099
0.001099
0.001099
0.001099
0.001099
0.001099
0.001099
0.001099
0.001099
0.001099
0.001099
0.001099
0.001099
0.001099
0.001099
0.001099
0.001099
0.001099
0.001099
0.001099
0.001099
0.001099
0.001099
0.001099
0.001099
0.001099
0.001099
0.001099
0.001099
0.001099
0.001099
0.001099
0.001099
0.001099
0.001099
0.001099
0.001099
0.001099
0.001099
0.001099
0.001099
0.001099
0.001099
0.001099
0.001099
0.001099
0.001099
0.001099
0.001099
0.001099
0.001099
0.001099
0.001099
0.001099
0.001099
0.001099
0.001099
0.001099
0.001099
0.001099
0.001099
0.001099
0.001099
0.001099
0.001099
0.001099
0.001099
0.001099
0.001099
0.001099
0.001099
0.001099
0.001099
0.001099
0.001099
0.001099
0.001099
0.001099
0.001099
0.001099
0.001099
0.001099
0.001099
0.001099
0.001099
0.001099
0.001099
0.001099
0.001099
0.001099
0.001099
0.001099
0.001099
0.001099
0.001099
0.001099
0.001099
0.001099
0.001099
0.001099
0.001099
0.001099
0.001099
0.001099
0.001099
0.001099
0.001099
0.001099
0.001099
0.001099
0.001099
0.001114
0.001129
0.001129
0.001129
0.001129
0.001129
0.001129
0.001129
0.001129
0.001137
0.001141
0.001143
0.001144
0.001144
0.001148
0.001148
0.001152
0.001152
0.001152
0.001156
0.001160
0.001160
0.001160
0.001160
0.001160
0.001160
0.001160
0.001160
0.001160
0.001160
0.001160
0.001160
0.001160
0.001160
0.001160
0.001160
0.001160
0.001160
0.001160
0.001160
0.001160
0.001160
0.001160
0.001160
0.001160
0.001160
0.001160
0.001160
0.001160
0.001160
0.001160
0.001160
0.001160
0.001160
0.001160
0.001160
0.001160
0.001160
0.001160
0.001160
0.001163
0.001163
0.001164
0.001175
0.001175
0.001175
0.001175
0.001175
0.001175
0.001175
0.001175
0.001183
0.001186
0.001186
0.001190
0.001190
0.001190
0.001190
0.001190
0.001190
0.001190
0.001190
0.001190
0.001190
0.001190
0.001190
0.001190
0.001190
0.001190
0.001190
0.001190
0.001190
0.001190
0.001190
0.001190
0.001198
0.001205
0.001205
0.001205
0.001205
0.001221
0.001221
0.001221
0.001221
0.001221
0.001221
0.001221
0.001221
0.001221
0.001221
0.001221
0.001221
0.001221
0.001221
0.001221
0.001221
0.001221
0.001221
0.001221
0.001221
0.001221
0.001221
0.001221
0.001221
0.001221
0.001221
0.001221
0.001221
0.001221
0.001221
0.001221
0.001221
0.001221
0.001221
0.001221
0.001221
0.001221
0.001221
0.001221
0.001221
0.001221
0.001221
0.001221
0.001221
0.001221
0.001221
0.001221
0.001221
0.001221
0.001221
0.001221
0.001221
0.001221
0.001221
0.001221
0.001221
0.001221
0.001221
0.001221
0.001221
0.001221
0.001221
0.001221
0.001221
0.001221
0.001221
0.001221
0.001221
0.001221
0.001221
0.001221
0.001221
0.001221
0.001221
0.001221
0.001221
0.001221
0.001221
0.001221
0.001221
0.001221
0.001221
0.001221
0.001221
0.001221
0.001221
0.001221
0.001221
0.001221
0.001221
0.001221
0.001221
0.001221
0.001221
0.001221
0.001221
0.001221
0.001221
0.001221
0.001221
0.001221
0.001221
0.001221
0.001221
0.001221
0.001221
0.001221
0.001221
0.001221
0.001221
0.001221
0.001221
0.001221
0.001221
0.001221
0.001221
0.001221
0.001221
0.001221
0.001221
0.001221
0.001221
0.001221
0.001221
0.001221
0.001221
0.001221
0.001221
0.001221
0.001221
0.001221
0.001221
0.001221
0.001221
0.001221
0.001221
0.001221
0.001221
0.001221
0.001221
0.001221
0.001221
0.001221
0.001221
0.001221
0.001221
0.001221
0.001221
0.001221
0.001221
0.001221
0.001221
0.001221
0.001221
0.001221
0.001221
0.001221
0.001221
0.001221
0.001221
0.001221
0.001221
0.001221
0.001221
0.001221
0.001221
0.001221
0.001221
0.001221
0.001221
0.001221
0.001221
0.001221
0.001221
0.001221
0.001221
0.001221
0.001221
0.001221
0.001221
0.001221
0.001221
0.001221
0.001221
0.001221
0.001221
0.001221
0.001221
0.001221
0.001221
0.001221
0.001221
0.001221
0.001221
0.001221
0.001221
0.001221
0.001221
0.001221
0.001221
0.001221
0.001221
0.001221
0.001221
0.001221
0.001221
0.001221
0.001221
0.001221
0.001221
0.001221
0.001221
0.001221
0.001221
0.001221
0.001221
0.001221
0.001221
0.001221
0.001221
0.001221
0.001221
0.001221
0.001221
0.001221
0.001221
0.001221
0.001221
0.001221
0.001221
0.001221
0.001221
0.001221
0.001221
0.001221
0.001221
0.001221
0.001221
0.001221
0.001221
0.001221
0.001221
0.001221
0.001221
0.001221
0.001221
0.001221
0.001221
0.001221
0.001221
0.001221
0.001221
0.001221
0.001221
0.001221
0.001221
0.001221
0.001221
0.001221
0.001221
0.001221
0.001221
0.001221
0.001221
0.001221
0.001221
0.001221
0.001221
0.001221
0.001221
0.001221
0.001221
0.001221
0.001221
0.001221
0.001221
0.001221
0.001221
0.001221
0.001221
0.001221
0.001221
0.001221
0.001221
0.001221
0.001221
0.001221
0.001221
0.001221
0.001221
0.001221
0.001221
0.001221
0.001221
0.001221
0.001221
0.001221
0.001221
0.001221
0.001221
0.001221
0.001221
0.001221
0.001221
0.001221
0.001221
0.001221
0.001221
0.001221
0.001221
0.001221
0.001221
0.001221
0.001221
0.001221
0.001221
0.001221
0.001221
0.001221
0.001221
0.001221
0.001221
0.001221
0.001221
0.001221
0.001221
0.001221
0.001221
0.001221
0.001221
0.001221
0.001221
0.001221
0.001221
0.001221
0.001221
0.001221
0.001221
0.001221
0.001221
0.001221
0.001221
0.001221
0.001221
0.001221
0.001221
0.001221
0.001221
0.001221
0.001221
0.001221
0.001221
0.001221
0.001221
0.001221
0.001221
0.001221
0.001221
0.001221
0.001221
0.001221
0.001221
0.001221
0.001221
0.001221
0.001221
0.001221
0.001221
0.001221
0.001221
0.001221
0.001221
0.001221
0.001221
0.001221
0.001221
0.001221
0.001221
0.001221
0.001221
0.001221
0.001221
0.001221
0.001221
0.001221
0.001221
0.001221
0.001221
0.001221
0.001221
0.001221
0.001221
0.001221
0.001221
0.001221
0.001221
0.001221
0.001221
0.001221
0.001221
0.001221
0.001221
0.001221
0.001221
0.001221
0.001221
0.001221
0.001221
0.001221
0.001221
0.001221
0.001221
0.001221
0.001221
0.001221
0.001221
0.001221
0.001221
0.001221
0.001221
0.001221
0.001221
0.001221
0.001221
0.001221
0.001221
0.001221
0.001221
0.001221
0.001221
0.001221
0.001221
0.001221
0.001221
0.001221
0.001221
0.001221
0.001221
0.001221
0.001221
0.001221
0.001221
0.001221
0.001221
0.001221
0.001221
0.001221
0.001221
0.001221
0.001221
0.001221
0.001221
0.001221
0.001221
0.001221
0.001221
0.001221
0.001221
0.001221
0.001221
0.001221
0.001221
0.001221
0.001221
0.001221
0.001221
0.001221
0.001221
0.001221
0.001221
0.001221
0.001221
0.001221
0.001221
0.001221
0.001221
0.001221
0.001221
0.001221
0.001221
0.001221
0.001221
0.001221
0.001221
0.001221
0.001221
0.001221
0.001221
0.001221
0.001221
0.001221
0.001221
0.001221
0.001221
0.001221
0.001221
0.001221
0.001221
0.001221
0.001221
0.001221
0.001221
0.001221
0.001221
0.001221
0.001221
0.001221
0.001221
0.001221
0.001221
0.001221
0.001221
0.001221
0.001221
0.001221
0.001221
0.001221
0.001221
0.001221
0.001221
0.001221
0.001221
0.001221
0.001221
0.001221
0.001221
0.001221
0.001221
0.001221
0.001221
0.001221
0.001221
0.001221
0.001221
0.001221
0.001221
0.001221
0.001221
0.001221
0.001221
0.001221
0.001221
0.001221
0.001221
0.001221
0.001221
0.001221
0.001221
0.001221
0.001221
0.001221
0.001221
0.001221
0.001221
0.001221
0.001221
0.001221
0.001221
0.001221
0.001221
0.001221
0.001221
0.001221
0.001221
0.001221
0.001221
0.001221
0.001221
0.001221
0.001221
0.001221
0.001221
0.001221
0.001221
0.001221
0.001221
0.001221
0.001221
0.001221
0.001221
0.001221
0.001221
0.001221
0.001221
0.001221
0.001221
0.001221
0.001221
0.001221
0.001221
0.001221
0.001221
0.001221
0.001221
0.001221
0.001221
0.001221
0.001221
0.001221
0.001221
0.001221
0.001221
0.001221
0.001221
0.001221
0.001221
0.001221
0.001221
0.001221
0.001221
0.001221
0.001221
0.001221
0.001221
0.001221
0.001221
0.001221
0.001221
0.001221
0.001221
0.001221
0.001221
0.001221
0.001221
0.001221
0.001221
0.001221
0.001221
0.001221
0.001221
0.001221
0.001221
0.001221
0.001221
0.001221
0.001221
0.001221
0.001221
0.001221
0.001221
0.001221
0.001221
0.001221
0.001221
0.001221
0.001221
0.001221
0.001221
0.001221
0.001221
0.001221
0.001221
0.001221
0.001221
0.001221
0.001221
0.001221
0.001221
0.001221
0.001221
0.001221
0.001221
0.001221
0.001221
0.001221
0.001221
0.001221
0.001221
0.001221
0.001221
0.001221
0.001221
0.001221
0.001221
0.001221
0.001221
0.001221
0.001221
0.001221
0.001221
0.001221
0.001221
0.001221
0.001221
0.001221
0.001221
0.001221
0.001221
0.001221
0.001221
0.001221
0.001221
0.001221
0.001221
0.001221
0.001221
0.001221
0.001221
0.001221
0.001221
0.001221
0.001221
0.001221
0.001221
0.001221
0.001221
0.001221
0.001221
0.001221
0.001221
0.001221
0.001221
0.001221
0.001221
0.001221
0.001221
0.001221
0.001221
0.001221
0.001221
0.001221
0.001221
0.001221
0.001221
0.001221
0.001221
0.001221
0.001221
0.001221
0.001221
0.001221
0.001221
0.001221
0.001221
0.001221
0.001221
0.001221
0.001221
0.001221
0.001221
0.001221
0.001221
0.001221
0.001221
0.001221
0.001221
0.001221
0.001221
0.001221
0.001221
0.001221
0.001221
0.001221
0.001221
0.001221
0.001221
0.001221
0.001221
0.001221
0.001221
0.001221
0.001221
0.001221
0.001221
0.001221
0.001221
0.001221
0.001221
0.001221
0.001221
0.001221
0.001221
0.001221
0.001221
0.001221
0.001221
0.001221
0.001221
0.001221
0.001221
0.001221
0.001221
0.001221
0.001221
0.001221
0.001221
0.001221
0.001221
0.001221
0.001221
0.001221
0.001221
0.001221
0.001221
0.001221
0.001221
0.001221
0.001221
0.001221
0.001221
0.001221
0.001221
0.001221
0.001221
0.001221
0.001221
0.001221
0.001221
0.001221
0.001221
0.001221
0.001221
0.001221
0.001221
0.001221
0.001221
0.001221
0.001221
0.001221
0.001221
0.001221
0.001221
0.001221
0.001221
0.001221
0.001221
0.001221
0.001221
0.001221
0.001221
0.001221
0.001236
0.001236
0.001236
0.001236
0.001236
0.001251
0.001251
0.001251
0.001251
0.001251
0.001251
0.001251
0.001251
0.001251
0.001251
0.001251
0.001263
0.001266
0.001275
0.001282
0.001282
0.001282
0.001282
0.001282
0.001282
0.001282
0.001282
0.001282
0.001282
0.001282
0.001282
0.001282
0.001282
0.001282
0.001282
0.001282
0.001282
0.001282
0.001282
0.001282
0.001282
0.001282
0.001282
0.001282
0.001282
0.001282
0.001282
0.001282
0.001282
0.001282
0.001282
0.001282
0.001282
0.001282
0.001282
0.001282
0.001282
0.001282
0.001282
0.001282
0.001282
0.001293
0.001297
0.001305
0.001312
0.001312
0.001312
0.001312
0.001312
0.001312
0.001312
0.001320
0.001320
0.001328
0.001328
0.001328
0.001328
0.001328
0.001335
0.001343
0.001343
0.001343
0.001343
0.001343
0.001343
0.001343
0.001343
0.001343
0.001343
0.001343
0.001343
0.001343
0.001343
0.001343
0.001343
0.001343
0.001343
0.001343
0.001343
0.001343
0.001343
0.001343
0.001343
0.001343
0.001343
0.001343
0.001343
0.001343
0.001343
0.001343
0.001343
0.001343
0.001343
0.001343
0.001343
0.001343
0.001343
0.001343
0.001343
0.001343
0.001343
0.001343
0.001343
0.001343
0.001343
0.001343
0.001343
0.001343
0.001343
0.001343
0.001343
0.001343
0.001343
0.001343
0.001343
0.001343
0.001343
0.001343
0.001343
0.001343
0.001343
0.001343
0.001343
0.001343
0.001343
0.001343
0.001343
0.001343
0.001343
0.001343
0.001343
0.001343
0.001343
0.001343
0.001343
0.001343
0.001343
0.001343
0.001343
0.001343
0.001343
0.001343
0.001343
0.001343
0.001343
0.001343
0.001343
0.001343
0.001343
0.001343
0.001343
0.001343
0.001343
0.001343
0.001343
0.001343
0.001343
0.001343
0.001343
0.001343
0.001343
0.001343
0.001343
0.001343
0.001343
0.001343
0.001343
0.001343
0.001343
0.001343
0.001343
0.001343
0.001343
0.001343
0.001343
0.001343
0.001343
0.001343
0.001343
0.001343
0.001343
0.001343
0.001343
0.001343
0.001343
0.001343
0.001343
0.001343
0.001343
0.001343
0.001343
0.001343
0.001343
0.001343
0.001343
0.001343
0.001343
0.001343
0.001343
0.001343
0.001343
0.001343
0.001343
0.001343
0.001343
0.001343
0.001343
0.001343
0.001343
0.001343
0.001343
0.001343
0.001343
0.001343
0.001343
0.001343
0.001343
0.001343
0.001343
0.001343
0.001343
0.001343
0.001343
0.001343
0.001343
0.001343
0.001343
0.001343
0.001343
0.001343
0.001343
0.001343
0.001343
0.001343
0.001343
0.001343
0.001343
0.001343
0.001343
0.001343
0.001343
0.001343
0.001343
0.001343
0.001343
0.001343
0.001343
0.001343
0.001343
0.001343
0.001343
0.001343
0.001343
0.001343
0.001343
0.001343
0.001343
0.001343
0.001343
0.001343
0.001343
0.001343
0.001343
0.001343
0.001343
0.001343
0.001343
0.001343
0.001343
0.001343
0.001343
0.001343
0.001343
0.001343
0.001343
0.001343
0.001343
0.001343
0.001343
0.001343
0.001343
0.001343
0.001343
0.001343
0.001343
0.001343
0.001343
0.001343
0.001343
0.001343
0.001343
0.001343
0.001345
0.001350
0.001354
0.001358
0.001358
0.001366
0.001373
0.001373
0.001373
0.001373
0.001373
0.001373
0.001373
0.001373
0.001373
0.001373
0.001373
0.001373
0.001373
0.001373
0.001373
0.001389
0.001389
0.001389
0.001389
0.001404
0.001404
0.001404
0.001404
0.001404
0.001404
0.001404
0.001404
0.001404
0.001404
0.001404
0.001404
0.001404
0.001404
0.001404
0.001404
0.001404
0.001404
0.001404
0.001404
0.001404
0.001404
0.001404
0.001404
0.001404
0.001404
0.001404
0.001404
0.001404
0.001404
0.001404
0.001404
0.001404
0.001404
0.001404
0.001411
0.001419
0.001419
0.001434
0.001434
0.001434
0.001434
0.001434
0.001453
0.001462
0.001465
0.001465
0.001465
0.001465
0.001465
0.001465
0.001465
0.001465
0.001465
0.001465
0.001465
0.001465
0.001465
0.001465
0.001465
0.001465
0.001465
0.001465
0.001465
0.001465
0.001465
0.001465
0.001465
0.001465
0.001465
0.001465
0.001465
0.001465
0.001465
0.001465
0.001465
0.001465
0.001465
0.001465
0.001465
0.001465
0.001465
0.001465
0.001465
0.001465
0.001465
0.001465
0.001465
0.001465
0.001465
0.001465
0.001465
0.001465
0.001465
0.001465
0.001465
0.001465
0.001465
0.001465
0.001465
0.001465
0.001465
0.001465
0.001465
0.001465
0.001465
0.001465
0.001465
0.001465
0.001465
0.001465
0.001465
0.001465
0.001465
0.001465
0.001465
0.001465
0.001465
0.001465
0.001465
0.001465
0.001465
0.001465
0.001465
0.001465
0.001465
0.001465
0.001465
0.001465
0.001465
0.001465
0.001465
0.001465
0.001465
0.001465
0.001465
0.001465
0.001465
0.001465
0.001465
0.001465
0.001465
0.001465
0.001465
0.001465
0.001465
0.001465
0.001465
0.001465
0.001465
0.001465
0.001465
0.001465
0.001465
0.001465
0.001465
0.001465
0.001465
0.001465
0.001465
0.001465
0.001465
0.001465
0.001465
0.001465
0.001465
0.001465
0.001465
0.001465
0.001465
0.001465
0.001465
0.001465
0.001465
0.001465
0.001465
0.001465
0.001465
0.001465
0.001465
0.001465
0.001465
0.001465
0.001465
0.001465
0.001465
0.001465
0.001465
0.001465
0.001465
0.001465
0.001465
0.001465
0.001465
0.001465
0.001465
0.001465
0.001465
0.001465
0.001465
0.001465
0.001465
0.001465
0.001465
0.001465
0.001465
0.001465
0.001465
0.001465
0.001465
0.001465
0.001465
0.001465
0.001465
0.001465
0.001465
0.001465
0.001465
0.001465
0.001465
0.001465
0.001465
0.001465
0.001465
0.001465
0.001465
0.001465
0.001465
0.001465
0.001465
0.001465
0.001465
0.001465
0.001465
0.001465
0.001465
0.001465
0.001465
0.001465
0.001465
0.001465
0.001465
0.001465
0.001465
0.001465
0.001465
0.001465
0.001465
0.001465
0.001465
0.001465
0.001465
0.001465
0.001465
0.001465
0.001465
0.001465
0.001465
0.001465
0.001465
0.001465
0.001465
0.001465
0.001465
0.001465
0.001465
0.001465
0.001465
0.001465
0.001465
0.001465
0.001465
0.001465
0.001465
0.001465
0.001465
0.001465
0.001465
0.001465
0.001465
0.001465
0.001465
0.001465
0.001465
0.001465
0.001465
0.001465
0.001465
0.001465
0.001465
0.001465
0.001465
0.001465
0.001465
0.001465
0.001465
0.001465
0.001465
0.001465
0.001465
0.001465
0.001465
0.001465
0.001465
0.001465
0.001465
0.001465
0.001465
0.001465
0.001465
0.001465
0.001465
0.001465
0.001465
0.001465
0.001465
0.001465
0.001465
0.001465
0.001465
0.001465
0.001465
0.001465
0.001465
0.001465
0.001465
0.001465
0.001465
0.001465
0.001465
0.001465
0.001465
0.001465
0.001465
0.001465
0.001465
0.001465
0.001465
0.001465
0.001465
0.001465
0.001465
0.001465
0.001465
0.001465
0.001465
0.001465
0.001465
0.001465
0.001465
0.001465
0.001465
0.001465
0.001465
0.001465
0.001465
0.001465
0.001465
0.001465
0.001465
0.001465
0.001465
0.001465
0.001465
0.001465
0.001465
0.001465
0.001465
0.001465
0.001465
0.001465
0.001465
0.001465
0.001465
0.001465
0.001465
0.001465
0.001465
0.001465
0.001465
0.001465
0.001465
0.001465
0.001465
0.001465
0.001465
0.001465
0.001465
0.001465
0.001465
0.001465
0.001465
0.001465
0.001465
0.001465
0.001465
0.001465
0.001465
0.001465
0.001465
0.001465
0.001465
0.001465
0.001465
0.001465
0.001465
0.001465
0.001465
0.001465
0.001465
0.001465
0.001465
0.001465
0.001465
0.001465
0.001465
0.001465
0.001465
0.001465
0.001465
0.001465
0.001465
0.001465
0.001465
0.001465
0.001465
0.001465
0.001465
0.001465
0.001465
0.001465
0.001465
0.001465
0.001465
0.001465
0.001465
0.001465
0.001465
0.001465
0.001465
0.001465
0.001465
0.001465
0.001465
0.001465
0.001465
0.001465
0.001465
0.001465
0.001465
0.001465
0.001465
0.001465
0.001465
0.001465
0.001465
0.001465
0.001465
0.001465
0.001465
0.001465
0.001465
0.001465
0.001465
0.001465
0.001465
0.001465
0.001465
0.001465
0.001465
0.001465
0.001465
0.001465
0.001465
0.001465
0.001465
0.001465
0.001465
0.001465
0.001465
0.001465
0.001465
0.001465
0.001465
0.001465
0.001465
0.001465
0.001465
0.001465
0.001465
0.001465
0.001465
0.001465
0.001465
0.001465
0.001465
0.001465
0.001465
0.001465
0.001465
0.001470
0.001472
0.001480
0.001480
0.001480
0.001480
0.001488
0.001495
0.001495
0.001495
0.001495
0.001495
0.001495
0.001495
0.001501
0.001511
0.001526
0.001526
0.001526
0.001526
0.001526
0.001526
0.001526
0.001526
0.001526
0.001526
0.001526
0.001526
0.001526
0.001526
0.001526
0.001526
0.001526
0.001526
0.001526
0.001526
0.001526
0.001526
0.001526
0.001526
0.001526
0.001526
0.001526
0.001526
0.001526
0.001526
0.001526
0.001526
0.001526
0.001526
0.001526
0.001526
0.001526
0.001526
0.001526
0.001526
0.001526
0.001541
0.001556
0.001556
0.001556
0.001556
0.001556
0.001556
0.001556
0.001587
0.001587
0.001587
0.001587
0.001587
0.001587
0.001587
0.001587
0.001587
0.001587
0.001587
0.001587
0.001587
0.001587
0.001587
0.001587
0.001587
0.001587
0.001587
0.001587
0.001587
0.001587
0.001587
0.001587
0.001587
0.001587
0.001587
0.001587
0.001587
0.001587
0.001587
0.001587
0.001587
0.001587
0.001587
0.001587
0.001587
0.001587
0.001587
0.001587
0.001587
0.001587
0.001587
0.001587
0.001587
0.001587
0.001587
0.001587
0.001587
0.001587
0.001587
0.001587
0.001587
0.001587
0.001587
0.001587
0.001587
0.001587
0.001587
0.001587
0.001587
0.001587
0.001587
0.001587
0.001587
0.001587
0.001587
0.001587
0.001587
0.001587
0.001587
0.001587
0.001587
0.001587
0.001587
0.001587
0.001587
0.001587
0.001587
0.001587
0.001587
0.001587
0.001587
0.001587
0.001587
0.001587
0.001587
0.001587
0.001602
0.001610
0.001617
0.001617
0.001617
0.001617
0.001619
0.001625
0.001633
0.001640
0.001642
0.001648
0.001648
0.001648
0.001648
0.001648
0.001648
0.001648
0.001648
0.001648
0.001648
0.001648
0.001648
0.001648
0.001648
0.001648
0.001648
0.001648
0.001648
0.001648
0.001648
0.001648
0.001648
0.001648
0.001648
0.001648
0.001678
0.001678
0.001678
0.001678
0.001678
0.001678
0.001678
0.001678
0.001694
0.001709
0.001709
0.001709
0.001709
0.001709
0.001709
0.001709
0.001709
0.001709
0.001709
0.001709
0.001709
0.001709
0.001709
0.001709
0.001709
0.001709
0.001709
0.001709
0.001709
0.001709
0.001709
0.001709
0.001709
0.001709
0.001709
0.001709
0.001709
0.001709
0.001709
0.001709
0.001709
0.001709
0.001709
0.001709
0.001709
0.001709
0.001709
0.001709
0.001709
0.001709
0.001709
0.001709
0.001709
0.001709
0.001709
0.001709
0.001709
0.001709
0.001709
0.001709
0.001709
0.001709
0.001709
0.001709
0.001709
0.001709
0.001709
0.001709
0.001709
0.001709
0.001709
0.001709
0.001709
0.001709
0.001709
0.001709
0.001709
0.001709
0.001709
0.001709
0.001709
0.001709
0.001709
0.001709
0.001709
0.001709
0.001709
0.001709
0.001709
0.001709
0.001709
0.001709
0.001709
0.001709
0.001709
0.001709
0.001709
0.001709
0.001709
0.001709
0.001709
0.001709
0.001709
0.001709
0.001709
0.001709
0.001709
0.001709
0.001709
0.001709
0.001709
0.001709
0.001709
0.001709
0.001709
0.001709
0.001709
0.001709
0.001709
0.001709
0.001709
0.001709
0.001709
0.001709
0.001709
0.001709
0.001709
0.001709
0.001709
0.001709
0.001709
0.001709
0.001709
0.001709
0.001709
0.001709
0.001709
0.001709
0.001709
0.001709
0.001709
0.001709
0.001709
0.001709
0.001709
0.001709
0.001709
0.001709
0.001709
0.001709
0.001709
0.001709
0.001709
0.001709
0.001709
0.001709
0.001709
0.001709
0.001709
0.001709
0.001709
0.001709
0.001709
0.001709
0.001709
0.001709
0.001709
0.001709
0.001709
0.001709
0.001709
0.001709
0.001709
0.001709
0.001709
0.001709
0.001709
0.001709
0.001709
0.001709
0.001709
0.001709
0.001709
0.001709
0.001709
0.001709
0.001709
0.001709
0.001709
0.001709
0.001709
0.001709
0.001709
0.001709
0.001709
0.001709
0.001709
0.001709
0.001709
0.001709
0.001709
0.001709
0.001709
0.001709
0.001709
0.001709
0.001709
0.001709
0.001709
0.001709
0.001709
0.001709
0.001709
0.001709
0.001709
0.001709
0.001709
0.001709
0.001709
0.001709
0.001709
0.001709
0.001709
0.001709
0.001709
0.001709
0.001709
0.001709
0.001709
0.001709
0.001709
0.001709
0.001709
0.001709
0.001709
0.001709
0.001709
0.001709
0.001709
0.001709
0.001709
0.001709
0.001709
0.001709
0.001709
0.001709
0.001709
0.001709
0.001709
0.001709
0.001709
0.001709
0.001709
0.001709
0.001709
0.001709
0.001709
0.001709
0.001709
0.001709
0.001709
0.001709
0.001709
0.001709
0.001709
0.001709
0.001709
0.001709
0.001709
0.001709
0.001709
0.001709
0.001709
0.001709
0.001709
0.001709
0.001709
0.001709
0.001709
0.001709
0.001709
0.001715
0.001724
0.001724
0.001732
0.001740
0.001745
0.001770
0.001770
0.001770
0.001770
0.001770
0.001770
0.001770
0.001770
0.001770
0.001770
0.001785
0.001801
0.001801
0.001801
0.001801
0.001816
0.001816
0.001816
0.001831
0.001831
0.001831
0.001831
0.001831
0.001831
0.001831
0.001831
0.001831
0.001831
0.001831
0.001831
0.001831
0.001831
0.001831
0.001831
0.001831
0.001831
0.001831
0.001831
0.001831
0.001831
0.001831
0.001831
0.001831
0.001831
0.001831
0.001831
0.001831
0.001831
0.001831
0.001831
0.001831
0.001831
0.001831
0.001831
0.001831
0.001831
0.001831
0.001831
0.001831
0.001831
0.001831
0.001831
0.001831
0.001831
0.001831
0.001862
0.001862
0.001892
0.001892
0.001892
0.001892
0.001892
0.001892
0.001892
0.001892
0.001892
0.001892
0.001892
0.001915
0.001934
0.001951
0.001953
0.001953
0.001953
0.001953
0.001953
0.001953
0.001953
0.001953
0.001953
0.001953
0.001953
0.001953
0.001953
0.001953
0.001953
0.001953
0.001953
0.001953
0.001953
0.001953
0.001953
0.001953
0.001953
0.001953
0.001953
0.001953
0.001953
0.001953
0.001953
0.001953
0.001953
0.001953
0.001953
0.001953
0.001953
0.001953
0.001953
0.001953
0.001953
0.001953
0.001953
0.001953
0.001953
0.001953
0.001953
0.001953
0.001953
0.001953
0.001953
0.001953
0.001953
0.001953
0.001953
0.001953
0.001953
0.001953
0.001953
0.001953
0.001953
0.001953
0.001953
0.001953
0.001953
0.001953
0.001953
0.001953
0.001953
0.001953
0.001953
0.001953
0.001953
0.001953
0.001953
0.001953
0.001953
0.001953
0.001953
0.001953
0.001953
0.001953
0.001953
0.001953
0.001953
0.001953
0.001984
0.002014
0.002014
0.002014
0.002014
0.002014
0.002014
0.002014
0.002029
0.002060
0.002075
0.002075
0.002075
0.002075
0.002075
0.002075
0.002075
0.002075
0.002075
0.002075
0.002075
0.002075
0.002075
0.002075
0.002075
0.002075
0.002075
0.002075
0.002075
0.002106
0.002136
0.002136
0.002136
0.002136
0.002136
0.002136
0.002182
0.002197
0.002197
0.002197
0.002197
0.002197
0.002197
0.002197
0.002197
0.002197
0.002197
0.002197
0.002197
0.002197
0.002197
0.002197
0.002197
0.002197
0.002197
0.002197
0.002197
0.002197
0.002197
0.002197
0.002197
0.002197
0.002197
0.002197
0.002197
0.002197
0.002197
0.002197
0.002205
0.002228
0.002228
0.002258
0.002258
0.002289
0.002319
0.002319
0.002319
0.002319
0.002319
0.002319
0.002319
0.002319
0.002319
0.002350
0.002380
0.002396
0.002401
0.002441
0.002441
0.002441
0.002441
0.002441
0.002441
0.002441
0.002441
0.002441
0.002441
0.002441
0.002441
0.002441
0.002441
0.002441
0.002441
0.002441
0.002441
0.002441
0.002441
0.002441
0.002441
0.002441
0.002441
0.002441
0.002441
0.002441
0.002441
0.002441
0.002441
0.002487
0.002502
0.002502
0.002502
0.002533
0.002533
0.002563
0.002563
0.002563
0.002563
0.002563
0.002563
0.002563
0.002625
0.002655
0.002655
0.002686
0.002686
0.002686
0.002686
0.002686
0.002686
0.002686
0.002686
0.002686
0.002686
0.002686
0.002686
0.002686
0.002686
0.002686
0.002686
0.002686
0.002686
0.002686
0.002686
0.002686
0.002686
0.002686
0.002686
0.002686
0.002686
0.002686
0.002686
0.002686
0.002686
0.002686
0.002686
0.002686
0.002699
0.002731
0.002747
0.002747
0.002747
0.002747
0.002747
0.002747
0.002747
0.002808
0.002808
0.002808
0.002846
0.002869
0.002869
0.002914
0.002930
0.002930
0.002930
0.002930
0.002930
0.002930
0.002930
0.002930
0.002930
0.002930
0.002930
0.002930
0.002930
0.002930
0.002930
0.002930
0.002930
0.002930
0.002930
0.002930
0.002930
0.002930
0.002930
0.002930
0.002991
0.003021
0.003052
0.003052
0.003052
0.003052
0.003113
0.003166
0.003174
0.003174
0.003174
0.003174
0.003174
0.003174
0.003174
0.003174
0.003174
0.003174
0.003174
0.003174
0.003174
0.003174
0.003174
0.003174
0.003174
0.003174
0.003174
0.003174
0.003174
0.003174
0.003174
0.003174
0.003174
0.003174
0.003174
0.003174
0.003174
0.003174
0.003174
0.003250
0.003296
0.003296
0.003296
0.003296
0.003296
0.003296
0.003357
0.003357
0.003357
0.003387
0.003418
0.003418
0.003418
0.003418
0.003418
0.003418
0.003418
0.003418
0.003418
0.003418
0.003418
0.003418
0.003418
0.003418
0.003418
0.003418
0.003418
0.003418
0.003479
0.003494
0.003540
0.003540
0.003540
0.003540
0.003540
0.003540
0.003540
0.003540
0.003540
0.003632
0.003662
0.003662
0.003662
0.003662
0.003662
0.003662
0.003662
0.003662
0.003662
0.003662
0.003662
0.003662
0.003662
0.003662
0.003662
0.003662
0.003662
0.003662
0.003662
0.003662
0.003662
0.003662
0.003662
0.003662
0.003662
0.003693
0.003784
0.003784
0.003784
0.003784
0.003784
0.003792
0.003815
0.003815
0.003845
0.003845
0.003860
0.003906
0.003906
0.003906
0.003906
0.003906
0.003906
0.003906
0.003906
0.003906
0.003906
0.003906
0.003906
0.003906
0.003906
0.003906
0.003906
0.003906
0.003906
0.003906
0.003906
0.003906
0.003906
0.003906
0.003922
0.003937
0.003967
0.003967
0.003998
0.003998
0.004028
0.004089
0.004089
0.004150
0.004150
0.004150
0.004150
0.004150
0.004150
0.004150
0.004150
0.004150
0.004150
0.004150
0.004150
0.004150
0.004150
0.004150
0.004150
0.004150
0.004150
0.004150
0.004150
0.004150
0.004150
0.004150
0.004238
0.004272
0.004272
0.004272
0.004272
0.004272
0.004272
0.004272
0.004272
0.004272
0.004333
0.004333
0.004395
0.004395
0.004395
0.004395
0.004395
0.004395
0.004395
0.004395
0.004395
0.004395
0.004395
0.004395
0.004395
0.004395
0.004395
0.004395
0.004395
0.004395
0.004395
0.004395
0.004395
0.004395
0.004395
0.004456
0.004456
0.004517
0.004517
0.004517
0.004517
0.004517
0.004547
0.004578
0.004578
0.004578
0.004639
0.004639
0.004639
0.004639
0.004639
0.004639
0.004639
0.004639
0.004639
0.004639
0.004639
0.004639
0.004639
0.004639
0.004639
0.004639
0.004639
0.004639
0.004639
0.004639
0.004639
0.004639
0.004639
0.004639
0.004639
0.004639
0.004639
0.004639
0.004654
0.004684
0.004700
0.004700
0.004723
0.004723
0.004761
0.004761
0.004761
0.004761
0.004761
0.004761
0.004761
0.004761
0.004761
0.004761
0.004784
0.004822
0.004868
0.004883
0.004883
0.004883
0.004883
0.004883
0.004883
0.004883
0.004883
0.004883
0.004883
0.004883
0.004999
0.005005
0.005005
0.005005
0.005005
0.005005
0.005020
0.005066
0.005066
0.005066
0.005066
0.005066
0.005127
0.005127
0.005127
0.005127
0.005127
0.005127
0.005127
0.005127
0.005127
0.005127
0.005127
0.005127
0.005127
0.005127
0.005127
0.005127
0.005127
0.005127
0.005127
0.005127
0.005158
0.005249
0.005249
0.005249
0.005249
0.005249
0.005249
0.005249
0.005249
0.005280
0.005341
0.005341
0.005356
0.005371
0.005371
0.005371
0.005371
0.005371
0.005371
0.005371
0.005371
0.005371
0.005371
0.005371
0.005371
0.005371
0.005371
0.005371
0.005371
0.005371
0.005371
0.005371
0.005371
0.005371
0.005371
0.005371
0.005371
0.005371
0.005371
0.005371
0.005371
0.005402
0.005402
0.005478
0.005493
0.005493
0.005493
0.005493
0.005493
0.005493
0.005493
0.005493
0.005508
0.005554
0.005554
0.005554
0.005554
0.005554
0.005615
0.005615
0.005615
0.005615
0.005615
0.005615
0.005615
0.005615
0.005615
0.005615
0.005615
0.005615
0.005615
0.005615
0.005615
0.005615
0.005615
0.005615
0.005615
0.005615
0.005646
0.005661
0.005676
0.005676
0.005692
0.005707
0.005707
0.005737
0.005737
0.005737
0.005737
0.005737
0.005737
0.005737
0.005737
0.005737
0.005783
0.005798
0.005814
0.005859
0.005859
0.005859
0.005859
0.005859
0.005859
0.005859
0.005859
0.005859
0.005859
0.005859
0.005859
0.005859
0.005859
0.005859
0.005859
0.005859
0.005859
0.005859
0.005859
0.005859
0.005859
0.005859
0.005859
0.005859
0.005859
0.005859
0.005890
0.005981
0.005981
0.005981
0.005981
0.005981
0.005981
0.006012
0.006042
0.006042
0.006042
0.006042
0.006073
0.006073
0.006081
0.006104
0.006104
0.006104
0.006104
0.006104
0.006104
0.006104
0.006104
0.006104
0.006104
0.006104
0.006104
0.006134
0.006165
0.006226
0.006226
0.006287
0.006287
0.006317
0.006348
0.006348
0.006348
0.006348
0.006348
0.006348
0.006348
0.006348
0.006348
0.006348
0.006348
0.006348
0.006348
0.006348
0.006348
0.006348
0.006348
0.006348
0.006348
0.006348
0.006348
0.006348
0.006348
0.006348
0.006348
0.006386
0.006409
0.006419
0.006432
0.006439
0.006439
0.006470
0.006470
0.006470
0.006470
0.006470
0.006470
0.006470
0.006470
0.006552
0.006592
0.006592
0.006592
0.006592
0.006592
0.006592
0.006592
0.006592
0.006592
0.006592
0.006592
0.006592
0.006592
0.006592
0.006592
0.006592
0.006592
0.006592
0.006592
0.006592
0.006592
0.006622
0.006622
0.006714
0.006714
0.006714
0.006714
0.006714
0.006714
0.006714
0.006714
0.006775
0.006836
0.006836
0.006836
0.006836
0.006836
0.006836
0.006836
0.006836
0.006836
0.006836
0.006836
0.006836
0.006836
0.006836
0.006836
0.006836
0.006836
0.006836
0.006836
0.006836
0.006836
0.006836
0.006836
0.006836
0.006836
0.006836
0.006836
0.006836
0.006836
0.006836
0.006897
0.006927
0.006927
0.006927
0.006958
0.006958
0.006958
0.006958
0.006958
0.006958
0.006973
0.007027
0.007050
0.007057
0.007080
0.007080
0.007080
0.007080
0.007080
0.007080
0.007080
0.007080
0.007080
0.007080
0.007080
0.007080
0.007080
0.007080
0.007080
0.007080
0.007080
0.007080
0.007080
0.007141
0.007141
0.007141
0.007202
0.007202
0.007202
0.007202
0.007202
0.007202
0.007202
0.007202
0.007324
0.007324
0.007324
0.007324
0.007324
0.007324
0.007324
0.007324
0.007324
0.007324
0.007324
0.007324
0.007324
0.007324
0.007324
0.007324
0.007324
0.007324
0.007324
0.007324
0.007324
0.007324
0.007324
0.007324
0.007324
0.007385
0.007446
0.007446
0.007446
0.007446
0.007496
0.007507
0.007507
0.007507
0.007568
0.007568
0.007568
0.007568
0.007568
0.007568
0.007568
0.007568
0.007568
0.007568
0.007568
0.007568
0.007568
0.007568
0.007568
0.007568
0.007568
0.007568
0.007568
0.007568
0.007568
0.007568
0.007690
0.007690
0.007690
0.007690
0.007751
0.007751
0.007767
0.007812
0.007812
0.007812
0.007812
0.007812
0.007812
0.007812
0.007812
0.007812
0.007812
0.007812
0.007812
0.007812
0.007812
0.007812
0.007828
0.007828
0.007843
0.007935
0.007935
0.007935
0.007935
0.007996
0.008026
0.008057
0.008057
0.008057
0.008057
0.008057
0.008057
0.008057
0.008057
0.008057
0.008057
0.008057
0.008057
0.008057
0.008057
0.008057
0.008057
0.008057
0.008057
0.008057
0.008057
0.008057
0.008057
0.008057
0.008110
0.008118
0.008133
0.008148
0.008163
0.008165
0.008179
0.008179
0.008179
0.008179
0.008186
0.008209
0.008209
0.008301
0.008301
0.008301
0.008301
0.008301
0.008301
0.008301
0.008301
0.008301
0.008301
0.008301
0.008301
0.008301
0.008301
0.008301
0.008301
0.008301
0.008301
0.008301
0.008301
0.008301
0.008301
0.008301
0.008316
0.008331
0.008348
0.008362
0.008362
0.008362
0.008423
0.008423
0.008423
0.008423
0.008423
0.008423
0.008423
0.008423
0.008423
0.008423
0.008484
0.008484
0.008484
0.008484
0.008545
0.008545
0.008545
0.008545
0.008545
0.008545
0.008545
0.008545
0.008545
0.008545
0.008545
0.008545
0.008545
0.008545
0.008545
0.008545
0.008545
0.008545
0.008545
0.008583
0.008621
0.008644
0.008667
0.008667
0.008667
0.008667
0.008667
0.008667
0.008667
0.008667
0.008713
0.008728
0.008732
0.008789
0.008789
0.008789
0.008789
0.008789
0.008789
0.008789
0.008789
0.008789
0.008789
0.008789
0.008789
0.008789
0.008789
0.008789
0.008820
0.008850
0.008850
0.008881
0.008911
0.008911
0.008911
0.008911
0.008911
0.008911
0.008972
0.008972
0.008972
0.009003
0.009018
0.009033
0.009033
0.009033
0.009033
0.009033
0.009033
0.009033
0.009033
0.009033
0.009033
0.009033
0.009033
0.009033
0.009033
0.009033
0.009033
0.009033
0.009033
0.009033
0.009033
0.009064
0.009125
0.009155
0.009155
0.009247
0.009247
0.009277
0.009277
0.009277
0.009277
0.009277
0.009277
0.009277
0.009277
0.009277
0.009277
0.009277
0.009277
0.009277
0.009277
0.009277
0.009277
0.009277
0.009277
0.009277
0.009277
0.009277
0.009332
0.009338
0.009338
0.009399
0.009399
0.009399
0.009399
0.009399
0.009399
0.009460
0.009521
0.009521
0.009521
0.009521
0.009521
0.009521
0.009521
0.009521
0.009521
0.009521
0.009521
0.009521
0.009521
0.009521
0.009521
0.009529
0.009537
0.009613
0.009613
0.009644
0.009644
0.009644
0.009705
0.009705
0.009766
0.009766
0.009766
0.009766
0.009766
0.009766
0.009766
0.009766
0.009766
0.009766
0.009766
0.009766
0.009766
0.009766
0.009766
0.009766
0.009827
0.009834
0.009888
0.009888
0.009888
0.009949
0.009979
0.010010
0.010010
0.010010
0.010010
0.010010
0.010010
0.010010
0.010071
0.010071
0.010132
0.010134
0.010254
0.010254
0.010254
0.010254
0.010254
0.010254
0.010254
0.010254
0.010254
0.010254
0.010254
0.010254
0.010254
0.010315
0.010315
0.010315
0.010376
0.010376
0.010376
0.010376
0.010376
0.010437
0.010437
0.010437
0.010498
0.010498
0.010498
0.010498
0.010498
0.010498
0.010498
0.010498
0.010498
0.010498
0.010513
0.010559
0.010559
0.010620
0.010620
0.010620
0.010620
0.010620
0.010620
0.010681
0.010681
0.010681
0.010742
0.010742
0.010742
0.010742
0.010742
0.010803
0.010834
0.010841
0.010864
0.010864
0.010864
0.010864
0.010864
0.010925
0.010986
0.010986
0.010986
0.010986
0.010986
0.010986
0.010986
0.010986
0.010986
0.010986
0.011047
0.011108
0.011108
0.011108
0.011108
0.011139
0.011169
0.011169
0.011230
0.011230
0.011230
0.011230
0.011230
0.011230
0.011230
0.011230
0.011230
0.011230
0.011230
0.011230
0.011230
0.011230
0.011337
0.011353
0.011353
0.011353
0.011353
0.011368
0.011414
0.011414
0.011475
0.011475
0.011475
0.011475
0.011475
0.011475
0.011475
0.011475
0.011475
0.011475
0.011536
0.011597
0.011597
0.011597
0.011719
0.011719
0.011719
0.011719
0.011841
0.011841
0.011902
0.011902
0.011963
0.011963
0.011963
0.011963
0.011963
0.011963
0.011963
0.011963
0.011963
0.012085
0.012085
0.012207
0.012207
0.012207
0.012207
0.012207
0.012691
0.012695
0.012695
0.012756
0.012817
0.012939
0.012939
0.012939
0.013184
0.013184
0.013184
0.013184
0.013428
0.013428
0.013550
0.013672
0.013672
0.013672
0.013794
0.013916
0.013916
0.014091
0.014099
0.014160
0.014160
0.014282
0.014343
0.014404
0.014404
0.014404
0.014648
0.014648
0.014648
0.014648
0.014771
0.014893
0.014893
0.014923
0.015137
0.015137
0.015137
0.015198
0.015381
0.016113
0.016113
0.016357
0.016403
0.016602
0.016602
0.016632
0.017090
0.017090
0.017822
0.017944
0.018066
0.018311
0.018311
0.018555
0.018555
0.018799
0.018799
0.018799
0.019043
0.019043
0.019836
0.020386
0.020508
0.020996
0.021118
0.021547
0.022461
0.025085
0.027588
0.030396
0.037598
