0.00122
0.00137
0.00146
0.00146
0.00160
0.00171
0.00171
0.00171
0.00171
0.00183
0.00183
0.00191
0.00195
0.00195
0.00195
0.00195
0.00195
0.00201
0.00208
0.00208
0.00220
0.00220
0.00220
0.00220
0.00220
0.00220
0.00226
0.00226
0.00232
0.00232
0.00232
0.00232
0.00238
0.00238
0.00241
0.00241
0.00244
0.00244
0.00244
0.00244
0.00244
0.00244
0.00244
0.00244
0.00244
0.00244
0.00244
0.00244
0.00244
0.00244
0.00244
0.00244
0.00246
0.00254
0.00256
0.00256
0.00256
0.00256
0.00256
0.00261
0.00262
0.00269
0.00269
0.00269
0.00269
0.00269
0.00269
0.00269
0.00269
0.00273
0.00275
0.00275
0.00275
0.00280
0.00281
0.00281
0.00281
0.00281
0.00281
0.00285
0.00287
0.00287
0.00293
0.00293
0.00293
0.00293
0.00293
0.00293
0.00293
0.00293
0.00299
0.00305
0.00305
0.00305
0.00317
0.00317
0.00317
0.00317
0.00317
0.00317
0.00317
0.00317
0.00317
0.00317
0.00317
0.00317
0.00317
0.00320
0.00320
0.00322
0.00323
0.00323
0.00330
0.00330
0.00330
0.00330
0.00330
0.00330
0.00332
0.00333
0.00342
0.00342
0.00342
0.00342
0.00342
0.00342
0.00342
0.00342
0.00342
0.00342
0.00342
0.00342
0.00342
0.00342
0.00342
0.00342
0.00342
0.00342
0.00348
0.00354
0.00354
0.00354
0.00354
0.00366
0.00366
0.00366
0.00366
0.00366
0.00366
0.00366
0.00366
0.00366
0.00366
0.00366
0.00369
0.00378
0.00378
0.00378
0.00378
0.00385
0.00385
0.00391
0.00391
0.00391
0.00391
0.00391
0.00391
0.00391
0.00391
0.00391
0.00391
0.00391
0.00391
0.00391
0.00395
0.00397
0.00399
0.00403
0.00403
0.00403
0.00403
0.00403
0.00403
0.00415
0.00415
0.00415
0.00415
0.00415
0.00415
0.00415
0.00421
0.00427
0.00427
0.00439
0.00439
0.00439
0.00439
0.00439
0.00439
0.00439
0.00439
0.00439
0.00439
0.00439
0.00446
0.00446
0.00449
0.00452
0.00452
0.00452
0.00452
0.00452
0.00452
0.00452
0.00452
0.00457
0.00458
0.00463
0.00464
0.00464
0.00464
0.00464
0.00464
0.00464
0.00464
0.00464
0.00464
0.00464
0.00464
0.00464
0.00464
0.00464
0.00464
0.00464
0.00464
0.00467
0.00470
0.00470
0.00471
0.00476
0.00476
0.00476
0.00476
0.00479
0.00479
0.00482
0.00482
0.00485
0.00488
0.00488
0.00488
0.00488
0.00488
0.00488
0.00488
0.00488
0.00488
0.00488
0.00488
0.00494
0.00500
0.00500
0.00500
0.00513
0.00513
0.00513
0.00513
0.00513
0.00513
0.00513
0.00513
0.00513
0.00513
0.00513
0.00513
0.00513
0.00513
0.00513
0.00513
0.00525
0.00525
0.00525
0.00525
0.00529
0.00531
0.00537
0.00537
0.00537
0.00537
0.00537
0.00537
0.00537
0.00537
0.00537
0.00537
0.00537
0.00537
0.00537
0.00537
0.00543
0.00549
0.00549
0.00562
0.00562
0.00562
0.00562
0.00562
0.00562
0.00562
0.00562
0.00562
0.00562
0.00562
0.00562
0.00562
0.00562
0.00568
0.00571
0.00574
0.00574
0.00574
0.00578
0.00580
0.00583
0.00586
0.00586
0.00586
0.00586
0.00587
0.00589
0.00598
0.00601
0.00605
0.00606
0.00610
0.00610
0.00610
0.00610
0.00610
0.00610
0.00610
0.00610
0.00610
0.00610
0.00610
0.00610
0.00610
0.00615
0.00621
0.00623
0.00623
0.00623
0.00629
0.00629
0.00630
0.00635
0.00635
0.00635
0.00635
0.00635
0.00635
0.00635
0.00635
0.00635
0.00644
0.00647
0.00647
0.00647
0.00648
0.00653
0.00653
0.00659
0.00659
0.00659
0.00659
0.00659
0.00659
0.00659
0.00659
0.00659
0.00665
0.00671
0.00671
0.00684
0.00684
0.00684
0.00684
0.00684
0.00684
0.00684
0.00684
0.00684
0.00684
0.00684
0.00684
0.00684
0.00684
0.00684
0.00684
0.00684
0.00684
0.00684
0.00684
0.00684
0.00684
0.00690
0.00696
0.00696
0.00696
0.00708
0.00708
0.00708
0.00708
0.00708
0.00708
0.00708
0.00708
0.00708
0.00708
0.00708
0.00708
0.00708
0.00708
0.00711
0.00714
0.00720
0.00720
0.00720
0.00725
0.00726
0.00730
0.00732
0.00732
0.00732
0.00732
0.00732
0.00732
0.00732
0.00732
0.00732
0.00732
0.00732
0.00732
0.00732
0.00732
0.00745
0.00745
0.00751
0.00757
0.00757
0.00757
0.00757
0.00757
0.00757
0.00757
0.00757
0.00761
0.00763
0.00768
0.00769
0.00769
0.00781
0.00781
0.00781
0.00781
0.00781
0.00781
0.00781
0.00781
0.00781
0.00781
0.00781
0.00781
0.00781
0.00781
0.00781
0.00781
0.00781
0.00781
0.00787
0.00793
0.00796
0.00800
0.00806
0.00806
0.00806
0.00806
0.00806
0.00806
0.00806
0.00806
0.00806
0.00806
0.00806
0.00806
0.00806
0.00806
0.00806
0.00806
0.00809
0.00818
0.00830
0.00830
0.00830
0.00830
0.00830
0.00830
0.00830
0.00830
0.00830
0.00830
0.00830
0.00830
0.00830
0.00830
0.00830
0.00830
0.00830
0.00830
0.00839
0.00842
0.00842
0.00842
0.00842
0.00845
0.00850
0.00854
0.00854
0.00854
0.00854
0.00854
0.00854
0.00854
0.00854
0.00854
0.00854
0.00854
0.00854
0.00854
0.00854
0.00854
0.00861
0.00867
0.00867
0.00873
0.00873
0.00873
0.00876
0.00879
0.00879
0.00879
0.00879
0.00879
0.00879
0.00879
0.00879
0.00890
0.00891
0.00891
0.00891
0.00897
0.00897
0.00900
0.00902
0.00902
0.00903
0.00903
0.00903
0.00903
0.00903
0.00903
0.00903
0.00903
0.00903
0.00903
0.00903
0.00903
0.00903
0.00903
0.00903
0.00903
0.00903
0.00903
0.00916
0.00916
0.00916
0.00916
0.00916
0.00916
0.00916
0.00919
0.00927
0.00928
0.00928
0.00928
0.00928
0.00928
0.00928
0.00928
0.00928
0.00928
0.00928
0.00928
0.00928
0.00928
0.00931
0.00938
0.00940
0.00940
0.00940
0.00940
0.00940
0.00945
0.00946
0.00949
0.00952
0.00952
0.00952
0.00952
0.00952
0.00952
0.00952
0.00952
0.00952
0.00952
0.00952
0.00952
0.00952
0.00952
0.00958
0.00958
0.00963
0.00964
0.00964
0.00964
0.00970
0.00977
0.00977
0.00977
0.00977
0.00977
0.00977
0.00977
0.00977
0.00977
0.00977
0.00977
0.00977
0.00977
0.00977
0.00977
0.00977
0.00977
0.00977
0.00977
0.00977
0.00989
0.00995
0.01001
0.01001
0.01001
0.01001
0.01001
0.01001
0.01001
0.01001
0.01001
0.01001
0.01001
0.01001
0.01001
0.01001
0.01001
0.01001
0.01001
0.01003
0.01007
0.01013
0.01013
0.01013
0.01019
0.01025
0.01025
0.01025
0.01025
0.01025
0.01025
0.01025
0.01025
0.01025
0.01025
0.01025
0.01025
0.01025
0.01025
0.01025
0.01025
0.01025
0.01025
0.01025
0.01025
0.01025
0.01025
0.01025
0.01025
0.01035
0.01038
0.01038
0.01038
0.01038
0.01038
0.01044
0.01044
0.01050
0.01050
0.01050
0.01050
0.01050
0.01050
0.01050
0.01050
0.01050
0.01050
0.01050
0.01050
0.01056
0.01056
0.01062
0.01062
0.01065
0.01067
0.01073
0.01074
0.01074
0.01074
0.01074
0.01074
0.01074
0.01074
0.01074
0.01074
0.01074
0.01077
0.01086
0.01086
0.01086
0.01086
0.01091
0.01099
0.01099
0.01099
0.01099
0.01099
0.01099
0.01099
0.01099
0.01099
0.01099
0.01099
0.01099
0.01102
0.01106
0.01111
0.01111
0.01111
0.01111
0.01111
0.01114
0.01117
0.01120
0.01123
0.01123
0.01123
0.01123
0.01123
0.01123
0.01123
0.01123
0.01123
0.01123
0.01135
0.01135
0.01135
0.01135
0.01135
0.01141
0.01141
0.01144
0.01147
0.01147
0.01147
0.01147
0.01147
0.01147
0.01147
0.01147
0.01147
0.01147
0.01147
0.01147
0.01147
0.01147
0.01149
0.01160
0.01160
0.01160
0.01172
0.01172
0.01172
0.01172
0.01172
0.01172
0.01172
0.01172
0.01175
0.01178
0.01184
0.01184
0.01184
0.01190
0.01190
0.01193
0.01196
0.01196
0.01196
0.01196
0.01196
0.01196
0.01196
0.01196
0.01196
0.01208
0.01208
0.01208
0.01215
0.01215
0.01221
0.01221
0.01221
0.01221
0.01221
0.01221
0.01221
0.01221
0.01221
0.01221
0.01221
0.01221
0.01221
0.01221
0.01221
0.01221
0.01221
0.01221
0.01227
0.01227
0.01231
0.01233
0.01233
0.01233
0.01233
0.01233
0.01242
0.01245
0.01245
0.01245
0.01245
0.01245
0.01245
0.01245
0.01245
0.01245
0.01245
0.01245
0.01245
0.01245
0.01245
0.01245
0.01245
0.01245
0.01245
0.01245
0.01245
0.01257
0.01257
0.01257
0.01257
0.01260
0.01263
0.01269
0.01270
0.01270
0.01270
0.01270
0.01270
0.01270
0.01270
0.01270
0.01270
0.01270
0.01270
0.01270
0.01280
0.01282
0.01282
0.01282
0.01282
0.01282
0.01286
0.01288
0.01294
0.01294
0.01294
0.01294
0.01294
0.01294
0.01294
0.01294
0.01294
0.01294
0.01294
0.01294
0.01294
0.01294
0.01294
0.01300
0.01300
0.01306
0.01306
0.01306
0.01306
0.01306
0.01306
0.01309
0.01312
0.01315
0.01318
0.01318
0.01318
0.01318
0.01318
0.01318
0.01318
0.01318
0.01318
0.01318
0.01318
0.01318
0.01318
0.01318
0.01318
0.01318
0.01318
0.01318
0.01318
0.01323
0.01324
0.01324
0.01327
0.01331
0.01331
0.01331
0.01331
0.01334
0.01335
0.01341
0.01343
0.01343
0.01343
0.01343
0.01343
0.01343
0.01343
0.01343
0.01343
0.01343
0.01343
0.01343
0.01343
0.01343
0.01343
0.01343
0.01349
0.01355
0.01355
0.01355
0.01361
0.01361
0.01367
0.01367
0.01367
0.01367
0.01367
0.01367
0.01367
0.01367
0.01367
0.01367
0.01367
0.01367
0.01367
0.01367
0.01367
0.01367
0.01367
0.01367
0.01367
0.01367
0.01367
0.01367
0.01373
0.01373
0.01379
0.01379
0.01381
0.01385
0.01392
0.01392
0.01392
0.01392
0.01392
0.01392
0.01392
0.01392
0.01392
0.01392
0.01392
0.01392
0.01392
0.01392
0.01392
0.01392
0.01392
0.01392
0.01392
0.01392
0.01392
0.01392
0.01392
0.01392
0.01398
0.01398
0.01401
0.01404
0.01404
0.01404
0.01404
0.01410
0.01416
0.01416
0.01416
0.01416
0.01416
0.01416
0.01416
0.01416
0.01416
0.01416
0.01416
0.01416
0.01416
0.01416
0.01416
0.01416
0.01422
0.01428
0.01434
0.01440
0.01440
0.01440
0.01440
0.01440
0.01440
0.01440
0.01440
0.01440
0.01440
0.01440
0.01440
0.01440
0.01440
0.01440
0.01440
0.01440
0.01440
0.01447
0.01447
0.01447
0.01447
0.01447
0.01447
0.01450
0.01453
0.01453
0.01453
0.01453
0.01456
0.01459
0.01459
0.01465
0.01465
0.01465
0.01465
0.01465
0.01465
0.01465
0.01465
0.01465
0.01466
0.01469
0.01471
0.01477
0.01477
0.01477
0.01477
0.01477
0.01483
0.01489
0.01489
0.01489
0.01489
0.01489
0.01489
0.01489
0.01489
0.01489
0.01489
0.01489
0.01489
0.01489
0.01490
0.01492
0.01492
0.01495
0.01495
0.01501
0.01501
0.01501
0.01501
0.01501
0.01501
0.01503
0.01505
0.01508
0.01508
0.01514
0.01514
0.01514
0.01514
0.01514
0.01514
0.01514
0.01514
0.01514
0.01514
0.01514
0.01514
0.01514
0.01514
0.01514
0.01514
0.01526
0.01526
0.01526
0.01526
0.01532
0.01537
0.01538
0.01538
0.01538
0.01538
0.01538
0.01538
0.01538
0.01538
0.01538
0.01538
0.01538
0.01544
0.01544
0.01547
0.01547
0.01550
0.01550
0.01550
0.01562
0.01562
0.01562
0.01562
0.01562
0.01562
0.01562
0.01562
0.01562
0.01562
0.01562
0.01562
0.01562
0.01562
0.01562
0.01562
0.01562
0.01569
0.01572
0.01575
0.01575
0.01575
0.01575
0.01578
0.01581
0.01584
0.01587
0.01587
0.01587
0.01587
0.01587
0.01587
0.01587
0.01587
0.01587
0.01587
0.01587
0.01587
0.01587
0.01587
0.01587
0.01587
0.01587
0.01587
0.01591
0.01593
0.01599
0.01599
0.01599
0.01602
0.01605
0.01611
0.01611
0.01611
0.01611
0.01611
0.01611
0.01611
0.01611
0.01611
0.01611
0.01611
0.01611
0.01616
0.01617
0.01619
0.01620
0.01622
0.01624
0.01624
0.01624
0.01627
0.01629
0.01630
0.01631
0.01634
0.01636
0.01636
0.01636
0.01636
0.01636
0.01636
0.01636
0.01636
0.01636
0.01637
0.01642
0.01645
0.01654
0.01660
0.01660
0.01660
0.01660
0.01660
0.01660
0.01660
0.01660
0.01660
0.01660
0.01662
0.01672
0.01672
0.01672
0.01672
0.01675
0.01678
0.01678
0.01678
0.01678
0.01682
0.01685
0.01685
0.01685
0.01685
0.01685
0.01685
0.01685
0.01685
0.01685
0.01685
0.01685
0.01685
0.01685
0.01685
0.01691
0.01694
0.01697
0.01697
0.01697
0.01703
0.01709
0.01709
0.01709
0.01709
0.01709
0.01709
0.01709
0.01709
0.01709
0.01709
0.01709
0.01709
0.01709
0.01709
0.01709
0.01709
0.01709
0.01709
0.01709
0.01715
0.01717
0.01721
0.01721
0.01721
0.01721
0.01733
0.01733
0.01733
0.01733
0.01733
0.01733
0.01733
0.01733
0.01733
0.01733
0.01733
0.01733
0.01733
0.01733
0.01733
0.01733
0.01733
0.01733
0.01733
0.01733
0.01733
0.01733
0.01736
0.01746
0.01758
0.01758
0.01758
0.01758
0.01758
0.01758
0.01758
0.01758
0.01758
0.01758
0.01762
0.01770
0.01770
0.01770
0.01773
0.01782
0.01782
0.01782
0.01782
0.01782
0.01782
0.01782
0.01782
0.01782
0.01782
0.01782
0.01782
0.01782
0.01782
0.01782
0.01782
0.01782
0.01785
0.01794
0.01794
0.01794
0.01796
0.01804
0.01807
0.01807
0.01807
0.01807
0.01807
0.01807
0.01807
0.01807
0.01807
0.01817
0.01819
0.01819
0.01819
0.01819
0.01823
0.01825
0.01825
0.01825
0.01825
0.01831
0.01831
0.01831
0.01831
0.01831
0.01831
0.01831
0.01831
0.01831
0.01831
0.01831
0.01840
0.01843
0.01849
0.01849
0.01849
0.01852
0.01855
0.01855
0.01855
0.01855
0.01855
0.01855
0.01855
0.01855
0.01855
0.01862
0.01868
0.01868
0.01868
0.01868
0.01868
0.01868
0.01868
0.01871
0.01873
0.01880
0.01880
0.01880
0.01880
0.01880
0.01880
0.01880
0.01880
0.01880
0.01880
0.01892
0.01892
0.01892
0.01892
0.01892
0.01892
0.01901
0.01904
0.01904
0.01904
0.01904
0.01904
0.01904
0.01904
0.01904
0.01904
0.01904
0.01904
0.01904
0.01904
0.01904
0.01917
0.01917
0.01917
0.01929
0.01929
0.01929
0.01929
0.01929
0.01929
0.01929
0.01929
0.01929
0.01929
0.01929
0.01929
0.01929
0.01929
0.01929
0.01929
0.01929
0.01929
0.01935
0.01938
0.01941
0.01941
0.01941
0.01947
0.01947
0.01953
0.01953
0.01953
0.01953
0.01953
0.01953
0.01953
0.01953
0.01953
0.01953
0.01953
0.01953
0.01953
0.01953
0.01953
0.01953
0.01953
0.01953
0.01953
0.01956
0.01959
0.01961
0.01965
0.01969
0.01977
0.01978
0.01978
0.01978
0.01978
0.01978
0.01978
0.01978
0.01978
0.01978
0.01978
0.01978
0.01978
0.01978
0.01978
0.01978
0.01987
0.01990
0.01996
0.02002
0.02002
0.02002
0.02002
0.02002
0.02002
0.02002
0.02002
0.02002
0.02002
0.02002
0.02002
0.02002
0.02002
0.02008
0.02008
0.02008
0.02011
0.02014
0.02014
0.02014
0.02014
0.02020
0.02026
0.02026
0.02026
0.02026
0.02026
0.02026
0.02026
0.02026
0.02026
0.02026
0.02026
0.02026
0.02032
0.02037
0.02039
0.02039
0.02039
0.02043
0.02051
0.02051
0.02051
0.02051
0.02051
0.02051
0.02051
0.02051
0.02051
0.02051
0.02051
0.02051
0.02051
0.02051
0.02051
0.02052
0.02054
0.02054
0.02057
0.02060
0.02063
0.02063
0.02063
0.02063
0.02075
0.02075
0.02075
0.02075
0.02075
0.02075
0.02075
0.02085
0.02087
0.02087
0.02087
0.02087
0.02089
0.02092
0.02100
0.02100
0.02100
0.02100
0.02100
0.02100
0.02100
0.02100
0.02100
0.02100
0.02100
0.02100
0.02100
0.02100
0.02100
0.02106
0.02112
0.02112
0.02118
0.02124
0.02124
0.02124
0.02124
0.02124
0.02124
0.02124
0.02124
0.02124
0.02124
0.02124
0.02124
0.02124
0.02127
0.02136
0.02136
0.02138
0.02139
0.02139
0.02148
0.02148
0.02148
0.02148
0.02148
0.02148
0.02148
0.02148
0.02148
0.02148
0.02148
0.02148
0.02161
0.02161
0.02161
0.02161
0.02161
0.02173
0.02173
0.02173
0.02173
0.02173
0.02173
0.02173
0.02173
0.02173
0.02173
0.02173
0.02173
0.02179
0.02185
0.02185
0.02185
0.02185
0.02197
0.02197
0.02197
0.02197
0.02197
0.02197
0.02197
0.02197
0.02197
0.02197
0.02203
0.02206
0.02209
0.02209
0.02209
0.02216
0.02222
0.02222
0.02222
0.02222
0.02222
0.02222
0.02222
0.02222
0.02222
0.02222
0.02222
0.02222
0.02222
0.02222
0.02222
0.02222
0.02234
0.02234
0.02234
0.02234
0.02234
0.02234
0.02237
0.02246
0.02246
0.02246
0.02246
0.02246
0.02246
0.02246
0.02246
0.02246
0.02255
0.02258
0.02258
0.02258
0.02258
0.02261
0.02264
0.02266
0.02270
0.02271
0.02271
0.02271
0.02271
0.02271
0.02271
0.02271
0.02271
0.02271
0.02271
0.02271
0.02271
0.02271
0.02271
0.02280
0.02283
0.02283
0.02283
0.02292
0.02295
0.02295
0.02295
0.02295
0.02295
0.02295
0.02295
0.02295
0.02295
0.02295
0.02295
0.02295
0.02295
0.02295
0.02295
0.02295
0.02295
0.02296
0.02307
0.02307
0.02307
0.02307
0.02307
0.02307
0.02307
0.02313
0.02313
0.02319
0.02319
0.02319
0.02319
0.02319
0.02319
0.02319
0.02319
0.02319
0.02319
0.02319
0.02319
0.02319
0.02319
0.02319
0.02328
0.02330
0.02332
0.02332
0.02332
0.02332
0.02338
0.02344
0.02344
0.02344
0.02344
0.02344
0.02344
0.02345
0.02350
0.02357
0.02362
0.02368
0.02368
0.02368
0.02368
0.02368
0.02368
0.02368
0.02376
0.02380
0.02380
0.02383
0.02383
0.02386
0.02391
0.02393
0.02393
0.02393
0.02393
0.02393
0.02393
0.02393
0.02393
0.02393
0.02393
0.02393
0.02393
0.02399
0.02399
0.02402
0.02405
0.02405
0.02405
0.02405
0.02405
0.02408
0.02417
0.02417
0.02417
0.02417
0.02417
0.02417
0.02417
0.02417
0.02429
0.02429
0.02429
0.02429
0.02429
0.02435
0.02435
0.02435
0.02435
0.02441
0.02441
0.02441
0.02441
0.02441
0.02441
0.02441
0.02441
0.02441
0.02441
0.02441
0.02441
0.02444
0.02448
0.02452
0.02454
0.02460
0.02466
0.02466
0.02466
0.02466
0.02466
0.02466
0.02466
0.02466
0.02466
0.02466
0.02466
0.02466
0.02469
0.02472
0.02473
0.02478
0.02478
0.02478
0.02481
0.02490
0.02490
0.02490
0.02490
0.02490
0.02490
0.02490
0.02490
0.02490
0.02490
0.02490
0.02490
0.02490
0.02490
0.02496
0.02502
0.02502
0.02502
0.02502
0.02502
0.02502
0.02502
0.02507
0.02512
0.02515
0.02515
0.02515
0.02515
0.02527
0.02527
0.02527
0.02527
0.02533
0.02536
0.02539
0.02539
0.02539
0.02539
0.02539
0.02539
0.02539
0.02539
0.02539
0.02539
0.02542
0.02545
0.02545
0.02548
0.02551
0.02551
0.02551
0.02551
0.02563
0.02563
0.02563
0.02563
0.02563
0.02563
0.02563
0.02563
0.02563
0.02563
0.02563
0.02563
0.02563
0.02563
0.02563
0.02570
0.02580
0.02582
0.02588
0.02588
0.02588
0.02588
0.02588
0.02588
0.02588
0.02588
0.02588
0.02588
0.02594
0.02597
0.02597
0.02600
0.02600
0.02600
0.02600
0.02600
0.02606
0.02612
0.02612
0.02612
0.02612
0.02612
0.02612
0.02612
0.02618
0.02620
0.02625
0.02625
0.02635
0.02637
0.02637
0.02637
0.02637
0.02637
0.02637
0.02649
0.02649
0.02652
0.02658
0.02661
0.02661
0.02661
0.02661
0.02661
0.02661
0.02661
0.02661
0.02661
0.02667
0.02673
0.02673
0.02673
0.02673
0.02676
0.02679
0.02682
0.02686
0.02686
0.02686
0.02686
0.02686
0.02686
0.02686
0.02686
0.02686
0.02686
0.02692
0.02692
0.02698
0.02698
0.02698
0.02698
0.02710
0.02710
0.02710
0.02710
0.02710
0.02710
0.02710
0.02710
0.02710
0.02710
0.02722
0.02722
0.02722
0.02722
0.02728
0.02734
0.02734
0.02734
0.02734
0.02734
0.02734
0.02734
0.02734
0.02734
0.02734
0.02734
0.02734
0.02734
0.02734
0.02740
0.02747
0.02747
0.02747
0.02747
0.02747
0.02750
0.02753
0.02753
0.02756
0.02759
0.02759
0.02759
0.02759
0.02759
0.02759
0.02759
0.02759
0.02759
0.02759
0.02759
0.02771
0.02771
0.02771
0.02771
0.02771
0.02777
0.02783
0.02783
0.02783
0.02783
0.02783
0.02783
0.02783
0.02783
0.02786
0.02792
0.02792
0.02795
0.02795
0.02795
0.02795
0.02795
0.02808
0.02808
0.02808
0.02808
0.02808
0.02808
0.02808
0.02808
0.02814
0.02820
0.02826
0.02831
0.02832
0.02832
0.02832
0.02832
0.02832
0.02832
0.02832
0.02832
0.02832
0.02832
0.02832
0.02832
0.02838
0.02844
0.02844
0.02850
0.02856
0.02856
0.02856
0.02856
0.02856
0.02856
0.02863
0.02864
0.02869
0.02869
0.02869
0.02869
0.02869
0.02875
0.02875
0.02881
0.02881
0.02881
0.02881
0.02881
0.02881
0.02881
0.02881
0.02881
0.02881
0.02881
0.02884
0.02887
0.02893
0.02893
0.02898
0.02899
0.02899
0.02905
0.02905
0.02905
0.02905
0.02905
0.02905
0.02905
0.02905
0.02911
0.02911
0.02917
0.02917
0.02917
0.02920
0.02924
0.02927
0.02930
0.02930
0.02930
0.02930
0.02930
0.02930
0.02930
0.02930
0.02942
0.02942
0.02943
0.02948
0.02954
0.02954
0.02954
0.02954
0.02954
0.02954
0.02954
0.02954
0.02957
0.02960
0.02963
0.02966
0.02966
0.02966
0.02966
0.02979
0.02979
0.02979
0.02979
0.02979
0.02979
0.02979
0.02979
0.02979
0.02979
0.02979
0.02979
0.02979
0.02979
0.02979
0.02979
0.02979
0.02991
0.02991
0.02991
0.02991
0.03003
0.03003
0.03003
0.03007
0.03009
0.03015
0.03015
0.03021
0.03027
0.03027
0.03027
0.03027
0.03027
0.03027
0.03040
0.03040
0.03040
0.03040
0.03046
0.03047
0.03052
0.03052
0.03052
0.03052
0.03052
0.03052
0.03052
0.03064
0.03064
0.03065
0.03070
0.03076
0.03076
0.03076
0.03076
0.03076
0.03082
0.03088
0.03088
0.03088
0.03094
0.03094
0.03101
0.03101
0.03101
0.03101
0.03101
0.03101
0.03101
0.03101
0.03101
0.03101
0.03101
0.03101
0.03101
0.03101
0.03104
0.03113
0.03113
0.03119
0.03119
0.03125
0.03125
0.03125
0.03125
0.03125
0.03125
0.03131
0.03137
0.03148
0.03149
0.03149
0.03149
0.03149
0.03149
0.03149
0.03149
0.03149
0.03149
0.03162
0.03162
0.03165
0.03168
0.03174
0.03174
0.03174
0.03174
0.03174
0.03174
0.03174
0.03174
0.03174
0.03174
0.03174
0.03174
0.03177
0.03180
0.03180
0.03186
0.03192
0.03198
0.03198
0.03198
0.03198
0.03198
0.03198
0.03198
0.03198
0.03210
0.03210
0.03210
0.03210
0.03223
0.03223
0.03223
0.03223
0.03229
0.03234
0.03235
0.03235
0.03247
0.03247
0.03247
0.03247
0.03247
0.03247
0.03247
0.03247
0.03247
0.03253
0.03257
0.03259
0.03259
0.03259
0.03271
0.03271
0.03271
0.03271
0.03271
0.03271
0.03284
0.03284
0.03284
0.03284
0.03290
0.03296
0.03296
0.03296
0.03296
0.03296
0.03296
0.03296
0.03296
0.03296
0.03296
0.03296
0.03296
0.03296
0.03296
0.03302
0.03308
0.03320
0.03320
0.03320
0.03320
0.03326
0.03333
0.03333
0.03333
0.03339
0.03342
0.03345
0.03345
0.03345
0.03346
0.03357
0.03357
0.03363
0.03363
0.03364
0.03369
0.03369
0.03369
0.03369
0.03369
0.03369
0.03369
0.03369
0.03369
0.03369
0.03369
0.03378
0.03381
0.03381
0.03381
0.03381
0.03387
0.03391
0.03394
0.03394
0.03394
0.03394
0.03394
0.03394
0.03394
0.03394
0.03394
0.03394
0.03394
0.03394
0.03394
0.03394
0.03394
0.03394
0.03397
0.03400
0.03406
0.03406
0.03406
0.03406
0.03406
0.03412
0.03415
0.03418
0.03418
0.03418
0.03418
0.03418
0.03418
0.03418
0.03424
0.03434
0.03437
0.03442
0.03442
0.03442
0.03442
0.03442
0.03442
0.03442
0.03442
0.03448
0.03455
0.03455
0.03455
0.03455
0.03455
0.03467
0.03467
0.03467
0.03467
0.03467
0.03467
0.03467
0.03467
0.03467
0.03467
0.03467
0.03479
0.03479
0.03479
0.03479
0.03479
0.03479
0.03479
0.03482
0.03485
0.03485
0.03488
0.03491
0.03491
0.03491
0.03491
0.03491
0.03491
0.03494
0.03497
0.03503
0.03503
0.03508
0.03516
0.03516
0.03516
0.03516
0.03516
0.03516
0.03516
0.03516
0.03525
0.03528
0.03528
0.03540
0.03540
0.03540
0.03540
0.03540
0.03540
0.03540
0.03540
0.03546
0.03546
0.03546
0.03552
0.03561
0.03564
0.03564
0.03564
0.03564
0.03564
0.03564
0.03564
0.03564
0.03564
0.03564
0.03564
0.03568
0.03571
0.03571
0.03571
0.03573
0.03577
0.03577
0.03589
0.03589
0.03589
0.03589
0.03589
0.03589
0.03589
0.03589
0.03595
0.03598
0.03607
0.03613
0.03613
0.03613
0.03613
0.03613
0.03613
0.03613
0.03613
0.03613
0.03613
0.03613
0.03619
0.03625
0.03635
0.03638
0.03638
0.03638
0.03638
0.03638
0.03638
0.03638
0.03638
0.03644
0.03650
0.03650
0.03659
0.03661
0.03662
0.03662
0.03662
0.03662
0.03662
0.03662
0.03662
0.03662
0.03662
0.03662
0.03662
0.03674
0.03674
0.03674
0.03674
0.03674
0.03674
0.03674
0.03674
0.03674
0.03674
0.03687
0.03687
0.03687
0.03687
0.03687
0.03699
0.03699
0.03699
0.03699
0.03705
0.03705
0.03711
0.03711
0.03711
0.03711
0.03711
0.03711
0.03717
0.03717
0.03723
0.03723
0.03735
0.03735
0.03735
0.03735
0.03735
0.03735
0.03735
0.03735
0.03735
0.03735
0.03741
0.03745
0.03748
0.03748
0.03748
0.03748
0.03760
0.03760
0.03760
0.03760
0.03760
0.03760
0.03760
0.03766
0.03766
0.03766
0.03772
0.03772
0.03777
0.03778
0.03778
0.03784
0.03784
0.03784
0.03784
0.03784
0.03784
0.03784
0.03784
0.03784
0.03790
0.03796
0.03796
0.03796
0.03796
0.03796
0.03801
0.03802
0.03802
0.03809
0.03809
0.03809
0.03812
0.03821
0.03824
0.03827
0.03827
0.03827
0.03833
0.03833
0.03833
0.03833
0.03833
0.03839
0.03839
0.03845
0.03851
0.03857
0.03857
0.03857
0.03857
0.03857
0.03857
0.03857
0.03857
0.03860
0.03882
0.03882
0.03882
0.03882
0.03882
0.03882
0.03882
0.03882
0.03882
0.03882
0.03888
0.03894
0.03894
0.03894
0.03897
0.03900
0.03906
0.03906
0.03906
0.03906
0.03906
0.03906
0.03906
0.03906
0.03906
0.03912
0.03918
0.03918
0.03918
0.03918
0.03918
0.03918
0.03918
0.03928
0.03931
0.03931
0.03931
0.03931
0.03937
0.03943
0.03943
0.03943
0.03943
0.03949
0.03955
0.03955
0.03955
0.03955
0.03958
0.03961
0.03967
0.03967
0.03979
0.03979
0.03979
0.03979
0.03979
0.03979
0.03986
0.03992
0.03992
0.03995
0.03995
0.04004
0.04004
0.04004
0.04004
0.04004
0.04004
0.04004
0.04004
0.04004
0.04004
0.04004
0.04004
0.04004
0.04004
0.04004
0.04004
0.04004
0.04016
0.04025
0.04028
0.04028
0.04028
0.04028
0.04028
0.04041
0.04041
0.04041
0.04047
0.04048
0.04053
0.04053
0.04053
0.04053
0.04053
0.04053
0.04053
0.04053
0.04053
0.04053
0.04053
0.04053
0.04053
0.04062
0.04065
0.04065
0.04077
0.04077
0.04077
0.04077
0.04077
0.04077
0.04080
0.04083
0.04083
0.04089
0.04095
0.04099
0.04102
0.04102
0.04102
0.04102
0.04102
0.04102
0.04102
0.04114
0.04114
0.04117
0.04126
0.04126
0.04126
0.04126
0.04126
0.04126
0.04126
0.04135
0.04138
0.04141
0.04143
0.04144
0.04150
0.04150
0.04150
0.04150
0.04150
0.04150
0.04163
0.04163
0.04168
0.04172
0.04175
0.04175
0.04175
0.04175
0.04187
0.04187
0.04199
0.04199
0.04199
0.04199
0.04199
0.04199
0.04199
0.04202
0.04211
0.04211
0.04211
0.04224
0.04224
0.04224
0.04224
0.04224
0.04224
0.04224
0.04236
0.04247
0.04248
0.04248
0.04248
0.04248
0.04248
0.04248
0.04248
0.04248
0.04248
0.04248
0.04254
0.04260
0.04260
0.04260
0.04260
0.04265
0.04272
0.04272
0.04272
0.04272
0.04272
0.04272
0.04272
0.04282
0.04285
0.04285
0.04285
0.04291
0.04297
0.04297
0.04297
0.04297
0.04297
0.04297
0.04297
0.04297
0.04303
0.04309
0.04309
0.04318
0.04321
0.04321
0.04321
0.04321
0.04321
0.04321
0.04321
0.04321
0.04321
0.04330
0.04333
0.04340
0.04340
0.04343
0.04346
0.04346
0.04346
0.04346
0.04346
0.04346
0.04346
0.04346
0.04346
0.04358
0.04358
0.04359
0.04364
0.04370
0.04370
0.04370
0.04370
0.04370
0.04370
0.04370
0.04370
0.04370
0.04376
0.04376
0.04381
0.04382
0.04382
0.04382
0.04382
0.04382
0.04387
0.04395
0.04395
0.04395
0.04395
0.04395
0.04395
0.04398
0.04401
0.04407
0.04407
0.04413
0.04419
0.04419
0.04419
0.04419
0.04419
0.04419
0.04419
0.04422
0.04425
0.04436
0.04443
0.04443
0.04443
0.04443
0.04443
0.04443
0.04443
0.04443
0.04453
0.04453
0.04456
0.04456
0.04468
0.04468
0.04468
0.04468
0.04468
0.04471
0.04471
0.04474
0.04474
0.04480
0.04480
0.04480
0.04480
0.04486
0.04489
0.04492
0.04492
0.04492
0.04492
0.04492
0.04492
0.04492
0.04498
0.04504
0.04504
0.04504
0.04504
0.04514
0.04516
0.04517
0.04517
0.04517
0.04517
0.04517
0.04517
0.04517
0.04517
0.04517
0.04517
0.04517
0.04517
0.04529
0.04541
0.04541
0.04541
0.04541
0.04541
0.04541
0.04541
0.04541
0.04541
0.04541
0.04541
0.04541
0.04553
0.04559
0.04559
0.04562
0.04565
0.04565
0.04565
0.04565
0.04565
0.04568
0.04578
0.04578
0.04578
0.04578
0.04578
0.04578
0.04578
0.04590
0.04590
0.04590
0.04590
0.04590
0.04593
0.04598
0.04599
0.04602
0.04611
0.04614
0.04614
0.04614
0.04614
0.04614
0.04614
0.04614
0.04617
0.04620
0.04626
0.04626
0.04636
0.04636
0.04639
0.04639
0.04639
0.04651
0.04651
0.04651
0.04657
0.04663
0.04663
0.04663
0.04663
0.04663
0.04663
0.04663
0.04663
0.04663
0.04663
0.04663
0.04663
0.04675
0.04675
0.04675
0.04675
0.04681
0.04681
0.04688
0.04688
0.04688
0.04688
0.04688
0.04697
0.04700
0.04712
0.04712
0.04712
0.04712
0.04712
0.04712
0.04712
0.04712
0.04712
0.04712
0.04718
0.04721
0.04724
0.04724
0.04730
0.04735
0.04736
0.04736
0.04736
0.04736
0.04736
0.04736
0.04736
0.04736
0.04736
0.04736
0.04736
0.04742
0.04747
0.04747
0.04749
0.04749
0.04752
0.04761
0.04761
0.04761
0.04761
0.04761
0.04761
0.04761
0.04761
0.04761
0.04761
0.04773
0.04773
0.04773
0.04785
0.04785
0.04785
0.04785
0.04785
0.04785
0.04791
0.04797
0.04810
0.04810
0.04810
0.04822
0.04828
0.04834
0.04834
0.04834
0.04834
0.04834
0.04834
0.04840
0.04846
0.04846
0.04846
0.04846
0.04858
0.04858
0.04858
0.04858
0.04858
0.04858
0.04858
0.04858
0.04865
0.04871
0.04871
0.04871
0.04877
0.04883
0.04883
0.04883
0.04883
0.04883
0.04883
0.04883
0.04889
0.04889
0.04895
0.04895
0.04895
0.04895
0.04907
0.04907
0.04907
0.04907
0.04916
0.04919
0.04919
0.04932
0.04932
0.04932
0.04932
0.04932
0.04932
0.04932
0.04938
0.04944
0.04944
0.04956
0.04956
0.04956
0.04956
0.04956
0.04962
0.04968
0.04980
0.04980
0.04980
0.04980
0.04980
0.04980
0.04980
0.04980
0.04980
0.04980
0.04987
0.04990
0.04993
0.04997
0.04998
0.04999
0.05005
0.05005
0.05005
0.05005
0.05005
0.05017
0.05017
0.05017
0.05023
0.05023
0.05029
0.05029
0.05029
0.05029
0.05029
0.05029
0.05029
0.05029
0.05042
0.05042
0.05042
0.05054
0.05054
0.05054
0.05054
0.05054
0.05054
0.05059
0.05060
0.05066
0.05066
0.05066
0.05072
0.05078
0.05078
0.05078
0.05078
0.05078
0.05078
0.05084
0.05092
0.05096
0.05100
0.05103
0.05103
0.05103
0.05103
0.05103
0.05106
0.05110
0.05115
0.05115
0.05115
0.05127
0.05127
0.05127
0.05139
0.05139
0.05151
0.05151
0.05151
0.05151
0.05151
0.05157
0.05164
0.05164
0.05170
0.05170
0.05176
0.05176
0.05176
0.05176
0.05176
0.05176
0.05176
0.05176
0.05176
0.05183
0.05188
0.05188
0.05188
0.05200
0.05200
0.05200
0.05200
0.05200
0.05200
0.05212
0.05212
0.05212
0.05212
0.05219
0.05219
0.05225
0.05225
0.05225
0.05225
0.05235
0.05237
0.05237
0.05241
0.05249
0.05249
0.05249
0.05249
0.05249
0.05261
0.05267
0.05270
0.05273
0.05273
0.05273
0.05273
0.05273
0.05273
0.05273
0.05273
0.05273
0.05286
0.05292
0.05298
0.05298
0.05298
0.05298
0.05298
0.05298
0.05298
0.05298
0.05298
0.05298
0.05307
0.05310
0.05316
0.05316
0.05322
0.05322
0.05322
0.05328
0.05328
0.05334
0.05334
0.05334
0.05334
0.05347
0.05347
0.05347
0.05347
0.05359
0.05371
0.05371
0.05371
0.05371
0.05371
0.05371
0.05371
0.05383
0.05383
0.05396
0.05396
0.05396
0.05396
0.05396
0.05396
0.05396
0.05396
0.05396
0.05399
0.05402
0.05402
0.05406
0.05408
0.05408
0.05408
0.05420
0.05420
0.05420
0.05432
0.05432
0.05438
0.05441
0.05444
0.05444
0.05444
0.05444
0.05444
0.05444
0.05453
0.05469
0.05469
0.05472
0.05493
0.05493
0.05493
0.05496
0.05511
0.05516
0.05518
0.05518
0.05518
0.05518
0.05518
0.05521
0.05530
0.05530
0.05530
0.05542
0.05542
0.05542
0.05542
0.05542
0.05542
0.05554
0.05566
0.05566
0.05566
0.05573
0.05573
0.05579
0.05579
0.05585
0.05588
0.05589
0.05591
0.05591
0.05591
0.05591
0.05591
0.05591
0.05594
0.05602
0.05603
0.05603
0.05603
0.05603
0.05609
0.05612
0.05615
0.05615
0.05615
0.05615
0.05618
0.05627
0.05627
0.05627
0.05627
0.05634
0.05640
0.05640
0.05640
0.05640
0.05649
0.05652
0.05652
0.05652
0.05664
0.05664
0.05676
0.05682
0.05682
0.05688
0.05688
0.05688
0.05692
0.05701
0.05713
0.05713
0.05713
0.05713
0.05713
0.05719
0.05719
0.05725
0.05725
0.05725
0.05725
0.05725
0.05732
0.05737
0.05750
0.05750
0.05750
0.05750
0.05750
0.05759
0.05762
0.05762
0.05762
0.05762
0.05762
0.05762
0.05762
0.05774
0.05776
0.05786
0.05786
0.05786
0.05786
0.05786
0.05786
0.05786
0.05786
0.05786
0.05790
0.05798
0.05798
0.05798
0.05798
0.05804
0.05811
0.05811
0.05811
0.05811
0.05811
0.05823
0.05823
0.05823
0.05829
0.05835
0.05835
0.05835
0.05835
0.05835
0.05835
0.05847
0.05852
0.05859
0.05859
0.05859
0.05859
0.05859
0.05859
0.05859
0.05865
0.05872
0.05872
0.05872
0.05881
0.05884
0.05884
0.05884
0.05884
0.05884
0.05884
0.05884
0.05896
0.05902
0.05905
0.05908
0.05908
0.05908
0.05908
0.05908
0.05908
0.05920
0.05927
0.05933
0.05933
0.05933
0.05933
0.05933
0.05933
0.05936
0.05945
0.05945
0.05951
0.05957
0.05957
0.05957
0.05957
0.05957
0.05978
0.05981
0.05981
0.05981
0.05981
0.05981
0.05981
0.05981
0.05981
0.05981
0.05981
0.05981
0.05984
0.05994
0.05994
0.06006
0.06018
0.06018
0.06027
0.06030
0.06030
0.06030
0.06030
0.06030
0.06039
0.06042
0.06042
0.06046
0.06049
0.06055
0.06055
0.06055
0.06055
0.06067
0.06079
0.06079
0.06091
0.06091
0.06091
0.06091
0.06104
0.06104
0.06104
0.06104
0.06110
0.06116
0.06116
0.06116
0.06128
0.06128
0.06140
0.06140
0.06140
0.06152
0.06152
0.06152
0.06152
0.06152
0.06158
0.06165
0.06165
0.06165
0.06165
0.06171
0.06171
0.06177
0.06177
0.06177
0.06189
0.06201
0.06201
0.06201
0.06201
0.06201
0.06201
0.06201
0.06201
0.06204
0.06207
0.06213
0.06213
0.06213
0.06213
0.06226
0.06226
0.06226
0.06238
0.06238
0.06238
0.06238
0.06250
0.06250
0.06250
0.06250
0.06250
0.06250
0.06256
0.06256
0.06262
0.06274
0.06274
0.06274
0.06274
0.06274
0.06274
0.06274
0.06274
0.06274
0.06274
0.06287
0.06287
0.06287
0.06287
0.06287
0.06287
0.06290
0.06299
0.06299
0.06299
0.06299
0.06299
0.06299
0.06323
0.06323
0.06323
0.06329
0.06335
0.06342
0.06348
0.06348
0.06348
0.06348
0.06348
0.06360
0.06372
0.06372
0.06372
0.06372
0.06372
0.06372
0.06372
0.06372
0.06380
0.06396
0.06396
0.06396
0.06396
0.06412
0.06416
0.06421
0.06421
0.06421
0.06427
0.06445
0.06445
0.06445
0.06445
0.06458
0.06458
0.06464
0.06470
0.06470
0.06480
0.06491
0.06494
0.06500
0.06506
0.06506
0.06506
0.06506
0.06512
0.06512
0.06519
0.06519
0.06519
0.06519
0.06519
0.06519
0.06525
0.06531
0.06543
0.06543
0.06543
0.06543
0.06549
0.06555
0.06555
0.06555
0.06558
0.06564
0.06567
0.06567
0.06567
0.06567
0.06567
0.06567
0.06580
0.06580
0.06587
0.06592
0.06592
0.06592
0.06592
0.06592
0.06592
0.06596
0.06598
0.06598
0.06601
0.06616
0.06616
0.06616
0.06616
0.06616
0.06635
0.06641
0.06641
0.06641
0.06641
0.06641
0.06641
0.06653
0.06665
0.06665
0.06665
0.06665
0.06665
0.06677
0.06677
0.06680
0.06686
0.06689
0.06689
0.06699
0.06702
0.06702
0.06714
0.06714
0.06714
0.06714
0.06726
0.06726
0.06738
0.06738
0.06738
0.06738
0.06738
0.06738
0.06750
0.06763
0.06763
0.06763
0.06775
0.06787
0.06787
0.06787
0.06787
0.06787
0.06799
0.06799
0.06799
0.06799
0.06805
0.06812
0.06812
0.06812
0.06812
0.06836
0.06836
0.06836
0.06860
0.06860
0.06860
0.06860
0.06860
0.06873
0.06873
0.06876
0.06882
0.06885
0.06885
0.06885
0.06897
0.06909
0.06909
0.06909
0.06912
0.06921
0.06921
0.06934
0.06934
0.06934
0.06934
0.06940
0.06946
0.06958
0.06958
0.06958
0.06958
0.06958
0.06964
0.06970
0.06982
0.06982
0.06982
0.06982
0.06989
0.06989
0.06989
0.06995
0.06995
0.07007
0.07007
0.07007
0.07007
0.07007
0.07007
0.07007
0.07007
0.07007
0.07007
0.07013
0.07019
0.07025
0.07031
0.07031
0.07031
0.07031
0.07031
0.07036
0.07043
0.07056
0.07056
0.07056
0.07056
0.07056
0.07056
0.07056
0.07068
0.07080
0.07080
0.07080
0.07080
0.07092
0.07092
0.07098
0.07104
0.07104
0.07104
0.07117
0.07123
0.07129
0.07129
0.07129
0.07129
0.07129
0.07129
0.07153
0.07153
0.07153
0.07153
0.07166
0.07166
0.07172
0.07178
0.07178
0.07190
0.07202
0.07202
0.07202
0.07202
0.07227
0.07227
0.07227
0.07227
0.07227
0.07227
0.07227
0.07227
0.07233
0.07239
0.07239
0.07248
0.07251
0.07251
0.07251
0.07251
0.07251
0.07269
0.07274
0.07275
0.07275
0.07275
0.07275
0.07275
0.07275
0.07285
0.07288
0.07288
0.07300
0.07300
0.07324
0.07324
0.07324
0.07336
0.07336
0.07349
0.07349
0.07349
0.07349
0.07372
0.07373
0.07373
0.07373
0.07373
0.07373
0.07373
0.07385
0.07397
0.07397
0.07397
0.07397
0.07397
0.07410
0.07410
0.07422
0.07422
0.07422
0.07446
0.07446
0.07446
0.07471
0.07471
0.07471
0.07471
0.07471
0.07471
0.07483
0.07495
0.07495
0.07501
0.07507
0.07513
0.07520
0.07532
0.07532
0.07544
0.07544
0.07544
0.07544
0.07544
0.07544
0.07550
0.07562
0.07568
0.07568
0.07571
0.07574
0.07574
0.07581
0.07587
0.07587
0.07593
0.07593
0.07593
0.07593
0.07605
0.07608
0.07610
0.07611
0.07617
0.07617
0.07617
0.07629
0.07629
0.07629
0.07642
0.07642
0.07642
0.07642
0.07642
0.07648
0.07660
0.07660
0.07666
0.07666
0.07666
0.07666
0.07666
0.07666
0.07678
0.07690
0.07690
0.07690
0.07690
0.07697
0.07715
0.07715
0.07715
0.07715
0.07715
0.07721
0.07721
0.07724
0.07727
0.07727
0.07727
0.07727
0.07739
0.07741
0.07742
0.07745
0.07748
0.07751
0.07764
0.07764
0.07764
0.07764
0.07764
0.07764
0.07764
0.07764
0.07776
0.07788
0.07794
0.07800
0.07800
0.07812
0.07812
0.07812
0.07812
0.07837
0.07837
0.07837
0.07837
0.07849
0.07861
0.07861
0.07861
0.07886
0.07892
0.07898
0.07910
0.07910
0.07910
0.07910
0.07913
0.07935
0.07935
0.07935
0.07935
0.07943
0.07951
0.07954
0.07959
0.07959
0.07959
0.07959
0.07959
0.07959
0.07983
0.07983
0.07983
0.07983
0.08008
0.08008
0.08014
0.08020
0.08020
0.08020
0.08020
0.08026
0.08032
0.08032
0.08032
0.08038
0.08044
0.08057
0.08057
0.08057
0.08081
0.08081
0.08081
0.08093
0.08093
0.08105
0.08105
0.08112
0.08118
0.08130
0.08130
0.08130
0.08130
0.08133
0.08154
0.08154
0.08154
0.08154
0.08154
0.08154
0.08167
0.08173
0.08179
0.08179
0.08179
0.08179
0.08191
0.08191
0.08191
0.08203
0.08203
0.08215
0.08215
0.08221
0.08228
0.08228
0.08228
0.08228
0.08228
0.08240
0.08252
0.08252
0.08252
0.08276
0.08276
0.08276
0.08276
0.08286
0.08292
0.08298
0.08298
0.08301
0.08313
0.08313
0.08325
0.08337
0.08344
0.08350
0.08350
0.08350
0.08350
0.08350
0.08350
0.08350
0.08350
0.08356
0.08362
0.08365
0.08368
0.08374
0.08374
0.08374
0.08398
0.08398
0.08398
0.08398
0.08398
0.08411
0.08423
0.08423
0.08435
0.08441
0.08441
0.08447
0.08447
0.08447
0.08447
0.08447
0.08447
0.08456
0.08459
0.08472
0.08472
0.08472
0.08478
0.08484
0.08496
0.08496
0.08496
0.08502
0.08502
0.08502
0.08521
0.08521
0.08521
0.08521
0.08521
0.08521
0.08521
0.08533
0.08533
0.08539
0.08545
0.08557
0.08557
0.08558
0.08569
0.08569
0.08582
0.08588
0.08594
0.08594
0.08594
0.08594
0.08618
0.08618
0.08618
0.08630
0.08630
0.08655
0.08661
0.08667
0.08667
0.08667
0.08667
0.08679
0.08685
0.08691
0.08691
0.08691
0.08691
0.08691
0.08704
0.08716
0.08716
0.08717
0.08728
0.08733
0.08740
0.08765
0.08765
0.08765
0.08777
0.08783
0.08786
0.08789
0.08789
0.08789
0.08789
0.08789
0.08789
0.08789
0.08789
0.08801
0.08813
0.08813
0.08813
0.08813
0.08838
0.08838
0.08850
0.08862
0.08862
0.08862
0.08868
0.08887
0.08887
0.08887
0.08887
0.08896
0.08899
0.08905
0.08911
0.08923
0.08936
0.08959
0.08960
0.08960
0.08960
0.08960
0.08960
0.08972
0.08972
0.08978
0.08984
0.08984
0.08984
0.08984
0.08984
0.08984
0.08997
0.08997
0.08997
0.09005
0.09009
0.09009
0.09009
0.09021
0.09027
0.09033
0.09033
0.09033
0.09033
0.09033
0.09042
0.09045
0.09048
0.09058
0.09058
0.09058
0.09058
0.09070
0.09070
0.09082
0.09082
0.09082
0.09082
0.09082
0.09082
0.09094
0.09094
0.09094
0.09106
0.09106
0.09106
0.09106
0.09119
0.09119
0.09119
0.09131
0.09131
0.09131
0.09131
0.09137
0.09155
0.09167
0.09167
0.09180
0.09180
0.09201
0.09204
0.09204
0.09204
0.09210
0.09216
0.09216
0.09216
0.09216
0.09219
0.09228
0.09229
0.09229
0.09229
0.09229
0.09229
0.09232
0.09253
0.09253
0.09253
0.09253
0.09265
0.09265
0.09277
0.09277
0.09282
0.09293
0.09302
0.09302
0.09302
0.09302
0.09314
0.09326
0.09326
0.09326
0.09332
0.09338
0.09351
0.09351
0.09363
0.09363
0.09363
0.09375
0.09387
0.09393
0.09399
0.09409
0.09412
0.09412
0.09424
0.09424
0.09424
0.09448
0.09448
0.09454
0.09460
0.09470
0.09473
0.09473
0.09473
0.09473
0.09473
0.09482
0.09485
0.09497
0.09497
0.09521
0.09521
0.09521
0.09521
0.09521
0.09546
0.09546
0.09546
0.09546
0.09552
0.09558
0.09570
0.09570
0.09570
0.09595
0.09595
0.09595
0.09595
0.09607
0.09619
0.09636
0.09637
0.09644
0.09644
0.09644
0.09644
0.09656
0.09668
0.09668
0.09680
0.09686
0.09686
0.09692
0.09692
0.09692
0.09698
0.09705
0.09710
0.09717
0.09717
0.09717
0.09717
0.09717
0.09741
0.09747
0.09753
0.09756
0.09766
0.09766
0.09781
0.09790
0.09790
0.09790
0.09790
0.09790
0.09802
0.09808
0.09827
0.09827
0.09833
0.09839
0.09851
0.09860
0.09863
0.09875
0.09875
0.09878
0.09888
0.09900
0.09912
0.09912
0.09912
0.09917
0.09935
0.09937
0.09937
0.09937
0.09937
0.09937
0.09955
0.09961
0.09961
0.09961
0.09967
0.09985
0.09985
0.09998
0.09998
0.10001
0.10010
0.10010
0.10010
0.10028
0.10034
0.10034
0.10040
0.10049
0.10059
0.10059
0.10071
0.10083
0.10083
0.10083
0.10089
0.10095
0.10107
0.10107
0.10107
0.10107
0.10107
0.10107
0.10107
0.10126
0.10126
0.10132
0.10141
0.10144
0.10144
0.10156
0.10156
0.10162
0.10175
0.10181
0.10181
0.10193
0.10199
0.10205
0.10205
0.10229
0.10229
0.10229
0.10229
0.10233
0.10236
0.10242
0.10242
0.10254
0.10258
0.10266
0.10266
0.10278
0.10284
0.10291
0.10300
0.10312
0.10327
0.10327
0.10336
0.10339
0.10352
0.10352
0.10352
0.10352
0.10376
0.10376
0.10376
0.10376
0.10376
0.10376
0.10388
0.10397
0.10400
0.10400
0.10400
0.10400
0.10400
0.10400
0.10400
0.10400
0.10400
0.10400
0.10413
0.10419
0.10425
0.10437
0.10449
0.10449
0.10449
0.10449
0.10449
0.10474
0.10474
0.10474
0.10474
0.10474
0.10498
0.10498
0.10501
0.10510
0.10510
0.10519
0.10522
0.10522
0.10522
0.10522
0.10522
0.10535
0.10535
0.10547
0.10547
0.10559
0.10559
0.10568
0.10571
0.10571
0.10577
0.10583
0.10608
0.10608
0.10617
0.10620
0.10620
0.10620
0.10620
0.10645
0.10645
0.10645
0.10645
0.10657
0.10657
0.10660
0.10669
0.10681
0.10693
0.10693
0.10693
0.10693
0.10693
0.10693
0.10693
0.10709
0.10718
0.10718
0.10718
0.10742
0.10742
0.10742
0.10742
0.10754
0.10756
0.10767
0.10767
0.10767
0.10767
0.10767
0.10767
0.10767
0.10781
0.10791
0.10791
0.10791
0.10791
0.10803
0.10815
0.10815
0.10822
0.10840
0.10840
0.10847
0.10852
0.10854
0.10864
0.10864
0.10867
0.10876
0.10876
0.10889
0.10889
0.10913
0.10913
0.10913
0.10913
0.10919
0.10938
0.10950
0.10974
0.10986
0.10986
0.10999
0.11005
0.11011
0.11012
0.11017
0.11023
0.11047
0.11060
0.11060
0.11060
0.11060
0.11084
0.11084
0.11084
0.11084
0.11084
0.11087
0.11096
0.11108
0.11108
0.11108
0.11108
0.11108
0.11108
0.11111
0.11111
0.11133
0.11133
0.11145
0.11157
0.11157
0.11157
0.11157
0.11171
0.11181
0.11182
0.11182
0.11188
0.11200
0.11218
0.11230
0.11230
0.11230
0.11261
0.11279
0.11279
0.11279
0.11292
0.11304
0.11304
0.11304
0.11316
0.11316
0.11328
0.11328
0.11328
0.11340
0.11365
0.11365
0.11377
0.11383
0.11389
0.11395
0.11401
0.11401
0.11401
0.11414
0.11426
0.11438
0.11441
0.11462
0.11464
0.11487
0.11499
0.11499
0.11523
0.11523
0.11523
0.11523
0.11536
0.11548
0.11548
0.11548
0.11548
0.11572
0.11572
0.11591
0.11597
0.11597
0.11597
0.11609
0.11609
0.11609
0.11621
0.11670
0.11682
0.11694
0.11694
0.11694
0.11694
0.11707
0.11725
0.11731
0.11743
0.11768
0.11768
0.11768
0.11768
0.11786
0.11786
0.11792
0.11798
0.11798
0.11816
0.11816
0.11816
0.11853
0.11853
0.11865
0.11877
0.11890
0.11890
0.11890
0.11902
0.11914
0.11938
0.11942
0.11951
0.11957
0.11963
0.11963
0.11966
0.11987
0.11987
0.11987
0.11987
0.11993
0.12012
0.12012
0.12024
0.12036
0.12061
0.12061
0.12064
0.12081
0.12109
0.12109
0.12109
0.12140
0.12146
0.12158
0.12158
0.12158
0.12166
0.12201
0.12207
0.12207
0.12207
0.12207
0.12207
0.12207
0.12207
0.12207
0.12231
0.12244
0.12256
0.12256
0.12256
0.12280
0.12280
0.12280
0.12280
0.12280
0.12292
0.12293
0.12305
0.12305
0.12305
0.12305
0.12329
0.12347
0.12354
0.12354
0.12366
0.12378
0.12378
0.12392
0.12402
0.12415
0.12427
0.12427
0.12440
0.12451
0.12463
0.12463
0.12466
0.12476
0.12498
0.12500
0.12509
0.12537
0.12537
0.12549
0.12549
0.12549
0.12549
0.12549
0.12573
0.12598
0.12622
0.12642
0.12659
0.12671
0.12671
0.12671
0.12674
0.12695
0.12695
0.12695
0.12701
0.12704
0.12720
0.12720
0.12726
0.12744
0.12744
0.12756
0.12756
0.12756
0.12769
0.12769
0.12769
0.12769
0.12793
0.12793
0.12793
0.12805
0.12817
0.12817
0.12820
0.12830
0.12836
0.12842
0.12860
0.12866
0.12872
0.12875
0.12878
0.12891
0.12915
0.12915
0.12939
0.12964
0.12964
0.13013
0.13013
0.13037
0.13037
0.13037
0.13062
0.13074
0.13074
0.13086
0.13086
0.13086
0.13098
0.13110
0.13135
0.13135
0.13147
0.13147
0.13159
0.13159
0.13159
0.13159
0.13184
0.13184
0.13184
0.13208
0.13208
0.13226
0.13232
0.13232
0.13257
0.13257
0.13263
0.13281
0.13281
0.13306
0.13306
0.13318
0.13330
0.13342
0.13354
0.13367
0.13379
0.13391
0.13403
0.13403
0.13403
0.13428
0.13434
0.13440
0.13440
0.13452
0.13452
0.13464
0.13501
0.13501
0.13501
0.13544
0.13550
0.13550
0.13574
0.13574
0.13580
0.13599
0.13599
0.13629
0.13646
0.13657
0.13660
0.13672
0.13672
0.13684
0.13692
0.13721
0.13721
0.13733
0.13745
0.13770
0.13770
0.13770
0.13770
0.13818
0.13843
0.13843
0.13843
0.13849
0.13855
0.13879
0.13892
0.13892
0.13892
0.13892
0.13904
0.13921
0.13940
0.13950
0.13965
0.13965
0.13965
0.13971
0.13983
0.14011
0.14014
0.14037
0.14050
0.14050
0.14059
0.14062
0.14075
0.14079
0.14087
0.14087
0.14099
0.14111
0.14111
0.14142
0.14160
0.14160
0.14191
0.14209
0.14209
0.14221
0.14227
0.14258
0.14282
0.14294
0.14307
0.14314
0.14319
0.14328
0.14331
0.14352
0.14368
0.14380
0.14380
0.14380
0.14380
0.14392
0.14417
0.14478
0.14478
0.14478
0.14502
0.14502
0.14526
0.14526
0.14539
0.14551
0.14551
0.14551
0.14590
0.14612
0.14642
0.14648
0.14648
0.14697
0.14722
0.14722
0.14722
0.14807
0.14819
0.14868
0.14880
0.14893
0.14917
0.14929
0.14941
0.14948
0.14966
0.14990
0.14990
0.15015
0.15027
0.15063
0.15067
0.15088
0.15094
0.15097
0.15100
0.15100
0.15112
0.15112
0.15137
0.15137
0.15137
0.15149
0.15182
0.15186
0.15186
0.15192
0.15210
0.15210
0.15247
0.15259
0.15259
0.15259
0.15271
0.15283
0.15308
0.15308
0.15308
0.15332
0.15369
0.15381
0.15381
0.15396
0.15405
0.15405
0.15430
0.15442
0.15454
0.15454
0.15466
0.15466
0.15479
0.15503
0.15503
0.15521
0.15524
0.15536
0.15552
0.15570
0.15576
0.15601
0.15613
0.15662
0.15662
0.15674
0.15674
0.15674
0.15698
0.15698
0.15720
0.15723
0.15723
0.15747
0.15747
0.15759
0.15771
0.15778
0.15784
0.15790
0.15796
0.15820
0.15820
0.15839
0.15845
0.15869
0.15869
0.15875
0.15878
0.15894
0.15894
0.15924
0.15924
0.15991
0.16028
0.16034
0.16040
0.16040
0.16064
0.16071
0.16113
0.16113
0.16113
0.16138
0.16148
0.16150
0.16162
0.16162
0.16162
0.16190
0.16205
0.16211
0.16248
0.16284
0.16290
0.16327
0.16354
0.16357
0.16357
0.16357
0.16370
0.16400
0.16406
0.16406
0.16406
0.16406
0.16455
0.16467
0.16504
0.16504
0.16516
0.16522
0.16553
0.16553
0.16568
0.16577
0.16577
0.16580
0.16597
0.16602
0.16602
0.16626
0.16632
0.16663
0.16675
0.16675
0.16675
0.16682
0.16699
0.16748
0.16760
0.16772
0.16785
0.16791
0.16797
0.16821
0.16846
0.16846
0.16870
0.16872
0.16882
0.16895
0.16919
0.16919
0.16919
0.16931
0.16943
0.16968
0.16968
0.16968
0.16992
0.16992
0.16992
0.17004
0.17065
0.17065
0.17065
0.17090
0.17139
0.17139
0.17139
0.17151
0.17162
0.17175
0.17175
0.17181
0.17212
0.17261
0.17261
0.17261
0.17273
0.17276
0.17285
0.17285
0.17287
0.17293
0.17297
0.17297
0.17303
0.17322
0.17334
0.17340
0.17358
0.17383
0.17383
0.17432
0.17444
0.17444
0.17450
0.17456
0.17505
0.17505
0.17505
0.17566
0.17590
0.17599
0.17603
0.17615
0.17651
0.17676
0.17712
0.17722
0.17737
0.17737
0.17749
0.17773
0.17798
0.17822
0.17834
0.17847
0.17871
0.17896
0.17896
0.17920
0.17923
0.17932
0.17944
0.17969
0.17969
0.17981
0.17996
0.18001
0.18005
0.18018
0.18054
0.18079
0.18079
0.18091
0.18091
0.18127
0.18140
0.18140
0.18140
0.18146
0.18152
0.18213
0.18213
0.18225
0.18237
0.18262
0.18274
0.18304
0.18311
0.18323
0.18347
0.18359
0.18457
0.18457
0.18469
0.18469
0.18481
0.18494
0.18530
0.18530
0.18552
0.18561
0.18567
0.18573
0.18579
0.18591
0.18597
0.18604
0.18613
0.18628
0.18677
0.18726
0.18762
0.18799
0.18860
0.18872
0.18884
0.18909
0.18921
0.18933
0.18945
0.18945
0.18970
0.18970
0.18994
0.19043
0.19080
0.19089
0.19116
0.19135
0.19141
0.19183
0.19214
0.19214
0.19238
0.19257
0.19263
0.19287
0.19313
0.19348
0.19385
0.19409
0.19482
0.19482
0.19531
0.19543
0.19586
0.19604
0.19629
0.19666
0.19678
0.19720
0.19727
0.19727
0.19727
0.19751
0.19800
0.19800
0.19800
0.19812
0.19836
0.19849
0.19849
0.19861
0.19873
0.19873
0.19885
0.19922
0.19922
0.19965
0.19995
0.19995
0.19995
0.20020
0.20020
0.20044
0.20055
0.20056
0.20068
0.20093
0.20099
0.20105
0.20105
0.20129
0.20129
0.20135
0.20190
0.20190
0.20215
0.20227
0.20239
0.20264
0.20264
0.20270
0.20288
0.20291
0.20312
0.20314
0.20349
0.20374
0.20386
0.20422
0.20459
0.20490
0.20532
0.20544
0.20544
0.20569
0.20581
0.20605
0.20630
0.20642
0.20642
0.20642
0.20654
0.20654
0.20667
0.20728
0.20740
0.20752
0.20776
0.20813
0.20825
0.20834
0.20844
0.20847
0.20874
0.20898
0.20898
0.20898
0.20917
0.20923
0.20947
0.20996
0.21021
0.21045
0.21065
0.21069
0.21069
0.21069
0.21143
0.21167
0.21216
0.21228
0.21240
0.21265
0.21265
0.21289
0.21311
0.21313
0.21326
0.21338
0.21436
0.21461
0.21484
0.21521
0.21570
0.21582
0.21582
0.21625
0.21643
0.21655
0.21692
0.21706
0.21765
0.21771
0.21826
0.21826
0.21838
0.21851
0.21857
0.21875
0.21912
0.21948
0.21976
0.21997
0.22000
0.22009
0.22034
0.22034
0.22095
0.22099
0.22131
0.22144
0.22156
0.22156
0.22180
0.22205
0.22205
0.22221
0.22226
0.22229
0.22241
0.22339
0.22345
0.22363
0.22365
0.22388
0.22388
0.22398
0.22412
0.22421
0.22424
0.22437
0.22461
0.22485
0.22491
0.22522
0.22534
0.22534
0.22559
0.22565
0.22583
0.22583
0.22583
0.22607
0.22632
0.22632
0.22656
0.22659
0.22662
0.22681
0.22693
0.22754
0.22754
0.22765
0.22770
0.22852
0.22864
0.22876
0.22891
0.22949
0.23004
0.23022
0.23047
0.23058
0.23083
0.23180
0.23181
0.23199
0.23254
0.23267
0.23291
0.23315
0.23315
0.23326
0.23364
0.23364
0.23413
0.23438
0.23438
0.23584
0.23602
0.23633
0.23779
0.23779
0.23877
0.23901
0.23972
0.23999
0.24023
0.24133
0.24146
0.24170
0.24170
0.24170
0.24194
0.24268
0.24341
0.24365
0.24390
0.24414
0.24426
0.24438
0.24475
0.24478
0.24512
0.24512
0.24536
0.24609
0.24634
0.24634
0.24640
0.24649
0.24673
0.24683
0.24701
0.24707
0.24756
0.24829
0.24878
0.24893
0.24976
0.24994
0.25000
0.25052
0.25073
0.25110
0.25140
0.25146
0.25171
0.25244
0.25275
0.25287
0.25293
0.25317
0.25366
0.25415
0.25439
0.25464
0.25476
0.25500
0.25513
0.25537
0.25574
0.25598
0.25598
0.25610
0.25684
0.25684
0.25708
0.25757
0.25781
0.25903
0.25908
0.25928
0.25928
0.25971
0.25977
0.26025
0.26062
0.26062
0.26099
0.26129
0.26147
0.26184
0.26184
0.26196
0.26196
0.26208
0.26245
0.26270
0.26270
0.26294
0.26367
0.26367
0.26392
0.26398
0.26404
0.26440
0.26497
0.26501
0.26501
0.26526
0.26550
0.26562
0.26562
0.26599
0.26685
0.26709
0.26733
0.26775
0.26831
0.26863
0.26904
0.26929
0.26929
0.27002
0.27112
0.27118
0.27136
0.27173
0.27246
0.27295
0.27429
0.27454
0.27463
0.27509
0.27539
0.27634
0.27673
0.27710
0.27710
0.27783
0.27795
0.27808
0.27808
0.27832
0.27893
0.27930
0.28027
0.28149
0.28198
0.28223
0.28271
0.28345
0.28357
0.28369
0.28369
0.28400
0.28401
0.28418
0.28436
0.28442
0.28442
0.28467
0.28491
0.28577
0.28613
0.28638
0.28650
0.28687
0.28784
0.28784
0.28839
0.28882
0.28918
0.28955
0.28955
0.29053
0.29077
0.29077
0.29199
0.29199
0.29272
0.29297
0.29297
0.29346
0.29395
0.29473
0.29596
0.29736
0.29749
0.29810
0.29813
0.29883
0.29941
0.29993
0.30054
0.30103
0.30127
0.30151
0.30176
0.30270
0.30371
0.30457
0.30634
0.30667
0.30786
0.30923
0.30933
0.30981
0.31030
0.31042
0.31079
0.31091
0.31152
0.31158
0.31226
0.31238
0.31250
0.31274
0.31364
0.31396
0.31421
0.31458
0.31470
0.31506
0.31543
0.31659
0.31787
0.31812
0.31836
0.31946
0.32104
0.32153
0.32227
0.32318
0.32339
0.32422
0.32532
0.32642
0.32788
0.32849
0.32910
0.32935
0.32959
0.33032
0.33142
0.33142
0.33215
0.33252
0.33276
0.33344
0.33398
0.33521
0.33569
0.33716
0.33789
0.33789
0.33801
0.33817
0.34082
0.34155
0.34180
0.34180
0.34399
0.34399
0.34479
0.34521
0.34570
0.34607
0.34656
0.34674
0.34741
0.34741
0.34753
0.34851
0.35010
0.35097
0.35254
0.35388
0.35400
0.35449
0.35571
0.35620
0.35693
0.35852
0.36279
0.36304
0.36356
0.36401
0.36536
0.36646
0.36743
0.36841
0.37329
0.37378
0.37463
0.37720
0.37793
0.37842
0.37952
0.37988
0.38026
0.38040
0.38184
0.38330
0.38440
0.38464
0.38525
0.38550
0.38599
0.38770
0.38843
0.38928
0.38977
0.39062
0.39087
0.39307
0.39682
0.39697
0.40234
0.40234
0.40552
0.40723
0.41016
0.41309
0.41357
0.41376
0.41409
0.41602
0.41638
0.41730
0.41852
0.41875
0.41968
0.41992
0.42285
0.42761
0.42822
0.42981
0.43042
0.43164
0.43347
0.43562
0.43774
0.43799
0.43925
0.44348
0.44360
0.44745
0.44763
0.45020
0.45142
0.45654
0.45728
0.46143
0.46240
0.46313
0.46436
0.46606
0.46753
0.47070
0.47791
0.47998
0.48071
0.49069
0.49390
0.50171
0.50452
0.50610
0.51691
0.51904
0.53174
0.53516
0.53735
0.54199
0.54602
0.55078
0.56042
0.57080
0.57349
0.57788
0.58105
0.59131
0.59521
0.59521
0.59534
0.60193
0.61096
0.63043
0.64075
0.64575
0.64615
0.64954
0.65039
0.65747
0.66602
0.66605
0.67090
0.67102
0.69060
0.74902
0.76111
0.77496
0.78375
0.84363
0.84471
