1 xxx 24.27119268954256972059 1843.3 75.946
2 xxx 292397.66081871345029239766 50000 .171
3 xxx 2.28838115143454303629 192.7 84.208
4 xxx 247.12467706439575160271 18078.9 73.157
7 xxx 5.31948378973874724582 270.4 50.832
10 xxx 3.96080775528237648465 152.4 38.477
12 xxx .30581039755351681957 0.1 .327
13 xxx 224.87976455387265810063 3132.8 13.931
15 xxx 20.17190437818963201719 75.1 3.723
17 xxx 8.47778691161228063905 237.2 27.979
18 xxx 25.24880822948900225809 603.8 23.914
19 xxx 26.39901869778543959687 2388.9 90.492
21 xxx 3557.95915462890486017220 50000 14.053
22 xxx 238.77490283953643079724 13639.3 57.122
24 xxx 2.08207147183525136281 27.5 13.208
27 xxx 19485.58067030397505845674 50000 2.566
28 xxx 1071.03076000342729843201 50000 46.684
29 xxx 299.10209550928113802365 50000 167.167
31 xxx 68.20667414469994391475 972.9 14.264
34 xxx .00704225352112676056 0.001 .142
36 xxx 31.80134290344987265570 824.1 25.914
37 xxx .00819672131147540983 0.001 .122
38 xxx 9.55074875207986688851 172.2 18.030
40 xxx 34.29189802905852507583 1933.0 56.369
42 xxx 6.80113933616229727373 1755.0 258.045
43 xxx 13.25227177182032791126 409.8 30.923
44 xxx 16.67745215863917906998 721.6 43.268
45 xxx 215.99707815924032140248 295.7 1.369
46 xxx 2123.40000000000000000000 2123.4 1.000
47 xxx 30.29545454545454545454 399.9 13.200
48 xxx 71.74635561542078793627 9001.8 125.467
49 xxx 32.05082950935404165195 635.6 19.831
50 xxx 5.07491123235472417078 58.6 11.547
51 xxx 9.36447785301608995464 1507.4 160.970
52 xxx 23.15590043790983141605 2041.1 88.146
53 xxx .98374679213002566295 2.3 2.338
54 xxx 242.02423845397969210612 738.9 3.053
55 xxx 54.59788326256416756448 861.5 15.779
56 xxx 36.80552988577976564521 1991.4 54.106
59 xxx 2.99482333321752423305 86.2 28.783
61 xxx 84.26892621173147727845 1670.8 19.827
62 xxx 14.28717738631708316263 3208.5 224.572
64 xxx 11.43406417357074197830 249.8 21.847
65 xxx 48.33430932396382328062 2971.4 61.476
67 xxx 117.57780839682282379640 5802.7 49.352
68 xxx 313.44163066261710228001 29309.3 93.508
69 xxx 64.27915518824609733700 70.0 1.089
71 xxx 4792.98718813216453135536 7108.0 1.483
72 xxx 28.37970163009043257876 3941.6 138.888
78 xxx 4.78897085500060466803 79.2 16.538
79 xxx 72.25926913843691651106 270.9 3.749
80 xxx 19.92900054614964500273 364.9 18.310
