1 xxx 8.46180180654675690622 642.64 75.946
2 xxx 28.12865497076023391812 4.81 .171
3 xxx 19.59991924757742732281 1650.47 84.208
4 xxx 77.27134792296020886586 5652.94 73.157
7 xxx 4.51841359773371104815 229.68 50.832
10 xxx 3.06026977155183616186 117.75 38.477
12 xxx 922.44648318042813455657 301.64 .327
13 xxx 117.73454884789318785442 1640.16 13.931
15 xxx 37.83776524308353478377 140.87 3.723
17 xxx 9.69727295471603702777 271.32 27.979
18 xxx 22.70218282177803796939 542.90 23.914
19 xxx 14.81036997745657074658 1340.22 90.492
21 xxx 19.38233829075642211627 272.38 14.053
22 xxx 51.80438360001400511186 2959.17 57.122
24 xxx .58222289521502119927 7.69 13.208
27 xxx 8.03975058456742010911 20.63 2.566
28 xxx 8.05650758289778082426 376.11 46.684
29 xxx 8.32508808556712748329 1391.68 167.167
31 xxx 25.17035894559730790802 359.03 14.264
34 xxx 352112.67605633802816901408 50000 .142
36 xxx 12.06336343289341668596 312.61 25.914
37 xxx 16253.44262295081967213114 1982.92 .122
38 xxx 3.54187465335551858014 63.86 18.030
40 xxx 23.43397966967659529173 1320.95 56.369
42 xxx 4.80354201786510104826 1239.53 258.045
43 xxx 1.62856126507777382530 50.36 30.923
44 xxx 7.71748174170287510400 333.92 43.268
45 xxx 2.00876552227903579254 2.75 1.369
46 xxx 400.53000000000000000000 400.53 1.000
47 xxx 27.74393939393939393939 366.22 13.200
48 xxx 241.84319382785911833390 30343.34 125.467
49 xxx 27.58509404467752508698 547.04 19.831
50 xxx 2.65696717762189313241 30.68 11.547
51 xxx 2.20867242343293781449 355.53 160.970
52 xxx 208.20593106890840196945 18352.52 88.146
53 xxx .55603079555175363558 1.30 2.338
54 xxx 2.63019980347199475925 8.03 3.053
55 xxx 103.76196210152734647316 1637.26 15.779
56 xxx 10.05507707093483162680 544.04 54.106
59 xxx 2.22075530695202028975 63.92 28.783
61 xxx 79.86432642356382710445 1583.47 19.827
62 xxx 2.47145681563151238800 555.02 224.572
64 xxx 4.23811049572023618803 92.59 21.847
65 xxx 1.34751773049645390070 82.84 61.476
67 xxx 714.86930620846166315448 35280.23 49.352
68 xxx 15.61342345039996577832 1459.98 93.508
69 xxx 67.45638200183654729109 73.46 1.089
71 xxx 33715.44167228590694538098 50000 1.483
72 xxx 1.11046310696388456886 154.23 138.888
78 xxx 2.58314185512153827548 42.72 16.538
79 xxx 11.30701520405441451053 42.39 3.749
80 xxx 25.56526488257782632441 468.10 18.310
