.087 1
.107 2
.146 3
.231 4
.295 5
.654 6
.732 7
.807 8
.976 9
1.900 10
2.019 11
2.398 12
3.008 13
3.592 14
3.658 15
4.061 16
5.000 17
5.904 18
8.126 19
9.151 20
9.198 21
9.336 22
9.397 23
9.522 24
11.054 25
11.298 26
11.660 27
11.890 28
12.017 29
12.654 30
12.687 31
13.620 32
13.750 33
13.928 34
14.859 35
16.233 36
16.775 37
18.282 38
19.176 39
20.049 40
20.503 41
20.526 42
21.068 43
23.505 44
27.352 45
34.025 46
48.241 47
52.202 48
55.867 49
59.507 50
60.381 51
61.966 52
65.304 53
66.657 54
67.961 55
79.450 56
90.542 57
101.708 58
102.595 59
134.898 60
196.505 61
215.374 62
227.196 63
237.823 64
276.838 65
