0.0 1
0.0 2
0.1 3
2.3 4
27.5 5
58.6 6
70.0 7
75.1 8
79.2 9
86.2 10
152.4 11
172.2 12
192.7 13
237.2 14
249.8 15
270.4 16
270.9 17
295.7 18
364.9 19
369.9 20
399.9 21
409.8 22
603.8 23
635.6 24
721.6 25
738.9 26
824.1 27
861.5 28
972.9 29
1507.4 30
1670.8 31
1749.9 32
1753.8 33
1755.0 34
1843.3 35
1933.0 36
1991.4 37
2041.1 38
2123.4 39
2388.9 40
2457.7 41
2971.4 42
3132.8 43
3208.5 44
3364.3 45
3941.6 46
5802.7 47
7108.0 48
8594.0 49
9001.8 50
13639.3 51
18078.9 52
18362.1 53
29309.3 54
37759.4 55
