2 xxx 1.59271523178807947019 4.81 3.02
3 xxx 10.42489893885800909550 1650.47 158.32
7 xxx 1.60044596195387081039 229.68 143.51
10 xxx 1.47390161472024033045 117.75 79.89
12 xxx 271.74774774774774774774 301.64 1.11
13 xxx 36.27067669172932330827 1640.16 45.22
15 xxx 9.27386438446346280447 140.87 15.19
17 xxx 2.22211302211302211302 271.32 122.10
18 xxx 4.03013881671739291812 542.90 134.71
21 xxx 6.55863231398988682879 272.38 41.53
24 xxx .24782468578794714792 7.69 31.03
27 xxx .70796156485929993136 20.63 29.14
31 xxx 16.16524088248536695182 359.03 22.21
34 xxx 49019.60784313725490196078 50000 1.02
36 xxx 1.57122034579815038198 312.61 198.96
37 xxx 1944.03921568627450980392 1982.92 1.02
38 xxx 1.41189476011496794163 63.86 45.23
40 xxx 9.98525965681457404187 1320.95 132.29
43 xxx .47211024655479516265 50.36 106.67
44 xxx 1.26696008499013507360 333.92 263.56
45 xxx .12432188065099457504 2.75 22.12
46 xxx 7.20377697841726618705 400.53 55.60
47 xxx 4.01953682361980024146 366.22 91.11
49 xxx 4.26242792582203521894 547.04 128.34
50 xxx .84541195921741526591 30.68 36.29
53 xxx .29279279279279279279 1.30 4.44
54 xxx .03252592352559948152 8.03 246.88
55 xxx 11.02160888589700437563 1637.26 148.55
59 xxx .81385281385281385281 63.92 78.54
61 xxx 7.61686468805618355861 1583.47 207.89
64 xxx 1.10965963566634707574 92.59 83.44
65 xxx .28954910870325061167 82.84 286.10
67 xxx 127.57731250452014175164 35280.23 276.54
69 xxx 35.14832535885167464114 73.46 2.09
78 xxx .90431837425910245554 42.72 47.24
80 xxx 4.53849137095210393639 468.10 103.14
